Begin IJ Block
1   1   -1.9151402766
2   2   -1.7790847932
2   3   -0.0000000131
3   3   -1.7739982894

End IJ Block
Begin IA Block
1   3   0.0021198314
1   6   -0.0000000667
1   7   -0.0998640266

End IA Block
Begin AB Block
1   1   -1.3831003142
1   2   -0.0000000252
2   2   -1.3930480027
3   3   -0.9469121177
3   6   0.0000001129
3   7   -0.0161374623
4   4   -0.8571978187
4   5   0.0000000732
5   5   -0.8342615368
6   6   -0.7840032729
6   7   -0.0000000088
7   7   -0.7970812671

End AB Block
Begin IJKL Block
1   4   1   4   0.2912596863
1   4   2   5   0.0024065498
1   4   2   6   -0.0000000040
1   4   3   5   -0.0000000040
1   4   3   6   0.0039652336
1   5   1   5   0.2742994649
1   5   1   6   0.0000000054
1   5   2   4   0.0043913772
1   5   3   4   -0.0000000025
1   6   1   5   0.0000000054
1   6   1   6   0.2721878476
1   6   2   4   -0.0000000025
1   6   3   4   0.0053783480
2   4   1   5   0.0043913772
2   4   1   6   -0.0000000025
2   4   2   4   0.2742994649
2   4   3   4   0.0000000054
2   5   1   4   0.0024065498
2   5   2   5   0.3150541362
2   5   2   6   -0.0000000000
2   5   3   5   -0.0000000000
2   5   3   6   0.0191526938
2   6   1   4   -0.0000000040
2   6   2   5   -0.0000000000
2   6   2   6   0.2732088084
2   6   3   5   0.0227004782
2   6   3   6   -0.0000000000
3   4   1   5   -0.0000000025
3   4   1   6   0.0053783480
3   4   2   4   0.0000000054
3   4   3   4   0.2721878476
3   5   1   4   -0.0000000040
3   5   2   5   -0.0000000000
3   5   2   6   0.0227004782
3   5   3   5   0.2732088084
3   5   3   6   -0.0000000000
3   6   1   4   0.0039652336
3   6   2   5   0.0191526938
3   6   2   6   -0.0000000000
3   6   3   5   -0.0000000000
3   6   3   6   0.3150661503

End IJKL Block
Begin IJAB Block
1   4   1   8   0.0037741220
1   4   1   9   0.0000000029
1   4   2   8   0.0000000029
1   4   2   9   0.0049229038
1   4   3   10   0.0078984342
1   4   3   13   -0.0000000153
1   4   3   14   0.0020741324
1   4   4   11   0.0087204830
1   4   4   12   -0.0000000132
1   4   5   11   -0.0000000132
1   4   5   12   0.0045818064
1   4   6   10   -0.0000000153
1   4   6   13   0.0032540134
1   4   6   14   0.0000000051
1   4   7   10   0.0020741324
1   4   7   13   0.0000000051
1   4   7   14   0.0102423749
1   5   1   11   0.0000000002
1   5   1   12   -0.0009923479
1   5   2   11   0.0027520145
1   5   2   12   -0.0000000053
1   5   4   8   0.0000000009
1   5   4   9   0.0058019671
1   5   5   8   -0.0031442535
1   5   5   9   -0.0000000073
1   6   1   11   0.0014085268
1   6   1   12   -0.0000000080
1   6   2   11   0.0000000023
1   6   2   12   -0.0003879123
1   6   4   8   0.0014673657
1   6   4   9   0.0000000073
1   6   5   8   -0.0000000159
1   6   5   9   -0.0012341573
2   4   1   11   0.0000000009
2   4   1   12   -0.0031442535
2   4   2   11   0.0058019671
2   4   2   12   -0.0000000073
2   4   4   8   0.0000000002
2   4   4   9   0.0027520145
2   4   5   8   -0.0009923479
2   4   5   9   -0.0000000053
2   5   1   8   0.0330361309
2   5   1   9   -0.0000000011
2   5   2   8   -0.0000000011
2   5   2   9   0.0594091649
2   5   3   10   0.0020945145
2   5   3   13   -0.0000000024
2   5   3   14   0.0012781464
2   5   4   11   0.0024530237
2   5   4   12   -0.0000000011
2   5   5   11   -0.0000000011
2   5   5   12   0.0006956514
2   5   6   10   -0.0000000024
2   5   6   13   0.0014039618
2   5   6   14   -0.0000000041
2   5   7   10   0.0012781464
2   5   7   13   -0.0000000041
2   5   7   14   0.0035313240
2   6   1   8   -0.0000000010
2   6   1   9   0.0355462948
2   6   2   8   -0.0092052599
2   6   2   9   0.0000000013
2   6   3   10   -0.0000000000
2   6   3   13   -0.0012729953
2   6   3   14   -0.0000000023
2   6   4   11   -0.0000000011
2   6   4   12   -0.0010131088
2   6   5   11   -0.0007416821
2   6   5   12   0.0000000010
2   6   6   10   -0.0012730058
2   6   6   13   -0.0000000041
2   6   6   14   0.0009540091
2   6   7   10   -0.0000000023
2   6   7   13   0.0011675412
2   6   7   14   0.0000000040
3   4   1   11   0.0014673657
3   4   1   12   -0.0000000159
3   4   2   11   0.0000000073
3   4   2   12   -0.0012341573
3   4   4   8   0.0014085268
3   4   4   9   0.0000000023
3   4   5   8   -0.0000000080
3   4   5   9   -0.0003879123
3   5   1   8   -0.0000000010
3   5   1   9   -0.0092052599
3   5   2   8   0.0355462948
3   5   2   9   0.0000000013
3   5   3   10   -0.0000000000
3   5   3   13   -0.0012730058
3   5   3   14   -0.0000000023
3   5   4   11   -0.0000000011
3   5   4   12   -0.0007416821
3   5   5   11   -0.0010131088
3   5   5   12   0.0000000010
3   5   6   10   -0.0012729953
3   5   6   13   -0.0000000041
3   5   6   14   0.0011675412
3   5   7   10   -0.0000000023
3   5   7   13   0.0009540091
3   5   7   14   0.0000000040
3   6   1   8   0.0593350930
3   6   1   9   0.0000000012
3   6   2   8   0.0000000012
3   6   2   9   0.0330278018
3   6   3   10   0.0021037857
3   6   3   13   0.0000000023
3   6   3   14   -0.0012662658
3   6   4   11   0.0007198219
3   6   4   12   0.0000000010
3   6   5   11   0.0000000010
3   6   5   12   0.0024670781
3   6   6   10   0.0000000023
3   6   6   13   0.0035290260
3   6   6   14   0.0000000041
3   6   7   10   -0.0012662658
3   6   7   13   0.0000000041
3   6   7   14   0.0014215024

End IJAB Block
Begin ABCD Block
1   8   1   8   0.2809182276
1   8   1   9   0.0000000000
1   8   2   8   0.0000000000
1   8   2   9   0.0101818922
1   8   3   10   0.0013425228
1   8   3   13   0.0000000020
1   8   3   14   -0.0010663358
1   8   4   11   0.0006365901
1   8   4   12   0.0000000005
1   8   5   11   0.0000000005
1   8   5   12   0.0014159469
1   8   6   10   0.0000000020
1   8   6   13   0.0027730406
1   8   6   14   0.0000000030
1   8   7   10   -0.0010663358
1   8   7   13   0.0000000030
1   8   7   14   0.0012112149
1   9   1   8   0.0000000000
1   9   1   9   0.2572900349
1   9   2   8   0.0134528895
1   9   2   9   0.0000000000
1   9   3   10   0.0000000000
1   9   3   13   -0.0010800417
1   9   3   14   -0.0000000021
1   9   4   11   -0.0000000005
1   9   4   12   -0.0005029857
1   9   5   11   -0.0002940078
1   9   5   12   0.0000000005
1   9   6   10   -0.0010800731
1   9   6   13   -0.0000000029
1   9   6   14   0.0006273335
1   9   7   10   -0.0000000021
1   9   7   13   0.0009533903
1   9   7   14   0.0000000030
1   10   1   10   0.1862254743
1   10   1   13   0.0000000135
1   10   1   14   -0.0070118389
1   10   2   13   -0.0070158311
1   10   2   14   -0.0000000135
1   10   3   8   0.0018416941
1   10   3   9   0.0000000000
1   10   6   8   0.0000000022
1   10   6   9   -0.0011394990
1   10   7   8   -0.0011350495
1   10   7   9   -0.0000000022
1   11   1   11   0.1708648048
1   11   1   12   0.0000000068
1   11   2   11   -0.0000000069
1   11   2   12   -0.0052569471
1   11   4   8   0.0009180263
1   11   4   9   -0.0000000006
1   11   5   8   0.0000000006
1   11   5   9   -0.0003693874
1   12   1   11   0.0000000068
1   12   1   12   0.1814336564
1   12   2   11   -0.0053383468
1   12   2   12   0.0000000070
1   12   4   8   0.0000000006
1   12   4   9   -0.0006216624
1   12   5   8   0.0018888292
1   12   5   9   0.0000000007
1   13   1   10   0.0000000135
1   13   1   13   0.1779330315
1   13   1   14   0.0000000159
1   13   2   10   -0.0070164349
1   13   2   13   -0.0000000160
1   13   2   14   0.0044793955
1   13   3   8   0.0000000022
1   13   3   9   -0.0011400864
1   13   6   8   0.0031257043
1   13   6   9   -0.0000000031
1   13   7   8   0.0000000031
1   13   7   9   0.0010751923
1   14   1   10   -0.0070118389
1   14   1   13   0.0000000159
1   14   1   14   0.1691610459
1   14   2   10   -0.0000000135
1   14   2   13   0.0040903871
1   14   2   14   0.0000000160
1   14   3   8   -0.0011350495
1   14   3   9   -0.0000000022
1   14   6   8   0.0000000031
1   14   6   9   0.0005750981
1   14   7   8   0.0014631442
1   14   7   9   0.0000000031
2   8   1   8   0.0000000000
2   8   1   9   0.0134528895
2   8   2   8   0.2572900349
2   8   2   9   0.0000000000
2   8   3   10   0.0000000000
2   8   3   13   -0.0010800731
2   8   3   14   -0.0000000021
2   8   4   11   -0.0000000005
2   8   4   12   -0.0002940078
2   8   5   11   -0.0005029857
2   8   5   12   0.0000000005
2   8   6   10   -0.0010800417
2   8   6   13   -0.0000000029
2   8   6   14   0.0009533903
2   8   7   10   -0.0000000021
2   8   7   13   0.0006273335
2   8   7   14   0.0000000030
2   9   1   8   0.0101818922
2   9   1   9   0.0000000000
2   9   2   8   0.0000000000
2   9   2   9   0.2809312209
2   9   3   10   0.0013554528
2   9   3   13   -0.0000000022
2   9   3   14   0.0010898861
2   9   4   11   0.0014474271
2   9   4   12   -0.0000000006
2   9   5   11   -0.0000000006
2   9   5   12   0.0006249892
2   9   6   10   -0.0000000022
2   9   6   13   0.0011999270
2   9   6   14   -0.0000000029
2   9   7   10   0.0010898861
2   9   7   13   -0.0000000029
2   9   7   14   0.0028117991
2   10   1   13   -0.0070164349
2   10   1   14   -0.0000000135
2   10   2   10   0.1862246147
2   10   2   13   -0.0000000135
2   10   2   14   0.0070107938
2   10   3   8   0.0000000000
2   10   3   9   0.0018424034
2   10   6   8   -0.0011400864
2   10   6   9   -0.0000000022
2   10   7   8   -0.0000000022
2   10   7   9   0.0011363620
2   11   1   11   -0.0000000069
2   11   1   12   -0.0053383468
2   11   2   11   0.1814725311
2   11   2   12   -0.0000000070
2   11   4   8   -0.0000000006
2   11   4   9   0.0019247150
2   11   5   8   -0.0006216624
2   11   5   9   -0.0000000007
2   12   1   11   -0.0052569471
2   12   1   12   0.0000000070
2   12   2   11   -0.0000000070
2   12   2   12   0.1708563991
2   12   4   8   -0.0003693874
2   12   4   9   -0.0000000007
2   12   5   8   0.0000000007
2   12   5   9   0.0009124368
2   13   1   10   -0.0070158311
2   13   1   13   -0.0000000160
2   13   1   14   0.0040903871
2   13   2   10   -0.0000000135
2   13   2   13   0.1693632363
2   13   2   14   -0.0000000161
2   13   3   8   -0.0011394990
2   13   3   9   -0.0000000022
2   13   6   8   -0.0000000031
2   13   6   9   0.0014786323
2   13   7   8   0.0005750981
2   13   7   9   -0.0000000031
2   14   1   10   -0.0000000135
2   14   1   13   0.0044793955
2   14   1   14   0.0000000160
2   14   2   10   0.0070107938
2   14   2   13   -0.0000000161
2   14   2   14   0.1777270722
2   14   3   8   -0.0000000022
2   14   3   9   0.0011363620
2   14   6   8   0.0010751923
2   14   6   9   -0.0000000031
2   14   7   8   0.0000000031
2   14   7   9   0.0031182329
3   8   1   10   0.0018416941
3   8   1   13   0.0000000022
3   8   1   14   -0.0011350495
3   8   2   10   0.0000000000
3   8   2   13   -0.0011394990
3   8   2   14   -0.0000000022
3   8   3   8   0.1862254743
3   8   6   8   0.0000000135
3   8   6   9   -0.0070158311
3   8   7   8   -0.0070118389
3   8   7   9   -0.0000000135
3   9   1   10   0.0000000000
3   9   1   13   -0.0011400864
3   9   1   14   -0.0000000022
3   9   2   10   0.0018424034
3   9   2   13   -0.0000000022
3   9   2   14   0.0011363620
3   9   3   9   0.1862246147
3   9   6   8   -0.0070164349
3   9   6   9   -0.0000000135
3   9   7   8   -0.0000000135
3   9   7   9   0.0070107938
3   10   1   8   0.0013425228
3   10   1   9   0.0000000000
3   10   2   8   0.0000000000
3   10   2   9   0.0013554528
3   10   3   10   0.1713962073
3   10   3   13   -0.0000000001
3   10   3   14   0.0000168549
3   10   4   11   0.0554562274
3   10   4   12   -0.0000000001
3   10   5   11   -0.0000000001
3   10   5   12   0.0554305108
3   10   6   10   -0.0000000001
3   10   6   13   0.0292855604
3   10   6   14   0.0000000001
3   10   7   10   0.0000168549
3   10   7   13   0.0000000001
3   10   7   14   0.0294173194
3   11   3   11   0.1673997243
3   11   3   12   -0.0000000000
3   11   4   10   0.0554919134
3   11   4   13   -0.0000000238
3   11   4   14   0.0387504458
3   11   5   10   0.0000000000
3   11   5   13   0.0387313104
3   11   5   14   0.0000000239
3   11   6   11   -0.0000000136
3   11   6   12   0.0220529932
3   11   7   11   0.0220834752
3   11   7   12   0.0000000136
3   12   3   11   -0.0000000000
3   12   3   12   0.1673969548
3   12   4   10   0.0000000000
3   12   4   13   0.0387300908
3   12   4   14   0.0000000239
3   12   5   10   0.0554950584
3   12   5   13   0.0000000239
3   12   5   14   -0.0387537394
3   12   6   11   0.0220535354
3   12   6   12   0.0000000136
3   12   7   11   0.0000000136
3   12   7   12   -0.0220828905
3   13   1   8   0.0000000020
3   13   1   9   -0.0010800417
3   13   2   8   -0.0010800731
3   13   2   9   -0.0000000022
3   13   3   10   -0.0000000001
3   13   3   13   0.1666252781
3   13   3   14   -0.0000000001
3   13   4   11   -0.0000000240
3   13   4   12   0.0387488817
3   13   5   11   0.0387506569
3   13   5   12   0.0000000238
3   13   5   13   0.0000000000
3   13   6   10   0.0294307626
3   13   6   13   0.0000000909
3   13   6   14   -0.0160935986
3   13   7   10   0.0000000000
3   13   7   13   -0.0161014072
3   13   7   14   -0.0000000914
3   14   1   8   -0.0010663358
3   14   1   9   -0.0000000021
3   14   2   8   -0.0000000021
3   14   2   9   0.0010898861
3   14   3   10   0.0000168549
3   14   3   13   -0.0000000001
3   14   3   14   0.1665824901
3   14   4   11   0.0387822848
3   14   4   12   0.0000000239
3   14   5   11   0.0000000239
3   14   5   12   -0.0387628952
3   14   6   10   0.0000000000
3   14   6   13   -0.0160869193
3   14   6   14   -0.0000000912
3   14   7   10   0.0295122414
3   14   7   13   -0.0000000912
3   14   7   14   0.0161551850
4   8   1   11   0.0009180263
4   8   1   12   0.0000000006
4   8   2   11   -0.0000000006
4   8   2   12   -0.0003693874
4   8   4   8   0.1708648048
4   8   4   9   -0.0000000069
4   8   5   8   0.0000000068
4   8   5   9   -0.0052569471
4   9   1   11   -0.0000000006
4   9   1   12   -0.0006216624
4   9   2   11   0.0019247150
4   9   2   12   -0.0000000007
4   9   4   8   -0.0000000069
4   9   4   9   0.1814725311
4   9   5   8   -0.0053383468
4   9   5   9   -0.0000000070
4   10   3   11   0.0554919134
4   10   3   12   0.0000000000
4   10   4   10   0.1673997243
4   10   4   13   -0.0000000136
4   10   4   14   0.0220834752
4   10   5   10   -0.0000000000
4   10   5   13   0.0220529932
4   10   5   14   0.0000000136
4   10   6   11   -0.0000000238
4   10   6   12   0.0387313104
4   10   7   11   0.0387504458
4   10   7   12   0.0000000239
4   11   1   8   0.0006365901
4   11   1   9   -0.0000000005
4   11   2   8   -0.0000000005
4   11   2   9   0.0014474271
4   11   3   10   0.0554562274
4   11   3   13   -0.0000000240
4   11   3   14   0.0387822848
4   11   4   11   0.1816131344
4   11   4   12   -0.0000000001
4   11   5   11   -0.0000000001
4   11   5   12   0.0167674402
4   11   6   10   -0.0000000240
4   11   6   13   0.0294922566
4   11   6   14   -0.0000000484
4   11   7   10   0.0387822848
4   11   7   13   -0.0000000484
4   11   7   14   0.0488166262
4   12   1   8   0.0000000005
4   12   1   9   -0.0005029857
4   12   2   8   -0.0002940078
4   12   2   9   -0.0000000006
4   12   3   10   -0.0000000001
4   12   3   13   0.0387488817
4   12   3   14   0.0000000239
4   12   4   11   -0.0000000001
4   12   4   12   0.1480479622
4   12   5   11   0.0167734569
4   12   5   12   -0.0000000000
4   12   6   10   0.0387506569
4   12   6   13   0.0000000484
4   12   6   14   -0.0253186264
4   12   7   10   0.0000000239
4   12   7   13   0.0060934753
4   12   7   14   -0.0000000486
4   13   3   11   -0.0000000238
4   13   3   12   0.0387300908
4   13   4   10   -0.0000000136
4   13   4   13   0.1526050776
4   13   4   14   -0.0000000600
4   13   5   10   0.0220535354
4   13   5   13   0.0000000599
4   13   5   14   -0.0118930619
4   13   6   11   0.0295431584
4   13   6   12   0.0000000484
4   13   6   13   0.0000000000
4   13   7   11   -0.0000000484
4   13   7   12   0.0061064321
4   14   3   11   0.0387504458
4   14   3   12   0.0000000239
4   14   4   10   0.0220834752
4   14   4   13   -0.0000000600
4   14   4   14   0.1763726214
4   14   5   10   0.0000000136
4   14   5   13   -0.0119079499
4   14   5   14   -0.0000000601
4   14   6   11   -0.0000000484
4   14   6   12   -0.0253196580
4   14   7   11   0.0488041209
4   14   7   12   -0.0000000485
5   8   1   11   0.0000000006
5   8   1   12   0.0018888292
5   8   2   11   -0.0006216624
5   8   2   12   0.0000000007
5   8   4   8   0.0000000068
5   8   4   9   -0.0053383468
5   8   5   8   0.1814336564
5   8   5   9   0.0000000070
5   9   1   11   -0.0003693874
5   9   1   12   0.0000000007
5   9   2   11   -0.0000000007
5   9   2   12   0.0009124368
5   9   4   8   -0.0052569471
5   9   4   9   -0.0000000070
5   9   5   8   0.0000000070
5   9   5   9   0.1708563991
5   10   3   11   0.0000000000
5   10   3   12   0.0554950584
5   10   4   10   -0.0000000000
5   10   4   13   0.0220535354
5   10   4   14   0.0000000136
5   10   5   10   0.1673969548
5   10   5   13   0.0000000136
5   10   5   14   -0.0220828905
5   10   6   11   0.0387300908
5   10   6   12   0.0000000239
5   10   7   11   0.0000000239
5   10   7   12   -0.0387537394
5   11   1   8   0.0000000005
5   11   1   9   -0.0002940078
5   11   2   8   -0.0005029857
5   11   2   9   -0.0000000006
5   11   3   10   -0.0000000001
5   11   3   13   0.0387506569
5   11   3   14   0.0000000239
5   11   4   11   -0.0000000001
5   11   4   12   0.0167734569
5   11   5   11   0.1480479622
5   11   5   12   -0.0000000000
5   11   6   10   0.0387488817
5   11   6   13   0.0000000484
5   11   6   14   0.0060934753
5   11   7   10   0.0000000239
5   11   7   13   -0.0253186264
5   11   7   14   -0.0000000486
5   12   1   8   0.0014159469
5   12   1   9   0.0000000005
5   12   2   8   0.0000000005
5   12   2   9   0.0006249892
5   12   3   10   0.0554305108
5   12   3   13   0.0000000238
5   12   3   14   -0.0387628952
5   12   4   11   0.0167674402
5   12   4   12   -0.0000000000
5   12   5   11   -0.0000000000
5   12   5   12   0.1815681726
5   12   6   10   0.0000000238
5   12   6   13   0.0486849558
5   12   6   14   0.0000000485
5   12   7   10   -0.0387628952
5   12   7   13   0.0000000485
5   12   7   14   0.0295424050
5   13   3   11   0.0387313104
5   13   3   12   0.0000000239
5   13   3   13   0.0000000000
5   13   4   10   0.0220529932
5   13   4   13   0.0000000599
5   13   4   14   -0.0119079499
5   13   5   10   0.0000000136
5   13   5   13   0.1763814433
5   13   5   14   0.0000000600
5   13   6   11   0.0000000484
5   13   6   12   0.0487344990
5   13   7   11   -0.0253196580
5   13   7   12   0.0000000485
5   13   7   13   -0.0000000000
5   14   3   11   0.0000000239
5   14   3   12   -0.0387537394
5   14   4   10   0.0000000136
5   14   4   13   -0.0118930619
5   14   4   14   -0.0000000601
5   14   5   10   -0.0220828905
5   14   5   13   0.0000000600
5   14   5   14   0.1525494263
5   14   6   11   0.0061064321
5   14   6   12   0.0000000485
5   14   7   11   -0.0000000485
5   14   7   12   0.0295777161
6   8   1   10   0.0000000022
6   8   1   13   0.0031257043
6   8   1   14   0.0000000031
6   8   2   10   -0.0011400864
6   8   2   13   -0.0000000031
6   8   2   14   0.0010751923
6   8   3   8   0.0000000135
6   8   3   9   -0.0070164349
6   8   6   8   0.1779330315
6   8   6   9   -0.0000000160
6   8   7   8   0.0000000159
6   8   7   9   0.0044793955
6   9   1   10   -0.0011394990
6   9   1   13   -0.0000000031
6   9   1   14   0.0005750981
6   9   2   10   -0.0000000022
6   9   2   13   0.0014786323
6   9   2   14   -0.0000000031
6   9   3   8   -0.0070158311
6   9   3   9   -0.0000000135
6   9   6   8   -0.0000000160
6   9   6   9   0.1693632363
6   9   7   8   0.0040903871
6   9   7   9   -0.0000000161
6   10   1   8   0.0000000020
6   10   1   9   -0.0010800731
6   10   2   8   -0.0010800417
6   10   2   9   -0.0000000022
6   10   3   10   -0.0000000001
6   10   3   13   0.0294307626
6   10   3   14   0.0000000000
6   10   4   11   -0.0000000240
6   10   4   12   0.0387506569
6   10   5   11   0.0387488817
6   10   5   12   0.0000000238
6   10   6   10   0.1666252781
6   10   6   12   0.0000000000
6   10   6   13   0.0000000909
6   10   6   14   -0.0161014072
6   10   7   10   -0.0000000001
6   10   7   13   -0.0160935986
6   10   7   14   -0.0000000914
6   11   3   11   -0.0000000136
6   11   3   12   0.0220535354
6   11   4   10   -0.0000000238
6   11   4   13   0.0295431584
6   11   4   14   -0.0000000484
6   11   5   10   0.0387300908
6   11   5   13   0.0000000484
6   11   5   14   0.0061064321
6   11   6   11   0.1526050776
6   11   6   12   0.0000000599
6   11   6   13   0.0000000000
6   11   7   11   -0.0000000600
6   11   7   12   -0.0118930619
6   12   3   11   0.0220529932
6   12   3   12   0.0000000136
6   12   4   10   0.0387313104
6   12   4   13   0.0000000484
6   12   4   14   -0.0253196580
6   12   5   10   0.0000000239
6   12   5   13   0.0487344990
6   12   5   14   0.0000000485
6   12   6   10   0.0000000000
6   12   6   11   0.0000000599
6   12   6   12   0.1763814433
6   12   6   14   -0.0000000000
6   12   7   11   -0.0119079499
6   12   7   12   0.0000000600
6   13   1   8   0.0027730406
6   13   1   9   -0.0000000029
6   13   2   8   -0.0000000029
6   13   2   9   0.0011999270
6   13   3   10   0.0292855604
6   13   3   13   0.0000000909
6   13   3   14   -0.0160869193
6   13   4   11   0.0294922566
6   13   4   12   0.0000000484
6   13   4   13   0.0000000000
6   13   5   11   0.0000000484
6   13   5   12   0.0486849558
6   13   6   10   0.0000000909
6   13   6   11   0.0000000000
6   13   6   13   0.1764693657
6   13   6   14   0.0000000000
6   13   7   10   -0.0160869193
6   13   7   13   0.0000000000
6   13   7   14   0.0117201128
6   14   1   8   0.0000000030
6   14   1   9   0.0006273335
6   14   2   8   0.0009533903
6   14   2   9   -0.0000000029
6   14   3   10   0.0000000001
6   14   3   13   -0.0160935986
6   14   3   14   -0.0000000912
6   14   4   11   -0.0000000484
6   14   4   12   -0.0253186264
6   14   5   11   0.0060934753
6   14   5   12   0.0000000485
6   14   6   10   -0.0161014072
6   14   6   12   -0.0000000000
6   14   6   13   0.0000000000
6   14   6   14   0.1529175165
6   14   7   10   -0.0000000912
6   14   7   13   0.0118422541
6   14   7   14   0.0000000000
7   8   1   10   -0.0011350495
7   8   1   13   0.0000000031
7   8   1   14   0.0014631442
7   8   2   10   -0.0000000022
7   8   2   13   0.0005750981
7   8   2   14   0.0000000031
7   8   3   8   -0.0070118389
7   8   3   9   -0.0000000135
7   8   6   8   0.0000000159
7   8   6   9   0.0040903871
7   8   7   8   0.1691610459
7   8   7   9   0.0000000160
7   9   1   10   -0.0000000022
7   9   1   13   0.0010751923
7   9   1   14   0.0000000031
7   9   2   10   0.0011363620
7   9   2   13   -0.0000000031
7   9   2   14   0.0031182329
7   9   3   8   -0.0000000135
7   9   3   9   0.0070107938
7   9   6   8   0.0044793955
7   9   6   9   -0.0000000161
7   9   7   8   0.0000000160
7   9   7   9   0.1777270722
7   10   1   8   -0.0010663358
7   10   1   9   -0.0000000021
7   10   2   8   -0.0000000021
7   10   2   9   0.0010898861
7   10   3   10   0.0000168549
7   10   3   13   0.0000000000
7   10   3   14   0.0295122414
7   10   4   11   0.0387822848
7   10   4   12   0.0000000239
7   10   5   11   0.0000000239
7   10   5   12   -0.0387628952
7   10   6   10   -0.0000000001
7   10   6   13   -0.0160869193
7   10   6   14   -0.0000000912
7   10   7   10   0.1665824901
7   10   7   13   -0.0000000912
7   10   7   14   0.0161551850
7   11   3   11   0.0220834752
7   11   3   12   0.0000000136
7   11   4   10   0.0387504458
7   11   4   13   -0.0000000484
7   11   4   14   0.0488041209
7   11   5   10   0.0000000239
7   11   5   13   -0.0253196580
7   11   5   14   -0.0000000485
7   11   6   11   -0.0000000600
7   11   6   12   -0.0119079499
7   11   7   11   0.1763726214
7   11   7   12   -0.0000000601
7   12   3   11   0.0000000136
7   12   3   12   -0.0220828905
7   12   4   10   0.0000000239
7   12   4   13   0.0061064321
7   12   4   14   -0.0000000485
7   12   5   10   -0.0387537394
7   12   5   13   0.0000000485
7   12   5   14   0.0295777161
7   12   6   11   -0.0118930619
7   12   6   12   0.0000000600
7   12   7   11   -0.0000000601
7   12   7   12   0.1525494263
7   13   1   8   0.0000000030
7   13   1   9   0.0009533903
7   13   2   8   0.0006273335
7   13   2   9   -0.0000000029
7   13   3   10   0.0000000001
7   13   3   13   -0.0161014072
7   13   3   14   -0.0000000912
7   13   4   11   -0.0000000484
7   13   4   12   0.0060934753
7   13   5   11   -0.0253186264
7   13   5   12   0.0000000485
7   13   5   13   -0.0000000000
7   13   6   10   -0.0160935986
7   13   6   13   0.0000000000
7   13   6   14   0.0118422541
7   13   7   10   -0.0000000912
7   13   7   13   0.1529175165
7   13   7   14   0.0000000000
7   14   1   8   0.0012112149
7   14   1   9   0.0000000030
7   14   2   8   0.0000000030
7   14   2   9   0.0028117991
7   14   3   10   0.0294173194
7   14   3   13   -0.0000000914
7   14   3   14   0.0161551850
7   14   4   11   0.0488166262
7   14   4   12   -0.0000000486
7   14   5   11   -0.0000000486
7   14   5   12   0.0295424050
7   14   6   10   -0.0000000914
7   14   6   13   0.0117201128
7   14   6   14   0.0000000000
7   14   7   10   0.0161551850
7   14   7   13   0.0000000000
7   14   7   14   0.1765374331

End ABCD Block
Begin AIJB Block
1   4   1   8   0.0044018008
1   4   1   9   0.0000000048
1   4   2   11   0.0000000017
1   4   2   12   -0.0028313403
1   4   3   11   0.0010089375
1   4   3   12   -0.0000000141
1   5   1   11   0.0000000000
1   5   1   12   -0.0006811694
1   5   2   8   0.0390343768
1   5   2   9   -0.0000000007
1   5   3   8   -0.0000000007
1   5   3   9   -0.0128187809
1   6   1   11   0.0005628544
1   6   1   12   -0.0000000040
1   6   2   8   -0.0000000007
1   6   2   9   0.0299620656
1   6   3   8   0.0561418799
1   6   3   9   0.0000000008
2   4   1   8   0.0000000048
2   4   1   9   0.0062879720
2   4   2   11   0.0052771440
2   4   2   12   -0.0000000060
2   4   3   11   0.0000000065
2   4   3   12   -0.0014206785
2   5   1   11   0.0014304215
2   5   1   12   -0.0000000023
2   5   2   8   -0.0000000007
2   5   2   9   0.0561978165
2   5   3   8   0.0299620656
2   5   3   9   0.0000000008
2   6   1   11   0.0000000017
2   6   1   12   -0.0001881944
2   6   2   8   -0.0128187809
2   6   2   9   0.0000000008
2   6   3   8   0.0000000008
2   6   3   9   0.0390169367
3   4   1   10   0.0060819095
3   4   1   13   -0.0000000116
3   4   1   14   0.0016682492
3   5   2   10   0.0020728009
3   5   2   13   -0.0000000021
3   5   2   14   0.0011270551
3   5   3   13   -0.0011282020
3   5   3   14   -0.0000000021
3   6   2   13   -0.0011282052
3   6   2   14   -0.0000000021
3   6   3   10   0.0020725088
3   6   3   13   0.0000000021
3   6   3   14   -0.0011274314
4   4   1   11   0.0066851612
4   4   1   12   -0.0000000100
4   4   2   8   0.0000000000
4   4   2   9   0.0014304215
4   4   3   8   0.0005628544
4   4   3   9   0.0000000017
4   5   1   8   0.0000000017
4   5   1   9   0.0052771440
4   5   2   11   0.0022530823
4   5   2   12   -0.0000000009
4   5   3   11   -0.0000000010
4   5   3   12   -0.0006721289
4   6   1   8   0.0010089375
4   6   1   9   0.0000000065
4   6   2   11   -0.0000000010
4   6   2   12   -0.0009040557
4   6   3   11   0.0006899843
4   6   3   12   0.0000000010
5   4   1   11   -0.0000000100
5   4   1   12   0.0035385977
5   4   2   8   -0.0006811694
5   4   2   9   -0.0000000023
5   4   3   8   -0.0000000040
5   4   3   9   -0.0001881944
5   5   1   8   -0.0028313403
5   5   1   9   -0.0000000060
5   5   2   11   -0.0000000009
5   5   2   12   0.0006871294
5   5   3   11   -0.0009040557
5   5   3   12   0.0000000009
5   6   1   8   -0.0000000141
5   6   1   9   -0.0014206785
5   6   2   11   -0.0006721289
5   6   2   12   0.0000000009
5   6   3   11   0.0000000010
5   6   3   12   0.0022740600
6   4   1   10   -0.0000000116
6   4   1   13   0.0026141746
6   4   1   14   0.0000000039
6   5   2   10   -0.0000000021
6   5   2   13   0.0012694505
6   5   2   14   -0.0000000033
6   5   3   10   -0.0011282052
6   5   3   13   -0.0000000033
6   5   3   14   0.0009312108
6   6   2   10   -0.0011282020
6   6   2   13   -0.0000000033
6   6   2   14   0.0008095067
6   6   3   10   0.0000000021
6   6   3   13   0.0030133776
6   6   3   14   0.0000000033
7   4   1   10   0.0016682492
7   4   1   13   0.0000000039
7   4   1   14   0.0084499660
7   5   2   10   0.0011270551
7   5   2   13   -0.0000000033
7   5   2   14   0.0029972990
7   5   3   10   -0.0000000021
7   5   3   13   0.0008095067
7   5   3   14   0.0000000033
7   6   2   10   -0.0000000021
7   6   2   13   0.0009312108
7   6   2   14   0.0000000033
7   6   3   10   -0.0011274314
7   6   3   13   0.0000000033
7   6   3   14   0.0012605001

1   4   4   1   -0.2613191605
1   4   4   2   -0.0000000150
1   4   5   4   0.0000000002
1   4   5   5   0.0007141826
1   4   6   4   -0.0004866867
1   4   6   5   0.0000000037
1   5   4   4   0.0000000003
1   5   4   5   0.0007696108
1   5   5   1   -0.2699371604
1   5   5   2   0.0000000012
1   5   6   1   0.0000000012
1   5   6   2   -0.0145410352
1   6   4   4   -0.0003683207
1   6   4   5   0.0000000034
1   6   5   1   0.0000000012
1   6   5   2   -0.0124120177
1   6   6   1   -0.2968919140
1   6   6   2   -0.0000000012
2   4   4   1   -0.0000000150
2   4   4   2   -0.2672372097
2   4   5   4   -0.0013189621
2   4   5   5   0.0000000021
2   4   6   4   -0.0000000018
2   4   6   5   0.0001204374
2   5   4   4   -0.0012165470
2   5   4   5   0.0000000017
2   5   5   1   0.0000000012
2   5   5   2   -0.2968911333
2   5   6   1   -0.0124120177
2   5   6   2   -0.0000000012
2   6   4   4   -0.0000000019
2   6   4   5   0.0000838029
2   6   5   1   -0.0145410352
2   6   5   2   -0.0000000012
2   6   6   1   -0.0000000012
2   6   6   2   -0.2699392551
3   4   4   3   -0.1957675668
3   4   4   6   0.0000000621
3   4   4   7   -0.0088734167
3   5   5   3   -0.1899411607
3   5   5   6   0.0000000182
3   5   5   7   -0.0099029970
3   5   6   3   -0.0000000000
3   5   6   6   0.0098998258
3   5   6   7   0.0000000182
3   6   5   3   -0.0000000000
3   6   5   6   0.0098997756
3   6   5   7   0.0000000182
3   6   6   3   -0.1899408943
3   6   6   6   -0.0000000182
3   6   6   7   0.0099028852
4   4   4   4   -0.1918246465
4   4   4   5   0.0000000414
4   4   5   1   0.0000000003
4   4   5   2   -0.0012165470
4   4   6   1   -0.0003683207
4   4   6   2   -0.0000000019
4   5   4   1   0.0000000002
4   5   4   2   -0.0013189621
4   5   5   4   -0.1866365899
4   5   5   5   0.0000000100
4   5   6   4   0.0000000101
4   5   6   5   0.0082896938
4   6   4   1   -0.0004866867
4   6   4   2   -0.0000000018
4   6   5   4   0.0000000101
4   6   5   5   0.0082176064
4   6   6   4   -0.1701503138
4   6   6   5   -0.0000000101
5   4   4   4   0.0000000414
5   4   4   5   -0.1788381675
5   4   5   1   0.0007696108
5   4   5   2   0.0000000017
5   4   6   1   0.0000000034
5   4   6   2   0.0000838029
5   5   4   1   0.0007141826
5   5   4   2   0.0000000021
5   5   5   4   0.0000000100
5   5   5   5   -0.1701414046
5   5   6   4   0.0082176064
5   5   6   5   -0.0000000100
5   6   4   1   0.0000000037
5   6   4   2   0.0001204374
5   6   5   4   0.0082896938
5   6   5   5   -0.0000000100
5   6   6   4   -0.0000000101
5   6   6   5   -0.1866686006
6   4   4   3   0.0000000621
6   4   4   6   -0.1777023739
6   4   4   7   -0.0000000065
6   5   5   3   0.0000000182
6   5   5   6   -0.1695329340
6   5   5   7   0.0000000221
6   5   6   3   0.0098997756
6   5   6   6   0.0000000220
6   5   6   7   -0.0056067717
6   6   5   3   0.0098998258
6   6   5   6   0.0000000220
6   6   5   7   -0.0058799364
6   6   6   3   -0.0000000182
6   6   6   6   -0.1810343907
6   6   6   7   -0.0000000218
7   4   4   3   -0.0088734167
7   4   4   6   -0.0000000065
7   4   4   7   -0.1874736977
7   5   5   3   -0.0099029970
7   5   5   6   0.0000000221
7   5   5   7   -0.1807877124
7   5   6   3   0.0000000182
7   5   6   6   -0.0058799364
7   5   6   7   -0.0000000219
7   6   5   3   0.0000000182
7   6   5   6   -0.0056067717
7   6   5   7   -0.0000000219
7   6   6   3   0.0099028852
7   6   6   6   -0.0000000218
7   6   6   7   -0.1693171791

End AIJB Block
Begin IJKA Block
1   4   1   10   -0.0023556132
1   4   1   13   0.0000000139
1   4   1   14   0.0209183083
1   5   2   10   0.0001706508
1   5   2   13   -0.0000000005
1   5   2   14   0.0013730178
1   5   3   10   -0.0000000004
1   5   3   13   -0.0001030938
1   5   3   14   0.0000000015
1   6   2   10   -0.0000000004
1   6   2   13   0.0006492725
1   6   2   14   0.0000000010
1   6   3   10   -0.0001743957
1   6   3   13   0.0000000020
1   6   3   14   0.0008242374
2   4   2   10   -0.0006618908
2   4   2   13   0.0000000086
2   4   2   14   0.0223538805
2   4   3   10   0.0000000018
2   4   3   13   0.0013646770
2   4   3   14   0.0000000054
2   5   1   10   -0.0000818051
2   5   1   13   0.0000000002
2   5   1   14   0.0010674619
2   6   1   10   0.0000000002
2   6   1   13   0.0005654861
2   6   1   14   0.0000000002
3   4   2   10   0.0000000017
3   4   2   13   0.0010794257
3   4   2   14   0.0000000056
3   4   3   10   0.0007381732
3   4   3   13   0.0000000196
3   4   3   14   0.0199102939
3   5   1   10   0.0000000002
3   5   1   13   -0.0003603243
3   5   1   14   0.0000000008
3   6   1   10   0.0000818915
3   6   1   13   0.0000000011
3   6   1   14   0.0008544800

End IJKA Block
Begin IABC Block
1   8   1   10   -0.0010215618
1   8   1   13   -0.0000000005
1   8   1   14   0.0015511264
1   8   2   10   -0.0000000026
1   8   2   13   -0.0012353383
1   8   2   14   -0.0000000007
1   8   3   8   -0.0007073052
1   8   3   9   -0.0000000019
1   8   6   8   0.0000000124
1   8   6   9   -0.0002392558
1   8   7   8   0.0190788193
1   8   7   9   -0.0000000001
1   9   1   10   -0.0000000027
1   9   1   13   0.0006484490
1   9   1   14   -0.0000000019
1   9   2   10   0.0010190593
1   9   2   13   0.0000000021
1   9   2   14   0.0009583830
1   9   3   8   -0.0000000019
1   9   3   9   0.0007755856
1   9   6   8   0.0001076871
1   9   6   9   0.0000000130
1   9   7   8   -0.0000000003
1   9   7   9   0.0189850752
1   10   1   8   -0.0010028861
1   10   1   9   -0.0000000026
1   10   2   8   -0.0000000026
1   10   2   9   0.0009793113
1   10   3   10   0.0000176424
1   10   3   13   -0.0000000049
1   10   3   14   -0.0073756046
1   10   4   11   -0.0045611475
1   10   4   12   -0.0000000059
1   10   5   11   -0.0000000058
1   10   5   12   0.0045588202
1   10   6   10   0.0000000030
1   10   6   13   0.0034976950
1   10   6   14   0.0000000221
1   10   7   10   0.0043890365
1   10   7   13   0.0000000217
1   10   7   14   -0.0034409203
1   11   3   11   -0.0055215378
1   11   3   12   -0.0000000072
1   11   4   10   -0.0045028305
1   11   4   13   0.0000000073
1   11   4   14   -0.0073202542
1   11   5   10   -0.0000000058
1   11   5   13   0.0033341458
1   11   5   14   0.0000000101
1   11   6   11   0.0000000152
1   11   6   12   0.0023058128
1   11   7   11   0.0009028304
1   11   7   12   0.0000000128
1   12   3   11   -0.0000000070
1   12   3   12   0.0055671629
1   12   4   10   -0.0000000058
1   12   4   13   0.0005095917
1   12   4   14   0.0000000119
1   12   5   10   0.0045209072
1   12   5   13   -0.0000000145
1   12   5   14   -0.0034885355
1   12   6   11   0.0022678693
1   12   6   12   -0.0000000110
1   12   7   11   0.0000000128
1   12   7   12   0.0054098319
1   13   1   8   -0.0000000004
1   13   1   9   0.0005473121
1   13   2   8   -0.0011096545
1   13   2   9   0.0000000020
1   13   3   10   -0.0000000049
1   13   3   13   0.0047172065
1   13   3   14   0.0000000297
1   13   4   11   0.0000000072
1   13   4   12   0.0005002834
1   13   5   11   0.0032867854
1   13   5   12   -0.0000000144
1   13   6   10   0.0034670835
1   13   6   13   0.0000000005
1   13   6   14   -0.0021507857
1   13   7   10   0.0000000216
1   13   7   13   0.0049674903
1   13   7   14   -0.0000000015
1   14   1   8   0.0014936366
1   14   1   9   -0.0000000019
1   14   2   8   -0.0000000008
1   14   2   9   0.0008934698
1   14   3   10   -0.0073261952
1   14   3   13   0.0000000298
1   14   3   14   -0.0046807805
1   14   4   11   -0.0072992195
1   14   4   12   0.0000000118
1   14   5   11   0.0000000099
1   14   5   12   -0.0035050419
1   14   6   10   0.0000000220
1   14   6   13   -0.0021710113
1   14   6   14   0.0000000033
1   14   7   10   -0.0034232679
1   14   7   13   -0.0000000014
1   14   7   14   0.0006733225
2   8   3   11   0.0000000006
2   8   3   12   0.0009485442
2   8   4   10   0.0000000005
2   8   4   13   0.0005933079
2   8   4   14   0.0000000007
2   8   5   10   0.0008436742
2   8   5   13   0.0000000009
2   8   5   14   -0.0006091172
2   8   6   11   0.0006225961
2   8   6   12   0.0000000008
2   8   7   11   0.0000000008
2   8   7   12   -0.0005810628
2   9   3   11   0.0009457964
2   9   3   12   -0.0000000006
2   9   4   10   0.0008429567
2   9   4   13   -0.0000000040
2   9   4   14   0.0018709760
2   9   5   10   -0.0000000005
2   9   5   13   -0.0006698886
2   9   5   14   -0.0000000024
2   9   6   11   -0.0000000040
2   9   6   12   -0.0006683987
2   9   7   11   0.0018721093
2   9   7   12   -0.0000000024
2   10   1   11   0.0000000165
2   10   1   12   0.0256786267
2   10   2   11   0.0256693990
2   10   2   12   -0.0000000165
2   10   4   8   0.0000000006
2   10   4   9   0.0009868950
2   10   5   8   0.0009755968
2   10   5   9   -0.0000000006
2   11   1   10   0.0000000165
2   11   1   13   0.0167944242
2   11   1   14   0.0000000213
2   11   2   10   0.0256024239
2   11   2   13   -0.0000000384
2   11   2   14   0.0233793138
2   11   3   8   0.0000000007
2   11   3   9   0.0011382568
2   11   6   8   0.0007166627
2   11   6   9   -0.0000000044
2   11   7   8   0.0000000009
2   11   7   9   0.0021232691
2   12   1   10   0.0256075687
2   12   1   13   0.0000000200
2   12   1   14   -0.0160099476
2   12   2   10   -0.0000000165
2   12   2   13   0.0093981752
2   12   2   14   0.0000000031
2   12   3   8   0.0011291225
2   12   3   9   -0.0000000007
2   12   6   8   0.0000000008
2   12   6   9   -0.0007491978
2   12   7   8   -0.0006488081
2   12   7   9   -0.0000000028
2   13   1   11   0.0168511550
2   13   1   12   0.0000000201
2   13   2   11   -0.0000000386
2   13   2   12   0.0094006854
2   13   4   8   0.0007020277
2   13   4   9   -0.0000000046
2   13   5   8   0.0000000009
2   13   5   9   -0.0007820229
2   14   1   11   0.0000000214
2   14   1   12   -0.0160126558
2   14   2   11   0.0234039391
2   14   2   12   0.0000000031
2   14   4   8   0.0000000009
2   14   4   9   0.0021280933
2   14   5   8   -0.0006612660
2   14   5   9   -0.0000000028
3   8   3   11   -0.0009487643
3   8   3   12   0.0000000006
3   8   4   10   -0.0008446013
3   8   4   13   -0.0000000025
3   8   4   14   0.0006656418
3   8   5   10   0.0000000005
3   8   5   13   -0.0018788862
3   8   5   14   -0.0000000039
3   8   6   11   -0.0000000024
3   8   6   12   -0.0018717396
3   8   7   11   0.0006630153
3   8   7   12   -0.0000000039
3   9   3   11   0.0000000006
3   9   3   12   0.0009516140
3   9   4   10   0.0000000005
3   9   4   13   0.0006176660
3   9   4   14   0.0000000008
3   9   5   10   0.0008454477
3   9   5   13   0.0000000007
3   9   5   14   -0.0005948721
3   9   6   11   0.0005845056
3   9   6   12   0.0000000007
3   9   7   11   0.0000000008
3   9   7   12   -0.0006249672
3   10   1   11   -0.0256765995
3   10   1   12   0.0000000165
3   10   2   11   0.0000000165
3   10   2   12   0.0256820433
3   10   4   8   -0.0009592693
3   10   4   9   0.0000000006
3   10   5   8   0.0000000007
3   10   5   9   0.0009732022
3   11   1   10   -0.0256148009
3   11   1   13   0.0000000030
3   11   1   14   -0.0094161864
3   11   2   10   0.0000000165
3   11   2   13   0.0160292084
3   11   2   14   0.0000000199
3   11   3   8   -0.0011158956
3   11   3   9   0.0000000007
3   11   6   8   -0.0000000027
3   11   6   9   0.0006430131
3   11   7   8   0.0007513278
3   11   7   9   0.0000000009
3   12   1   10   0.0000000164
3   12   1   13   -0.0234340172
3   12   1   14   -0.0000000382
3   12   2   10   0.0256139458
3   12   2   13   0.0000000213
3   12   2   14   -0.0167984282
3   12   3   8   0.0000000008
3   12   3   9   0.0011257060
3   12   6   8   -0.0021032509
3   12   6   9   0.0000000009
3   12   7   8   -0.0000000045
3   12   7   9   -0.0007178358
3   13   1   11   0.0000000029
3   13   1   12   -0.0235205233
3   13   2   11   0.0160715227
3   13   2   12   0.0000000214
3   13   4   8   -0.0000000028
3   13   4   9   0.0006771550
3   13   5   8   -0.0021484612
3   13   5   9   0.0000000008
3   14   1   11   -0.0094409828
3   14   1   12   -0.0000000382
3   14   2   11   0.0000000199
3   14   2   12   -0.0168354768
3   14   4   8   0.0007625099
3   14   4   9   0.0000000009
3   14   5   8   -0.0000000045
3   14   5   9   -0.0006912635

End IABC Block
