Begin IJ Block
1   1   -28.1882019573
1   3   0.4861728506
1   7   0.2729690529
2   2   -28.1889843824
2   4   0.5041910991
3   3   -10.5873713940
3   7   1.0503260974
4   4   -7.7712274740
5   5   -8.4634350831
6   6   -8.4634350831
7   7   -8.0164606610

End IJ Block
Begin IA Block
1   4   -0.0300616279
2   3   0.2654944675
3   4   -0.7754885804
4   3   -1.2164495910
5   5   1.3168752922
5   6   -1.3535399363
6   5   1.3535399363
6   6   1.3168752922
7   4   1.2754120613

End IA Block
Begin AB Block
1   1   -6.8440400905
2   2   -6.8440400905
3   3   -4.3088656388
4   4   -5.1590360025
5   5   -5.9015416459
6   6   -5.9015416459

End AB Block
Begin IJKL Block
1   8   1   8   2.3270166839
1   8   1   9   -0.0000000000
1   8   1   10   -0.2083554129
1   8   1   14   -0.0704592552
1   8   2   8   -0.0000000000
1   8   2   9   1.7915204482
1   8   2   11   -0.1711089486
1   8   3   8   -0.2083554129
1   8   3   10   0.0404480115
1   8   3   14   0.0011006613
1   8   4   9   -0.1711089486
1   8   4   11   0.0265022789
1   8   5   12   0.0121072942
1   8   6   13   0.0121072942
1   8   7   8   -0.0704592552
1   8   7   10   0.0011006613
1   8   7   14   0.0165953036
1   9   1   8   -0.0000000000
1   9   1   9   2.3293341250
1   9   1   11   -0.1814965292
1   9   2   8   1.7916977235
1   9   2   9   0.0000000000
1   9   2   10   -0.2237830769
1   9   2   14   -0.0492312679
1   9   3   9   -0.2087207672
1   9   3   11   0.0247277115
1   9   4   8   -0.1710516332
1   9   4   10   0.0253104611
1   9   4   14   0.0139039565
1   9   7   9   -0.0704755688
1   9   7   11   0.0147339745
1   10   1   8   -0.2083554129
1   10   1   10   0.9021412767
1   10   1   14   -0.1154237662
1   10   2   9   -0.2238415321
1   10   2   11   0.1450464763
1   10   3   8   0.0418715871
1   10   3   10   0.0089557217
1   10   3   14   -0.0101403256
1   10   4   9   0.0256797986
1   10   4   11   -0.0035560711
1   10   5   12   0.0188230080
1   10   6   13   0.0188230080
1   10   7   8   0.0006795489
1   10   7   10   -0.0360400906
1   10   7   14   0.0167337096
1   11   1   9   -0.1814965292
1   11   1   11   0.6726974915
1   11   2   8   -0.1710516332
1   11   2   10   0.1450919638
1   11   2   14   0.2475205499
1   11   3   9   0.0251250677
1   11   3   11   -0.0142951353
1   11   4   8   0.0276631304
1   11   4   10   -0.0033497778
1   11   4   14   0.0043599484
1   11   7   9   0.0156754141
1   11   7   11   0.0058994073
1   12   1   12   0.7227187646
1   12   3   12   0.0010225167
1   12   5   8   0.0136696489
1   12   5   10   0.0192429392
1   12   5   14   0.0045195238
1   12   7   12   -0.0122611042
1   13   1   13   0.7227187646
1   13   3   13   0.0010225167
1   13   6   8   0.0136696489
1   13   6   10   0.0192429392
1   13   6   14   0.0045195238
1   13   7   13   -0.0122611042
1   14   1   8   -0.0704592552
1   14   1   10   -0.1154237662
1   14   1   14   0.7062751133
1   14   2   9   -0.0492546405
1   14   2   11   0.2475203691
1   14   3   8   0.0006795489
1   14   3   10   -0.0103613817
1   14   3   14   -0.0085659913
1   14   4   9   0.0148432388
1   14   4   11   0.0045252796
1   14   5   12   0.0041116510
1   14   6   13   0.0041116510
1   14   7   8   0.0178774647
1   14   7   10   0.0169097640
1   14   7   14   0.0004234298
2   8   1   8   -0.0000000000
2   8   1   9   1.7916977235
2   8   1   11   -0.1710516332
2   8   2   8   2.3293341250
2   8   2   9   0.0000000000
2   8   2   10   -0.2087207672
2   8   2   14   -0.0704755688
2   8   3   9   -0.2237830769
2   8   3   11   0.0253104611
2   8   4   8   -0.1814965292
2   8   4   10   0.0247277115
2   8   4   14   0.0147339745
2   8   7   9   -0.0492312679
2   8   7   11   0.0139039565
2   9   1   8   1.7915204482
2   9   1   9   0.0000000000
2   9   1   10   -0.2238415321
2   9   1   14   -0.0492546405
2   9   2   8   0.0000000000
2   9   2   9   2.3313013277
2   9   2   11   -0.1818355618
2   9   3   8   -0.2238415321
2   9   3   10   0.0397058830
2   9   3   14   0.0023260263
2   9   4   9   -0.1818355618
2   9   4   11   0.0269293486
2   9   5   12   0.0111320498
2   9   6   13   0.0111320498
2   9   7   8   -0.0492546405
2   9   7   10   0.0023260263
2   9   7   14   0.0148501090
2   10   1   9   -0.2237830769
2   10   1   11   0.1450919638
2   10   2   8   -0.2087207672
2   10   2   10   0.9019370913
2   10   2   14   -0.1152059475
2   10   3   9   0.0412107028
2   10   3   11   -0.0095441998
2   10   4   8   0.0251250677
2   10   4   10   -0.0259644490
2   10   4   14   0.0086671545
2   10   7   9   0.0018861550
2   10   7   11   0.0021271346
2   11   1   8   -0.1711089486
2   11   1   10   0.1450464763
2   11   1   14   0.2475203691
2   11   2   9   -0.1818355618
2   11   2   11   0.6728220576
2   11   3   8   0.0256797986
2   11   3   10   -0.0099456549
2   11   3   14   -0.0180538068
2   11   4   9   0.0280899404
2   11   4   11   -0.0030637020
2   11   5   12   0.0098514204
2   11   6   13   0.0098514204
2   11   7   8   0.0148432388
2   11   7   10   0.0023130348
2   11   7   14   0.0168923880
2   12   2   12   0.7226826747
2   12   4   12   -0.0100870486
2   12   5   9   0.0127210794
2   12   5   11   0.0104079210
2   13   2   13   0.7226826747
2   13   4   13   -0.0100870486
2   13   6   9   0.0127210794
2   13   6   11   0.0104079210
2   14   1   9   -0.0492312679
2   14   1   11   0.2475205499
2   14   2   8   -0.0704755688
2   14   2   10   -0.1152059475
2   14   2   14   0.7063003908
2   14   3   9   0.0018861550
2   14   3   11   -0.0181211905
2   14   4   8   0.0156754141
2   14   4   10   0.0087546190
2   14   4   14   -0.0046570870
2   14   7   9   0.0161623003
2   14   7   11   0.0168394667
3   8   1   8   -0.2083554129
3   8   1   10   0.0418715871
3   8   1   14   0.0006795489
3   8   2   9   -0.2238415321
3   8   2   11   0.0256797986
3   8   3   8   0.9021412767
3   8   3   10   0.0089557217
3   8   3   14   -0.0360400906
3   8   4   9   0.1450464763
3   8   4   11   -0.0035560711
3   8   5   12   0.0188230080
3   8   6   13   0.0188230080
3   8   7   8   -0.1154237662
3   8   7   10   -0.0101403256
3   8   7   14   0.0167337096
3   9   1   9   -0.2087207672
3   9   1   11   0.0251250677
3   9   2   8   -0.2237830769
3   9   2   10   0.0412107028
3   9   2   14   0.0018861550
3   9   3   9   0.9019370913
3   9   3   11   -0.0259644490
3   9   4   8   0.1450919638
3   9   4   10   -0.0095441998
3   9   4   14   0.0021271346
3   9   7   9   -0.1152059475
3   9   7   11   0.0086671545
3   10   1   8   0.0404480115
3   10   1   10   0.0089557217
3   10   1   14   -0.0103613817
3   10   2   9   0.0397058830
3   10   2   11   -0.0099456549
3   10   3   8   0.0089557217
3   10   3   10   0.8782676796
3   10   3   14   -0.1491022569
3   10   4   9   -0.0099456549
3   10   4   11   0.0385195148
3   10   5   12   0.1040059082
3   10   6   13   0.1040059082
3   10   7   8   -0.0103613817
3   10   7   10   -0.1491022569
3   10   7   14   0.0593445060
3   11   1   9   0.0247277115
3   11   1   11   -0.0142951353
3   11   2   8   0.0253104611
3   11   2   10   -0.0095441998
3   11   2   14   -0.0181211905
3   11   3   9   -0.0259644490
3   11   3   11   0.5326751002
3   11   4   8   -0.0033497778
3   11   4   10   0.0409625838
3   11   4   14   0.0782579910
3   11   7   9   0.0087546190
3   11   7   11   -0.0121232095
3   12   1   12   0.0010225167
3   12   3   12   0.6695308903
3   12   5   8   0.0192429392
3   12   5   10   0.1060256468
3   12   5   14   0.0144605332
3   12   7   12   -0.0638046051
3   13   1   13   0.0010225167
3   13   3   13   0.6695308903
3   13   6   8   0.0192429392
3   13   6   10   0.1060256468
3   13   6   14   0.0144605332
3   13   7   13   -0.0638046051
3   14   1   8   0.0011006613
3   14   1   10   -0.0101403256
3   14   1   14   -0.0085659913
3   14   2   9   0.0023260263
3   14   2   11   -0.0180538068
3   14   3   8   -0.0360400906
3   14   3   10   -0.1491022569
3   14   3   14   0.5831725450
3   14   4   9   0.0023130348
3   14   4   11   0.0791907861
3   14   5   12   0.0141317144
3   14   6   13   0.0141317144
3   14   7   8   0.0169097640
3   14   7   10   0.0616612026
3   14   7   14   -0.0373381277
4   8   1   9   -0.1710516332
4   8   1   11   0.0276631304
4   8   2   8   -0.1814965292
4   8   2   10   0.0251250677
4   8   2   14   0.0156754141
4   8   3   9   0.1450919638
4   8   3   11   -0.0033497778
4   8   4   8   0.6726974915
4   8   4   10   -0.0142951353
4   8   4   14   0.0058994073
4   8   7   9   0.2475205499
4   8   7   11   0.0043599484
4   9   1   8   -0.1711089486
4   9   1   10   0.0256797986
4   9   1   14   0.0148432388
4   9   2   9   -0.1818355618
4   9   2   11   0.0280899404
4   9   3   8   0.1450464763
4   9   3   10   -0.0099456549
4   9   3   14   0.0023130348
4   9   4   9   0.6728220576
4   9   4   11   -0.0030637020
4   9   5   12   0.0098514204
4   9   6   13   0.0098514204
4   9   7   8   0.2475203691
4   9   7   10   -0.0180538068
4   9   7   14   0.0168923880
4   10   1   9   0.0253104611
4   10   1   11   -0.0033497778
4   10   2   8   0.0247277115
4   10   2   10   -0.0259644490
4   10   2   14   0.0087546190
4   10   3   9   -0.0095441998
4   10   3   11   0.0409625838
4   10   4   8   -0.0142951353
4   10   4   10   0.5326751002
4   10   4   14   -0.0121232095
4   10   7   9   -0.0181211905
4   10   7   11   0.0782579910
4   11   1   8   0.0265022789
4   11   1   10   -0.0035560711
4   11   1   14   0.0045252796
4   11   2   9   0.0269293486
4   11   2   11   -0.0030637020
4   11   3   8   -0.0035560711
4   11   3   10   0.0385195148
4   11   3   14   0.0791907861
4   11   4   9   -0.0030637020
4   11   4   11   0.5358018406
4   11   5   12   0.0356689336
4   11   6   13   0.0356689336
4   11   7   8   0.0045252796
4   11   7   10   0.0791907861
4   11   7   14   0.2053158081
4   12   2   12   -0.0100870486
4   12   4   12   0.5019824340
4   12   5   9   0.0104079210
4   12   5   11   0.0384124202
4   13   2   13   -0.0100870486
4   13   4   13   0.5019824340
4   13   6   9   0.0104079210
4   13   6   11   0.0384124202
4   14   1   9   0.0139039565
4   14   1   11   0.0043599484
4   14   2   8   0.0147339745
4   14   2   10   0.0086671545
4   14   2   14   -0.0046570870
4   14   3   9   0.0021271346
4   14   3   11   0.0782579910
4   14   4   8   0.0058994073
4   14   4   10   -0.0121232095
4   14   4   14   0.5393046144
4   14   7   9   0.0168394667
4   14   7   11   0.2047954927
5   8   1   12   0.0136696489
5   8   3   12   0.0192429392
5   8   5   8   0.7227187646
5   8   5   10   0.0010225167
5   8   5   14   -0.0122611042
5   8   7   12   0.0045195238
5   9   2   12   0.0127210794
5   9   4   12   0.0104079210
5   9   5   9   0.7226826747
5   9   5   11   -0.0100870486
5   10   1   12   0.0192429392
5   10   3   12   0.1060256468
5   10   5   8   0.0010225167
5   10   5   10   0.6695308903
5   10   5   14   -0.0638046051
5   10   7   12   0.0144605332
5   11   2   12   0.0104079210
5   11   4   12   0.0384124202
5   11   5   9   -0.0100870486
5   11   5   11   0.5019824340
5   12   1   8   0.0121072942
5   12   1   10   0.0188230080
5   12   1   14   0.0041116510
5   12   2   9   0.0111320498
5   12   2   11   0.0098514204
5   12   3   8   0.0188230080
5   12   3   10   0.1040059082
5   12   3   14   0.0141317144
5   12   4   9   0.0098514204
5   12   4   11   0.0356689336
5   12   5   12   0.5982817893
5   12   6   13   0.0211246194
5   12   7   8   0.0041116510
5   12   7   10   0.0141317144
5   12   7   14   0.0222248748
5   13   5   13   0.5530827206
5   13   6   12   0.0240744494
5   14   1   12   0.0045195238
5   14   3   12   0.0144605332
5   14   5   8   -0.0122611042
5   14   5   10   -0.0638046051
5   14   5   14   0.5159537721
5   14   7   12   0.0251027464
6   8   1   13   0.0136696489
6   8   3   13   0.0192429392
6   8   6   8   0.7227187646
6   8   6   10   0.0010225167
6   8   6   14   -0.0122611042
6   8   7   13   0.0045195238
6   9   2   13   0.0127210794
6   9   4   13   0.0104079210
6   9   6   9   0.7226826747
6   9   6   11   -0.0100870486
6   10   1   13   0.0192429392
6   10   3   13   0.1060256468
6   10   6   8   0.0010225167
6   10   6   10   0.6695308903
6   10   6   14   -0.0638046051
6   10   7   13   0.0144605332
6   11   2   13   0.0104079210
6   11   4   13   0.0384124202
6   11   6   9   -0.0100870486
6   11   6   11   0.5019824340
6   12   5   13   0.0240744494
6   12   6   12   0.5530827206
6   13   1   8   0.0121072942
6   13   1   10   0.0188230080
6   13   1   14   0.0041116510
6   13   2   9   0.0111320498
6   13   2   11   0.0098514204
6   13   3   8   0.0188230080
6   13   3   10   0.1040059082
6   13   3   14   0.0141317144
6   13   4   9   0.0098514204
6   13   4   11   0.0356689336
6   13   5   12   0.0211246194
6   13   6   13   0.5982817893
6   13   7   8   0.0041116510
6   13   7   10   0.0141317144
6   13   7   14   0.0222248748
6   14   1   13   0.0045195238
6   14   3   13   0.0144605332
6   14   6   8   -0.0122611042
6   14   6   10   -0.0638046051
6   14   6   14   0.5159537721
6   14   7   13   0.0251027464
7   8   1   8   -0.0704592552
7   8   1   10   0.0006795489
7   8   1   14   0.0178774647
7   8   2   9   -0.0492546405
7   8   2   11   0.0148432388
7   8   3   8   -0.1154237662
7   8   3   10   -0.0103613817
7   8   3   14   0.0169097640
7   8   4   9   0.2475203691
7   8   4   11   0.0045252796
7   8   5   12   0.0041116510
7   8   6   13   0.0041116510
7   8   7   8   0.7062751133
7   8   7   10   -0.0085659913
7   8   7   14   0.0004234298
7   9   1   9   -0.0704755688
7   9   1   11   0.0156754141
7   9   2   8   -0.0492312679
7   9   2   10   0.0018861550
7   9   2   14   0.0161623003
7   9   3   9   -0.1152059475
7   9   3   11   0.0087546190
7   9   4   8   0.2475205499
7   9   4   10   -0.0181211905
7   9   4   14   0.0168394667
7   9   7   9   0.7063003908
7   9   7   11   -0.0046570870
7   10   1   8   0.0011006613
7   10   1   10   -0.0360400906
7   10   1   14   0.0169097640
7   10   2   9   0.0023260263
7   10   2   11   0.0023130348
7   10   3   8   -0.0101403256
7   10   3   10   -0.1491022569
7   10   3   14   0.0616612026
7   10   4   9   -0.0180538068
7   10   4   11   0.0791907861
7   10   5   12   0.0141317144
7   10   6   13   0.0141317144
7   10   7   8   -0.0085659913
7   10   7   10   0.5831725450
7   10   7   14   -0.0373381277
7   11   1   9   0.0147339745
7   11   1   11   0.0058994073
7   11   2   8   0.0139039565
7   11   2   10   0.0021271346
7   11   2   14   0.0168394667
7   11   3   9   0.0086671545
7   11   3   11   -0.0121232095
7   11   4   8   0.0043599484
7   11   4   10   0.0782579910
7   11   4   14   0.2047954927
7   11   7   9   -0.0046570870
7   11   7   11   0.5393046144
7   12   1   12   -0.0122611042
7   12   3   12   -0.0638046051
7   12   5   8   0.0045195238
7   12   5   10   0.0144605332
7   12   5   14   0.0251027464
7   12   7   12   0.5159537721
7   13   1   13   -0.0122611042
7   13   3   13   -0.0638046051
7   13   6   8   0.0045195238
7   13   6   10   0.0144605332
7   13   6   14   0.0251027464
7   13   7   13   0.5159537721
7   14   1   8   0.0165953036
7   14   1   10   0.0167337096
7   14   1   14   0.0004234298
7   14   2   9   0.0148501090
7   14   2   11   0.0168923880
7   14   3   8   0.0167337096
7   14   3   10   0.0593445060
7   14   3   14   -0.0373381277
7   14   4   9   0.0168923880
7   14   4   11   0.2053158081
7   14   5   12   0.0222248748
7   14   6   13   0.0222248748
7   14   7   8   0.0004234298
7   14   7   10   -0.0373381277
7   14   7   14   0.5590732091

End IJKL Block
Begin IJAB Block
1   8   1   7   0.0107500242
1   8   2   8   0.0107500242
1   8   3   9   0.0095809767
1   8   4   10   0.0077811501
1   8   5   11   0.0162442561
1   8   6   12   0.0162442561
1   9   1   11   0.0123841623
1   9   1   12   -0.0039047277
1   9   2   11   0.0039047277
1   9   2   12   0.0123841623
1   9   3   10   0.0009769534
1   9   4   9   0.0008644631
1   9   5   7   0.0129591267
1   9   5   8   0.0040860140
1   9   6   7   -0.0040860140
1   9   6   8   0.0129591267
1   10   1   7   0.0088711920
1   10   2   8   0.0088711920
1   10   3   9   -0.0017809201
1   10   4   10   0.0066894114
1   10   5   11   0.0108322143
1   10   6   12   0.0108322143
1   11   1   11   0.0051275297
1   11   1   12   -0.0016167107
1   11   2   11   0.0016167107
1   11   2   12   0.0051275297
1   11   3   10   0.0002733820
1   11   4   9   -0.0008794265
1   11   5   7   0.0123076317
1   11   5   8   0.0038805976
1   11   6   7   -0.0038805976
1   11   6   8   0.0123076317
1   12   1   9   -0.0053516276
1   12   2   9   0.0028799342
1   12   3   7   0.0000275957
1   12   3   8   -0.0000148504
1   12   4   11   -0.0023624621
1   12   4   12   0.0024282382
1   12   5   10   0.0012606943
1   12   6   10   -0.0012957948
1   13   1   9   -0.0028799342
1   13   2   9   -0.0053516276
1   13   3   7   0.0000148504
1   13   3   8   0.0000275957
1   13   4   11   -0.0024282382
1   13   4   12   -0.0023624621
1   13   5   10   0.0012957948
1   13   6   10   0.0012606943
1   14   1   7   0.0063002835
1   14   2   8   0.0063002835
1   14   3   9   -0.0002830386
1   14   4   10   -0.0036219779
1   14   5   11   -0.0007511227
1   14   6   12   -0.0007511227
2   8   1   11   0.0129591267
2   8   1   12   -0.0040860140
2   8   2   11   0.0040860140
2   8   2   12   0.0129591267
2   8   3   10   0.0008644631
2   8   4   9   0.0009769534
2   8   5   7   0.0123841623
2   8   5   8   0.0039047277
2   8   6   7   -0.0039047277
2   8   6   8   0.0123841623
2   9   1   7   0.0111962712
2   9   2   8   0.0111962712
2   9   3   9   0.0096353397
2   9   4   10   0.0070870107
2   9   5   11   0.0154402701
2   9   6   12   0.0154402701
2   10   1   11   0.0087395460
2   10   1   12   -0.0027555798
2   10   2   11   0.0027555798
2   10   2   12   0.0087395460
2   10   3   10   -0.0024722272
2   10   4   9   -0.0003619278
2   10   5   7   0.0090265370
2   10   5   8   0.0028460681
2   10   6   7   -0.0028460681
2   10   6   8   0.0090265370
2   11   1   7   0.0125482226
2   11   2   8   0.0125482226
2   11   3   9   -0.0021150325
2   11   4   10   0.0011098682
2   11   5   11   0.0055056891
2   11   6   12   0.0055056891
2   12   1   10   0.0018194526
2   12   2   10   -0.0009791234
2   12   3   11   0.0021269037
2   12   3   12   -0.0021861213
2   12   4   7   0.0036623898
2   12   4   8   -0.0019708848
2   12   5   9   -0.0041838295
2   12   6   9   0.0043003163
2   13   1   10   0.0009791234
2   13   2   10   0.0018194526
2   13   3   11   0.0021861213
2   13   3   12   0.0021269037
2   13   4   7   0.0019708848
2   13   4   8   0.0036623898
2   13   5   9   -0.0043003163
2   13   6   9   -0.0041838295
2   14   1   11   -0.0003145895
2   14   1   12   0.0000991901
2   14   2   11   -0.0000991901
2   14   2   12   -0.0003145895
2   14   3   10   0.0022809041
2   14   4   9   -0.0026033486
2   14   5   7   0.0055518160
2   14   5   8   0.0017504882
2   14   6   7   -0.0017504882
2   14   6   8   0.0055518160
3   8   1   7   0.0088711920
3   8   2   8   0.0088711920
3   8   3   9   -0.0017809201
3   8   4   10   0.0066894114
3   8   5   11   0.0108322143
3   8   6   12   0.0108322143
3   9   1   11   0.0090265370
3   9   1   12   -0.0028460681
3   9   2   11   0.0028460681
3   9   2   12   0.0090265370
3   9   3   10   -0.0003619278
3   9   4   9   -0.0024722272
3   9   5   7   0.0087395460
3   9   5   8   0.0027555798
3   9   6   7   -0.0027555798
3   9   6   8   0.0087395460
3   10   1   7   0.0306036378
3   10   2   8   0.0306036378
3   10   3   9   0.0175604931
3   10   4   10   0.0371246137
3   10   5   11   0.0303939484
3   10   6   12   0.0303939484
3   11   1   11   0.0081078498
3   11   1   12   -0.0025564059
3   11   2   11   0.0025564059
3   11   2   12   0.0081078498
3   11   3   10   -0.0048499350
3   11   4   9   0.0054859551
3   11   5   7   0.0157929017
3   11   5   8   0.0049795036
3   11   6   7   -0.0049795036
3   11   6   8   0.0157929017
3   12   1   9   -0.0168313109
3   12   2   9   0.0090576311
3   12   3   7   -0.0311328695
3   12   3   8   0.0167538968
3   12   4   11   -0.0213116891
3   12   4   12   0.0219050524
3   12   5   10   -0.0013726785
3   12   6   10   0.0014108968
3   13   1   9   -0.0090576311
3   13   2   9   -0.0168313109
3   13   3   7   -0.0167538968
3   13   3   8   -0.0311328695
3   13   4   11   -0.0219050524
3   13   4   12   -0.0213116891
3   13   5   10   -0.0014108968
3   13   6   10   -0.0013726785
3   14   1   7   0.0211425043
3   14   2   8   0.0211425043
3   14   3   9   0.0066773275
3   14   4   10   -0.0195491395
3   14   5   11   -0.0026853095
3   14   6   12   -0.0026853095
4   8   1   11   0.0123076317
4   8   1   12   -0.0038805976
4   8   2   11   0.0038805976
4   8   2   12   0.0123076317
4   8   3   10   -0.0008794265
4   8   4   9   0.0002733820
4   8   5   7   0.0051275297
4   8   5   8   0.0016167107
4   8   6   7   -0.0016167107
4   8   6   8   0.0051275297
4   9   1   7   0.0125482226
4   9   2   8   0.0125482226
4   9   3   9   -0.0021150325
4   9   4   10   0.0011098682
4   9   5   11   0.0055056891
4   9   6   12   0.0055056891
4   10   1   11   0.0157929017
4   10   1   12   -0.0049795036
4   10   2   11   0.0049795036
4   10   2   12   0.0157929017
4   10   3   10   0.0054859551
4   10   4   9   -0.0048499350
4   10   5   7   0.0081078498
4   10   5   8   0.0025564059
4   10   6   7   -0.0025564059
4   10   6   8   0.0081078498
4   11   1   7   0.0718416429
4   11   2   8   0.0718416429
4   11   3   9   0.0378247593
4   11   4   10   0.0167590717
4   11   5   11   0.0114212186
4   11   6   12   0.0114212186
4   12   1   10   0.0157535870
4   12   2   10   -0.0084776628
4   12   3   11   -0.0233033800
4   12   3   12   0.0239521963
4   12   4   7   -0.0005286000
4   12   4   8   0.0002844617
4   12   5   9   -0.0050108794
4   12   6   9   0.0051503930
4   13   1   10   0.0084776628
4   13   2   10   0.0157535870
4   13   3   11   -0.0239521963
4   13   3   12   -0.0233033800
4   13   4   7   -0.0002844617
4   13   4   8   -0.0005286000
4   13   5   9   -0.0051503930
4   13   6   9   -0.0050108794
4   14   1   11   -0.0085242724
4   14   1   12   0.0026877040
4   14   2   11   -0.0026877040
4   14   2   12   -0.0085242724
4   14   3   10   -0.0332463398
4   14   4   9   -0.0180445507
4   14   5   7   0.0018423038
4   14   5   8   0.0005808786
4   14   6   7   -0.0005808786
4   14   6   8   0.0018423038
5   8   1   9   0.0000275957
5   8   2   9   -0.0000148504
5   8   3   7   -0.0053516276
5   8   3   8   0.0028799342
5   8   4   11   0.0012606943
5   8   4   12   -0.0012957948
5   8   5   10   -0.0023624621
5   8   6   10   0.0024282382
5   9   1   10   0.0036623898
5   9   2   10   -0.0019708848
5   9   3   11   -0.0041838295
5   9   3   12   0.0043003163
5   9   4   7   0.0018194526
5   9   4   8   -0.0009791234
5   9   5   9   0.0021269037
5   9   6   9   -0.0021861213
5   10   1   9   -0.0311328695
5   10   2   9   0.0167538968
5   10   3   7   -0.0168313109
5   10   3   8   0.0090576311
5   10   4   11   -0.0013726785
5   10   4   12   0.0014108968
5   10   5   10   -0.0213116891
5   10   6   10   0.0219050524
5   11   1   10   -0.0005286000
5   11   2   10   0.0002844617
5   11   3   11   -0.0050108794
5   11   3   12   0.0051503930
5   11   4   7   0.0157535870
5   11   4   8   -0.0084776628
5   11   5   9   -0.0233033800
5   11   6   9   0.0239521963
5   12   1   7   0.0933560236
5   12   1   8   -0.0415842489
5   12   2   7   -0.0415842489
5   12   2   8   0.0384604607
5   12   3   9   0.0123370062
5   12   4   10   0.0186872442
5   12   5   11   0.0378831594
5   12   5   12   -0.0321576395
5   12   6   11   -0.0321576395
5   12   6   12   0.0396495824
5   13   1   7   0.0415842489
5   13   1   8   0.0617147789
5   13   2   7   -0.0068192160
5   13   2   8   -0.0415842489
5   13   5   11   0.0321576395
5   13   5   12   0.0230458339
5   13   6   11   -0.0248122569
5   13   6   12   -0.0321576395
5   14   1   9   -0.0037429498
5   14   2   9   0.0020142375
5   14   3   7   -0.0100440229
5   14   3   8   0.0054051081
5   14   4   11   -0.0022656986
5   14   4   12   0.0023287805
5   14   5   10   0.0242936252
5   14   6   10   -0.0249700120
6   8   1   9   0.0000148504
6   8   2   9   0.0000275957
6   8   3   7   -0.0028799342
6   8   3   8   -0.0053516276
6   8   4   11   0.0012957948
6   8   4   12   0.0012606943
6   8   5   10   -0.0024282382
6   8   6   10   -0.0023624621
6   9   1   10   0.0019708848
6   9   2   10   0.0036623898
6   9   3   11   -0.0043003163
6   9   3   12   -0.0041838295
6   9   4   7   0.0009791234
6   9   4   8   0.0018194526
6   9   5   9   0.0021861213
6   9   6   9   0.0021269037
6   10   1   9   -0.0167538968
6   10   2   9   -0.0311328695
6   10   3   7   -0.0090576311
6   10   3   8   -0.0168313109
6   10   4   11   -0.0014108968
6   10   4   12   -0.0013726785
6   10   5   10   -0.0219050524
6   10   6   10   -0.0213116891
6   11   1   10   -0.0002844617
6   11   2   10   -0.0005286000
6   11   3   11   -0.0051503930
6   11   3   12   -0.0050108794
6   11   4   7   0.0084776628
6   11   4   8   0.0157535870
6   11   5   9   -0.0239521963
6   11   6   9   -0.0233033800
6   12   1   7   0.0415842489
6   12   1   8   -0.0068192160
6   12   2   7   0.0617147789
6   12   2   8   -0.0415842489
6   12   5   11   0.0321576395
6   12   5   12   -0.0248122569
6   12   6   11   0.0230458339
6   12   6   12   -0.0321576395
6   13   1   7   0.0384604607
6   13   1   8   0.0415842489
6   13   2   7   0.0415842489
6   13   2   8   0.0933560236
6   13   3   9   0.0123370062
6   13   4   10   0.0186872442
6   13   5   11   0.0396495824
6   13   5   12   0.0321576395
6   13   6   11   0.0321576395
6   13   6   12   0.0378831594
6   14   1   9   -0.0020142375
6   14   2   9   -0.0037429498
6   14   3   7   -0.0054051081
6   14   3   8   -0.0100440229
6   14   4   11   -0.0023287805
6   14   4   12   -0.0022656986
6   14   5   10   0.0249700120
6   14   6   10   0.0242936252
7   8   1   7   0.0063002835
7   8   2   8   0.0063002835
7   8   3   9   -0.0002830386
7   8   4   10   -0.0036219779
7   8   5   11   -0.0007511227
7   8   6   12   -0.0007511227
7   9   1   11   0.0055518160
7   9   1   12   -0.0017504882
7   9   2   11   0.0017504882
7   9   2   12   0.0055518160
7   9   3   10   -0.0026033486
7   9   4   9   0.0022809041
7   9   5   7   -0.0003145895
7   9   5   8   -0.0000991901
7   9   6   7   0.0000991901
7   9   6   8   -0.0003145895
7   10   1   7   0.0211425043
7   10   2   8   0.0211425043
7   10   3   9   0.0066773275
7   10   4   10   -0.0195491395
7   10   5   11   -0.0026853095
7   10   6   12   -0.0026853095
7   11   1   11   0.0018423038
7   11   1   12   -0.0005808786
7   11   2   11   0.0005808786
7   11   2   12   0.0018423038
7   11   3   10   -0.0180445507
7   11   4   9   -0.0332463398
7   11   5   7   -0.0085242724
7   11   5   8   -0.0026877040
7   11   6   7   0.0026877040
7   11   6   8   -0.0085242724
7   12   1   9   -0.0100440229
7   12   2   9   0.0054051081
7   12   3   7   -0.0037429498
7   12   3   8   0.0020142375
7   12   4   11   0.0242936252
7   12   4   12   -0.0249700120
7   12   5   10   -0.0022656986
7   12   6   10   0.0023287805
7   13   1   9   -0.0054051081
7   13   2   9   -0.0100440229
7   13   3   7   -0.0020142375
7   13   3   8   -0.0037429498
7   13   4   11   0.0249700120
7   13   4   12   0.0242936252
7   13   5   10   -0.0023287805
7   13   6   10   -0.0022656986
7   14   1   7   0.0426490700
7   14   2   8   0.0426490700
7   14   3   9   0.0234964551
7   14   4   10   0.0414801919
7   14   5   11   0.0139206209
7   14   6   12   0.0139206209

End IJAB Block
Begin ABCD Block
1   7   1   7   0.4667311046
1   7   2   8   0.0178125942
1   7   3   9   0.0147211060
1   7   4   10   0.0074376952
1   7   5   11   0.0364375489
1   7   5   12   -0.0094954464
1   7   6   11   -0.0094954464
1   7   6   12   0.0093158814
1   8   1   8   0.4311059161
1   8   2   7   0.0178125942
1   8   5   11   0.0094954464
1   8   5   12   0.0237936166
1   8   6   11   0.0033280509
1   8   6   12   -0.0094954464
1   9   1   9   0.3307634632
1   9   3   7   0.0147211060
1   9   4   11   0.0032957445
1   9   4   12   -0.0010391486
1   9   5   10   0.0163582410
1   9   6   10   -0.0051577551
1   10   1   10   0.3756774519
1   10   3   11   0.0081016717
1   10   3   12   -0.0025544579
1   10   4   7   0.0074376952
1   10   5   9   0.0163582410
1   10   6   9   -0.0051577551
1   11   1   11   0.4209135000
1   11   1   12   -0.0077986655
1   11   2   11   0.0077986655
1   11   2   12   0.0111375918
1   11   3   10   0.0081016717
1   11   4   9   0.0032957445
1   11   5   7   0.0364375489
1   11   5   8   0.0094954464
1   11   6   7   -0.0094954464
1   11   6   8   0.0033280509
1   12   1   11   -0.0077986655
1   12   1   12   0.3986383164
1   12   2   11   0.0111375918
1   12   2   12   -0.0077986655
1   12   3   10   -0.0025544579
1   12   4   9   -0.0010391486
1   12   5   7   -0.0094954464
1   12   5   8   0.0237936166
1   12   6   7   0.0093158814
1   12   6   8   -0.0094954464
2   7   1   8   0.0178125942
2   7   2   7   0.4311059161
2   7   5   11   0.0094954464
2   7   5   12   0.0033280509
2   7   6   11   0.0237936166
2   7   6   12   -0.0094954464
2   8   1   7   0.0178125942
2   8   2   8   0.4667311046
2   8   3   9   0.0147211060
2   8   4   10   0.0074376952
2   8   5   11   0.0093158814
2   8   5   12   0.0094954464
2   8   6   11   0.0094954464
2   8   6   12   0.0364375489
2   9   2   9   0.3307634632
2   9   3   8   0.0147211060
2   9   4   11   0.0010391486
2   9   4   12   0.0032957445
2   9   5   10   0.0051577551
2   9   6   10   0.0163582410
2   10   2   10   0.3756774519
2   10   3   11   0.0025544579
2   10   3   12   0.0081016717
2   10   4   8   0.0074376952
2   10   5   9   0.0051577551
2   10   6   9   0.0163582410
2   11   1   11   0.0077986655
2   11   1   12   0.0111375918
2   11   2   11   0.3986383164
2   11   2   12   0.0077986655
2   11   3   10   0.0025544579
2   11   4   9   0.0010391486
2   11   5   7   0.0094954464
2   11   5   8   0.0093158814
2   11   6   7   0.0237936166
2   11   6   8   0.0094954464
2   12   1   11   0.0111375918
2   12   1   12   -0.0077986655
2   12   2   11   0.0077986655
2   12   2   12   0.4209135000
2   12   3   10   0.0081016717
2   12   4   9   0.0032957445
2   12   5   7   0.0033280509
2   12   5   8   0.0094954464
2   12   6   7   -0.0094954464
2   12   6   8   0.0364375489
3   7   1   9   0.0147211060
3   7   3   7   0.3307634632
3   7   4   11   0.0163582410
3   7   4   12   -0.0051577551
3   7   5   10   0.0032957445
3   7   6   10   -0.0010391486
3   8   2   9   0.0147211060
3   8   3   8   0.3307634632
3   8   4   11   0.0051577551
3   8   4   12   0.0163582410
3   8   5   10   0.0010391486
3   8   6   10   0.0032957445
3   9   1   7   0.0147211060
3   9   2   8   0.0147211060
3   9   3   9   0.3489313291
3   9   4   10   0.0964645175
3   9   5   11   0.0076380479
3   9   6   12   0.0076380479
3   10   1   11   0.0081016717
3   10   1   12   -0.0025544579
3   10   2   11   0.0025544579
3   10   2   12   0.0081016717
3   10   3   10   0.3309240239
3   10   4   9   0.0964645175
3   10   5   7   0.0032957445
3   10   5   8   0.0010391486
3   10   6   7   -0.0010391486
3   10   6   8   0.0032957445
3   11   1   10   0.0081016717
3   11   2   10   0.0025544579
3   11   3   11   0.3019178577
3   11   4   7   0.0163582410
3   11   4   8   0.0051577551
3   11   5   9   0.0076380479
3   12   1   10   -0.0025544579
3   12   2   10   0.0081016717
3   12   3   12   0.3019178577
3   12   4   7   -0.0051577551
3   12   4   8   0.0163582410
3   12   6   9   0.0076380479
4   7   1   10   0.0074376952
4   7   3   11   0.0163582410
4   7   3   12   -0.0051577551
4   7   4   7   0.3756774519
4   7   5   9   0.0081016717
4   7   6   9   -0.0025544579
4   8   2   10   0.0074376952
4   8   3   11   0.0051577551
4   8   3   12   0.0163582410
4   8   4   8   0.3756774519
4   8   5   9   0.0025544579
4   8   6   9   0.0081016717
4   9   1   11   0.0032957445
4   9   1   12   -0.0010391486
4   9   2   11   0.0010391486
4   9   2   12   0.0032957445
4   9   3   10   0.0964645175
4   9   4   9   0.3309240239
4   9   5   7   0.0081016717
4   9   5   8   0.0025544579
4   9   6   7   -0.0025544579
4   9   6   8   0.0081016717
4   10   1   7   0.0074376952
4   10   2   8   0.0074376952
4   10   3   9   0.0964645175
4   10   4   10   0.3635223002
4   10   5   11   0.0184720558
4   10   6   12   0.0184720558
4   11   1   9   0.0032957445
4   11   2   9   0.0010391486
4   11   3   7   0.0163582410
4   11   3   8   0.0051577551
4   11   4   11   0.3608133076
4   11   5   10   0.0184720558
4   12   1   9   -0.0010391486
4   12   2   9   0.0032957445
4   12   3   7   -0.0051577551
4   12   3   8   0.0163582410
4   12   4   12   0.3608133076
4   12   6   10   0.0184720558
5   7   1   11   0.0364375489
5   7   1   12   -0.0094954464
5   7   2   11   0.0094954464
5   7   2   12   0.0033280509
5   7   3   10   0.0032957445
5   7   4   9   0.0081016717
5   7   5   7   0.4209135000
5   7   5   8   0.0077986655
5   7   6   7   -0.0077986655
5   7   6   8   0.0111375918
5   8   1   11   0.0094954464
5   8   1   12   0.0237936166
5   8   2   11   0.0093158814
5   8   2   12   0.0094954464
5   8   3   10   0.0010391486
5   8   4   9   0.0025544579
5   8   5   7   0.0077986655
5   8   5   8   0.3986383164
5   8   6   7   0.0111375918
5   8   6   8   0.0077986655
5   9   1   10   0.0163582410
5   9   2   10   0.0051577551
5   9   3   11   0.0076380479
5   9   4   7   0.0081016717
5   9   4   8   0.0025544579
5   9   5   9   0.3019178577
5   10   1   9   0.0163582410
5   10   2   9   0.0051577551
5   10   3   7   0.0032957445
5   10   3   8   0.0010391486
5   10   4   11   0.0184720558
5   10   5   10   0.3608133076
5   11   1   7   0.0364375489
5   11   1   8   0.0094954464
5   11   2   7   0.0094954464
5   11   2   8   0.0093158814
5   11   3   9   0.0076380479
5   11   4   10   0.0184720558
5   11   5   11   0.4180928350
5   11   6   12   0.0170639778
5   12   1   7   -0.0094954464
5   12   1   8   0.0237936166
5   12   2   7   0.0033280509
5   12   2   8   0.0094954464
5   12   5   12   0.3839648795
5   12   6   11   0.0170639778
6   7   1   11   -0.0094954464
6   7   1   12   0.0093158814
6   7   2   11   0.0237936166
6   7   2   12   -0.0094954464
6   7   3   10   -0.0010391486
6   7   4   9   -0.0025544579
6   7   5   7   -0.0077986655
6   7   5   8   0.0111375918
6   7   6   7   0.3986383164
6   7   6   8   -0.0077986655
6   8   1   11   0.0033280509
6   8   1   12   -0.0094954464
6   8   2   11   0.0094954464
6   8   2   12   0.0364375489
6   8   3   10   0.0032957445
6   8   4   9   0.0081016717
6   8   5   7   0.0111375918
6   8   5   8   0.0077986655
6   8   6   7   -0.0077986655
6   8   6   8   0.4209135000
6   9   1   10   -0.0051577551
6   9   2   10   0.0163582410
6   9   3   12   0.0076380479
6   9   4   7   -0.0025544579
6   9   4   8   0.0081016717
6   9   6   9   0.3019178577
6   10   1   9   -0.0051577551
6   10   2   9   0.0163582410
6   10   3   7   -0.0010391486
6   10   3   8   0.0032957445
6   10   4   12   0.0184720558
6   10   6   10   0.3608133076
6   11   1   7   -0.0094954464
6   11   1   8   0.0033280509
6   11   2   7   0.0237936166
6   11   2   8   0.0094954464
6   11   5   12   0.0170639778
6   11   6   11   0.3839648795
6   12   1   7   0.0093158814
6   12   1   8   -0.0094954464
6   12   2   7   -0.0094954464
6   12   2   8   0.0364375489
6   12   3   9   0.0076380479
6   12   4   10   0.0184720558
6   12   5   11   0.0170639778
6   12   6   12   0.4180928350

End ABCD Block
Begin AIJB Block
1   8   1   7   0.0104051095
1   8   2   11   0.0124769690
1   8   2   12   -0.0039339897
1   8   3   7   0.0082446870
1   8   4   11   0.0121890084
1   8   4   12   -0.0038431956
1   8   5   9   0.0006518801
1   8   6   9   0.0003508039
1   8   7   7   0.0061154200
1   9   1   11   0.0119134622
1   9   1   12   -0.0037563159
1   9   2   7   0.0108508038
1   9   3   11   0.0087567465
1   9   3   12   -0.0027610031
1   9   4   7   0.0121033332
1   9   5   10   0.0036606235
1   9   6   10   0.0019699343
1   9   7   11   0.0055498530
1   9   7   12   -0.0017498692
1   10   1   7   0.0082446870
1   10   2   11   0.0083035645
1   10   2   12   -0.0026181148
1   10   3   7   0.0266259962
1   10   4   11   0.0143246329
1   10   4   12   -0.0045165583
1   10   5   9   -0.0287146883
1   10   6   9   -0.0154525726
1   10   7   7   0.0197609463
1   11   1   11   0.0046233226
1   11   1   12   -0.0014577341
1   11   2   7   0.0121033332
1   11   3   11   0.0054550713
1   11   3   12   -0.0017199846
1   11   4   7   0.0672336563
1   11   5   10   0.0000837402
1   11   6   10   0.0000450641
1   11   7   11   -0.0004158490
1   11   7   12   0.0001311172
1   12   1   9   -0.0048394399
1   12   2   10   0.0018891310
1   12   3   9   -0.0135421816
1   12   4   10   0.0161972505
1   12   5   7   0.0921906048
1   12   5   8   -0.0421713081
1   12   6   7   0.0421713081
1   12   6   8   -0.0089415011
1   12   7   9   -0.0091612232
1   13   1   9   -0.0026043047
1   13   2   10   0.0010166203
1   13   3   9   -0.0072876133
1   13   4   10   0.0087164167
1   13   5   7   0.0421713081
1   13   5   8   0.0646120437
1   13   6   7   0.0365200622
1   13   6   8   0.0421713081
1   13   7   9   -0.0049300366
1   14   1   7   0.0061154200
1   14   2   11   -0.0004228371
1   14   2   12   0.0001333206
1   14   3   7   0.0197609463
1   14   4   11   -0.0109862741
1   14   4   12   0.0034639734
1   14   5   9   -0.0041472706
1   14   6   9   -0.0022318194
1   14   7   7   0.0374471514
2   8   1   8   0.0104051095
2   8   2   11   0.0039339897
2   8   2   12   0.0124769690
2   8   3   8   0.0082446870
2   8   4   11   0.0038431956
2   8   4   12   0.0121890084
2   8   5   9   -0.0003508039
2   8   6   9   0.0006518801
2   8   7   8   0.0061154200
2   9   1   11   0.0037563159
2   9   1   12   0.0119134622
2   9   2   8   0.0108508038
2   9   3   11   0.0027610031
2   9   3   12   0.0087567465
2   9   4   8   0.0121033332
2   9   5   10   -0.0019699343
2   9   6   10   0.0036606235
2   9   7   11   0.0017498692
2   9   7   12   0.0055498530
2   10   1   8   0.0082446870
2   10   2   11   0.0026181148
2   10   2   12   0.0083035645
2   10   3   8   0.0266259962
2   10   4   11   0.0045165583
2   10   4   12   0.0143246329
2   10   5   9   0.0154525726
2   10   6   9   -0.0287146883
2   10   7   8   0.0197609463
2   11   1   11   0.0014577341
2   11   1   12   0.0046233226
2   11   2   8   0.0121033332
2   11   3   11   0.0017199846
2   11   3   12   0.0054550713
2   11   4   8   0.0672336563
2   11   5   10   -0.0000450641
2   11   6   10   0.0000837402
2   11   7   11   -0.0001311172
2   11   7   12   -0.0004158490
2   12   1   9   0.0026043047
2   12   2   10   -0.0010166203
2   12   3   9   0.0072876133
2   12   4   10   -0.0087164167
2   12   5   7   -0.0421713081
2   12   5   8   0.0365200622
2   12   6   7   0.0646120437
2   12   6   8   -0.0421713081
2   12   7   9   0.0049300366
2   13   1   9   -0.0048394399
2   13   2   10   0.0018891310
2   13   3   9   -0.0135421816
2   13   4   10   0.0161972505
2   13   5   7   -0.0089415011
2   13   5   8   -0.0421713081
2   13   6   7   0.0421713081
2   13   6   8   0.0921906048
2   13   7   9   -0.0091612232
2   14   1   8   0.0061154200
2   14   2   11   -0.0001333206
2   14   2   12   -0.0004228371
2   14   3   8   0.0197609463
2   14   4   11   -0.0034639734
2   14   4   12   -0.0109862741
2   14   5   9   0.0022318194
2   14   6   9   -0.0041472706
2   14   7   8   0.0374471514
3   8   1   9   0.0093225569
3   8   2   10   0.0007009203
3   8   3   9   -0.0019990966
3   8   4   10   -0.0007523192
3   8   5   7   -0.0048394399
3   8   5   8   0.0026043047
3   8   6   7   -0.0026043047
3   8   6   8   -0.0048394399
3   8   7   9   -0.0004363095
3   9   1   10   0.0008074040
3   9   2   9   0.0093784254
3   9   3   10   -0.0003173682
3   9   4   9   -0.0020256354
3   9   5   11   -0.0041795334
3   9   5   12   0.0042959007
3   9   6   11   -0.0042959007
3   9   6   12   -0.0041795334
3   9   7   10   -0.0024368932
3   10   1   9   -0.0019990966
3   10   2   10   -0.0023712910
3   10   3   9   0.0141098365
3   10   4   10   0.0054151762
3   10   5   7   -0.0135421816
3   10   5   8   0.0072876133
3   10   6   7   -0.0072876133
3   10   6   8   -0.0135421816
3   10   7   9   0.0059326932
3   11   1   10   0.0003488165
3   11   2   9   -0.0020256354
3   11   3   10   -0.0048964684
3   11   4   9   0.0355891462
3   11   5   11   -0.0044084434
3   11   5   12   0.0045311840
3   11   6   11   -0.0045311840
3   11   6   12   -0.0044084434
3   11   7   10   -0.0179763245
3   12   1   7   0.0006518801
3   12   1   8   -0.0003508039
3   12   2   11   0.0021048120
3   12   2   12   -0.0021634145
3   12   3   7   -0.0287146883
3   12   3   8   0.0154525726
3   12   4   11   -0.0225871418
3   12   4   12   0.0232160164
3   12   5   9   0.0108550017
3   12   7   7   -0.0041472706
3   12   7   8   0.0022318194
3   13   1   7   0.0003508039
3   13   1   8   0.0006518801
3   13   2   11   0.0021634145
3   13   2   12   0.0021048120
3   13   3   7   -0.0154525726
3   13   3   8   -0.0287146883
3   13   4   11   -0.0232160164
3   13   4   12   -0.0225871418
3   13   6   9   0.0108550017
3   13   7   7   -0.0022318194
3   13   7   8   -0.0041472706
3   14   1   9   -0.0004363095
3   14   2   10   0.0022222633
3   14   3   9   0.0059326932
3   14   4   10   -0.0328662663
3   14   5   7   -0.0091612232
3   14   5   8   0.0049300366
3   14   6   7   -0.0049300366
3   14   6   8   -0.0091612232
3   14   7   9   0.0219265964
4   8   1   10   0.0074718411
4   8   2   9   0.0008074040
4   8   3   10   0.0064261290
4   8   4   9   0.0003488165
4   8   5   11   0.0013732863
4   8   5   12   -0.0014115216
4   8   6   11   0.0014115216
4   8   6   12   0.0013732863
4   8   7   10   -0.0035925285
4   9   1   9   0.0007009203
4   9   2   10   0.0067819743
4   9   3   9   -0.0023712910
4   9   4   10   0.0010701996
4   9   5   7   0.0018891310
4   9   5   8   -0.0010166203
4   9   6   7   0.0010166203
4   9   6   8   0.0018891310
4   9   7   9   0.0022222633
4   10   1   10   0.0064261290
4   10   2   9   -0.0003173682
4   10   3   10   0.0363655022
4   10   4   9   -0.0048964684
4   10   5   11   -0.0012123766
4   10   5   12   0.0012461317
4   10   6   11   -0.0012461317
4   10   6   12   -0.0012123766
4   10   7   10   -0.0196235089
4   11   1   9   -0.0007523192
4   11   2   10   0.0010701996
4   11   3   9   0.0054151762
4   11   4   10   0.0170219610
4   11   5   7   0.0161972505
4   11   5   8   -0.0087164167
4   11   6   7   0.0087164167
4   11   6   8   0.0161972505
4   11   7   9   -0.0328662663
4   12   1   11   -0.0023124902
4   12   1   12   0.0023768749
4   12   2   7   0.0036606235
4   12   2   8   -0.0019699343
4   12   3   11   -0.0218866287
4   12   3   12   0.0224959996
4   12   4   7   0.0000837402
4   12   4   8   -0.0000450641
4   12   5   10   0.0187864708
4   12   7   11   0.0252976758
4   12   7   12   -0.0260020176
4   13   1   11   -0.0023768749
4   13   1   12   -0.0023124902
4   13   2   7   0.0019699343
4   13   2   8   0.0036606235
4   13   3   11   -0.0224959996
4   13   3   12   -0.0218866287
4   13   4   7   0.0000450641
4   13   4   8   0.0000837402
4   13   6   10   0.0187864708
4   13   7   11   0.0260020176
4   13   7   12   0.0252976758
4   14   1   10   -0.0035925285
4   14   2   9   -0.0024368932
4   14   3   10   -0.0196235089
4   14   4   9   -0.0179763245
4   14   5   11   -0.0027733483
4   14   5   12   0.0028505643
4   14   6   11   -0.0028505643
4   14   6   12   -0.0027733483
4   14   7   10   0.0425196491
5   8   1   11   0.0159099547
5   8   2   7   0.0119134622
5   8   2   8   0.0037563159
5   8   3   11   0.0105863353
5   8   4   7   0.0046233226
5   8   4   8   0.0014577341
5   8   5   10   -0.0023124902
5   8   6   10   -0.0023768749
5   8   7   11   -0.0010517365
5   9   1   7   0.0124769690
5   9   1   8   0.0039339897
5   9   2   11   0.0151244623
5   9   3   7   0.0083035645
5   9   3   8   0.0026181148
5   9   4   11   0.0053194159
5   9   5   9   0.0021048120
5   9   6   9   0.0021634145
5   9   7   7   -0.0004228371
5   9   7   8   -0.0001333206
5   10   1   11   0.0105863353
5   10   2   7   0.0087567465
5   10   2   8   0.0027610031
5   10   3   11   0.0303249568
5   10   4   7   0.0054550713
5   10   4   8   0.0017199846
5   10   5   10   -0.0218866287
5   10   6   10   -0.0224959996
5   10   7   11   -0.0048305321
5   11   1   7   0.0121890084
5   11   1   8   0.0038431956
5   11   2   11   0.0053194159
5   11   3   7   0.0143246329
5   11   3   8   0.0045165583
5   11   4   11   0.0109204498
5   11   5   9   -0.0225871418
5   11   6   9   -0.0232160164
5   11   7   7   -0.0109862741
5   11   7   8   -0.0034639734
5   12   1   10   0.0013732863
5   12   2   9   -0.0041795334
5   12   3   10   -0.0012123766
5   12   4   9   -0.0044084434
5   12   5   11   0.0408684447
5   12   5   12   -0.0335302844
5   12   6   11   0.0335302844
5   12   6   12   -0.0262175475
5   12   7   10   -0.0027733483
5   13   1   10   0.0014115216
5   13   2   9   -0.0042959007
5   13   3   10   -0.0012461317
5   13   4   9   -0.0045311840
5   13   5   11   0.0335302844
5   13   5   12   0.0243757250
5   13   6   11   0.0427102673
5   13   6   12   0.0335302844
5   13   7   10   -0.0028505643
5   14   1   11   -0.0010517365
5   14   2   7   0.0055498530
5   14   2   8   0.0017498692
5   14   3   11   -0.0048305321
5   14   4   7   -0.0004158490
5   14   4   8   -0.0001311172
5   14   5   10   0.0252976758
5   14   6   10   0.0260020176
5   14   7   11   0.0137815967
6   8   1   12   0.0159099547
6   8   2   7   -0.0037563159
6   8   2   8   0.0119134622
6   8   3   12   0.0105863353
6   8   4   7   -0.0014577341
6   8   4   8   0.0046233226
6   8   5   10   0.0023768749
6   8   6   10   -0.0023124902
6   8   7   12   -0.0010517365
6   9   1   7   -0.0039339897
6   9   1   8   0.0124769690
6   9   2   12   0.0151244623
6   9   3   7   -0.0026181148
6   9   3   8   0.0083035645
6   9   4   12   0.0053194159
6   9   5   9   -0.0021634145
6   9   6   9   0.0021048120
6   9   7   7   0.0001333206
6   9   7   8   -0.0004228371
6   10   1   12   0.0105863353
6   10   2   7   -0.0027610031
6   10   2   8   0.0087567465
6   10   3   12   0.0303249568
6   10   4   7   -0.0017199846
6   10   4   8   0.0054550713
6   10   5   10   0.0224959996
6   10   6   10   -0.0218866287
6   10   7   12   -0.0048305321
6   11   1   7   -0.0038431956
6   11   1   8   0.0121890084
6   11   2   12   0.0053194159
6   11   3   7   -0.0045165583
6   11   3   8   0.0143246329
6   11   4   12   0.0109204498
6   11   5   9   0.0232160164
6   11   6   9   -0.0225871418
6   11   7   7   0.0034639734
6   11   7   8   -0.0109862741
6   12   1   10   -0.0014115216
6   12   2   9   0.0042959007
6   12   3   10   0.0012461317
6   12   4   9   0.0045311840
6   12   5   11   -0.0335302844
6   12   5   12   0.0427102673
6   12   6   11   0.0243757250
6   12   6   12   -0.0335302844
6   12   7   10   0.0028505643
6   13   1   10   0.0013732863
6   13   2   9   -0.0041795334
6   13   3   10   -0.0012123766
6   13   4   9   -0.0044084434
6   13   5   11   -0.0262175475
6   13   5   12   -0.0335302844
6   13   6   11   0.0335302844
6   13   6   12   0.0408684447
6   13   7   10   -0.0027733483
6   14   1   12   -0.0010517365
6   14   2   7   -0.0017498692
6   14   2   8   0.0055498530
6   14   3   12   -0.0048305321
6   14   4   7   0.0001311172
6   14   4   8   -0.0004158490
6   14   5   10   -0.0260020176
6   14   6   10   0.0252976758
6   14   7   12   0.0137815967

1   8   8   1   -0.6046054115
1   8   9   5   -0.1079719646
1   8   9   6   0.0340435718
1   8   10   1   0.0041896410
1   8   11   5   0.0040878805
1   8   11   6   -0.0012889092
1   8   12   3   0.0059299503
1   8   13   3   0.0031911538
1   8   14   1   0.0020108484
1   9   8   5   -0.1079693466
1   9   8   6   0.0340427464
1   9   9   1   -0.6046560784
1   9   10   5   0.0054406842
1   9   10   6   -0.0017154483
1   9   11   1   0.0040393732
1   9   12   4   -0.0007705191
1   9   13   4   -0.0004146485
1   9   14   5   0.0013386921
1   9   14   6   -0.0004220898
1   10   8   1   0.0041896410
1   10   9   5   0.0055277631
1   10   9   6   -0.0017429043
1   10   10   1   -0.5324841725
1   10   11   5   -0.0124955540
1   10   11   6   0.0039398495
1   10   12   3   0.0237925423
1   10   13   3   0.0128037603
1   10   14   1   0.0266879331
1   11   8   5   0.0040259350
1   11   8   6   -0.0012693777
1   11   9   1   0.0040393732
1   11   10   5   -0.0122379184
1   11   10   6   0.0038586170
1   11   11   1   -0.4769639343
1   11   12   4   -0.0036924225
1   11   13   4   -0.0019870467
1   11   14   5   -0.0093369267
1   11   14   6   0.0029439340
1   12   8   3   0.0058507456
1   12   9   4   -0.0007923897
1   12   10   3   0.0238999285
1   12   11   4   -0.0034652555
1   12   12   1   -0.5055301321
1   12   12   2   0.0151527517
1   12   13   1   -0.0151527517
1   12   13   2   -0.0109940168
1   12   14   3   0.0057946143
1   13   8   3   0.0031485305
1   13   9   4   -0.0004264180
1   13   10   3   0.0128615493
1   13   11   4   -0.0018647986
1   13   12   1   -0.0151527517
1   13   12   2   -0.0090092021
1   13   13   1   -0.4855269132
1   13   13   2   -0.0151527517
1   13   14   3   0.0031183238
1   14   8   1   0.0020108484
1   14   9   5   0.0012617722
1   14   9   6   -0.0003978369
1   14   10   1   0.0266879331
1   14   11   5   -0.0097102905
1   14   11   6   0.0030616556
1   14   12   3   0.0059532304
1   14   13   3   0.0032036818
1   14   14   1   -0.4808176956
2   8   8   2   -0.6046054115
2   8   9   5   -0.0340435718
2   8   9   6   -0.1079719646
2   8   10   2   0.0041896410
2   8   11   5   0.0012889092
2   8   11   6   0.0040878805
2   8   12   3   -0.0031911538
2   8   13   3   0.0059299503
2   8   14   2   0.0020108484
2   9   8   5   -0.0340427464
2   9   8   6   -0.1079693466
2   9   9   2   -0.6046560784
2   9   10   5   0.0017154483
2   9   10   6   0.0054406842
2   9   11   2   0.0040393732
2   9   12   4   0.0004146485
2   9   13   4   -0.0007705191
2   9   14   5   0.0004220898
2   9   14   6   0.0013386921
2   10   8   2   0.0041896410
2   10   9   5   0.0017429043
2   10   9   6   0.0055277631
2   10   10   2   -0.5324841725
2   10   11   5   -0.0039398495
2   10   11   6   -0.0124955540
2   10   12   3   -0.0128037603
2   10   13   3   0.0237925423
2   10   14   2   0.0266879331
2   11   8   5   0.0012693777
2   11   8   6   0.0040259350
2   11   9   2   0.0040393732
2   11   10   5   -0.0038586170
2   11   10   6   -0.0122379184
2   11   11   2   -0.4769639343
2   11   12   4   0.0019870467
2   11   13   4   -0.0036924225
2   11   14   5   -0.0029439340
2   11   14   6   -0.0093369267
2   12   8   3   -0.0031485305
2   12   9   4   0.0004264180
2   12   10   3   -0.0128615493
2   12   11   4   0.0018647986
2   12   12   1   0.0151527517
2   12   12   2   -0.4855269132
2   12   13   1   -0.0090092021
2   12   13   2   0.0151527517
2   12   14   3   -0.0031183238
2   13   8   3   0.0058507456
2   13   9   4   -0.0007923897
2   13   10   3   0.0238999285
2   13   11   4   -0.0034652555
2   13   12   1   -0.0109940168
2   13   12   2   0.0151527517
2   13   13   1   -0.0151527517
2   13   13   2   -0.5055301321
2   13   14   3   0.0057946143
2   14   8   2   0.0020108484
2   14   9   5   0.0003978369
2   14   9   6   0.0012617722
2   14   10   2   0.0266879331
2   14   11   5   -0.0030616556
2   14   11   6   -0.0097102905
2   14   12   3   -0.0032036818
2   14   13   3   0.0059532304
2   14   14   2   -0.4808176956
3   8   8   3   -0.3881977366
3   8   9   4   0.0612607982
3   8   10   3   0.0037437311
3   8   11   4   0.0031383904
3   8   12   1   0.0058507456
3   8   12   2   -0.0031485305
3   8   13   1   0.0031485305
3   8   13   2   0.0058507456
3   8   14   3   -0.0008029636
3   9   8   4   0.0612600933
3   9   9   3   -0.3882294810
3   9   10   4   -0.0040785445
3   9   11   3   0.0014645522
3   9   12   5   0.0031141027
3   9   12   6   -0.0032008060
3   9   13   5   0.0032008060
3   9   13   6   0.0031141027
3   9   14   4   0.0062459320
3   10   8   3   0.0037437311
3   10   9   4   -0.0040494520
3   10   10   3   -0.3484840990
3   10   11   4   0.0330899481
3   10   12   1   0.0238999285
3   10   12   2   -0.0128615493
3   10   13   1   0.0128615493
3   10   13   2   0.0238999285
3   10   14   3   0.0032693837
3   11   8   4   0.0031648533
3   11   9   3   0.0014645522
3   11   10   4   0.0331691403
3   11   11   3   -0.3602278462
3   11   12   5   0.0083495170
3   11   12   6   -0.0085819855
3   11   13   5   0.0085819855
3   11   13   6   0.0083495170
3   11   14   4   0.0948927367
3   12   8   1   0.0059299503
3   12   8   2   -0.0031911538
3   12   9   5   0.0030525208
3   12   9   6   -0.0031375095
3   12   10   1   0.0237925423
3   12   10   2   -0.0128037603
3   12   11   5   0.0083104668
3   12   11   6   -0.0085418481
3   12   12   3   -0.3362706072
3   12   14   1   0.0059532304
3   12   14   2   -0.0032036818
3   13   8   1   0.0031911538
3   13   8   2   0.0059299503
3   13   9   5   0.0031375095
3   13   9   6   0.0030525208
3   13   10   1   0.0128037603
3   13   10   2   0.0237925423
3   13   11   5   0.0085418481
3   13   11   6   0.0083104668
3   13   13   3   -0.3362706072
3   13   14   1   0.0032036818
3   13   14   2   0.0059532304
3   14   8   3   -0.0008029636
3   14   9   4   0.0062383018
3   14   10   3   0.0032693837
3   14   11   4   0.0949538784
3   14   12   1   0.0057946143
3   14   12   2   -0.0031183238
3   14   13   1   0.0031183238
3   14   13   2   0.0057946143
3   14   14   3   -0.3636591541
4   8   8   4   -0.4781641440
4   8   9   3   0.0612600933
4   8   10   4   -0.0008548080
4   8   11   3   0.0031648533
4   8   12   5   0.0019888600
4   8   12   6   -0.0020442341
4   8   13   5   0.0020442341
4   8   13   6   0.0019888600
4   8   14   4   0.0066677411
4   9   8   3   0.0612607982
4   9   9   4   -0.4781458051
4   9   10   3   -0.0040494520
4   9   11   4   0.0052311812
4   9   12   1   -0.0007923897
4   9   12   2   0.0004264180
4   9   13   1   -0.0004264180
4   9   13   2   -0.0007923897
4   9   14   3   0.0062383018
4   10   8   4   -0.0008548080
4   10   9   3   -0.0040785445
4   10   10   4   -0.4604633800
4   10   11   3   0.0331691403
4   10   12   5   0.0176987622
4   10   12   6   -0.0181915338
4   10   13   5   0.0181915338
4   10   13   6   0.0176987622
4   10   14   4   0.0320988349
4   11   8   3   0.0031383904
4   11   9   4   0.0052311812
4   11   10   3   0.0330899481
4   11   11   4   -0.3935219763
4   11   12   1   -0.0034652555
4   11   12   2   0.0018647986
4   11   13   1   -0.0018647986
4   11   13   2   -0.0034652555
4   11   14   3   0.0949538784
4   12   8   5   0.0020310241
4   12   8   6   -0.0020875722
4   12   9   1   -0.0007705191
4   12   9   2   0.0004146485
4   12   10   5   0.0175701243
4   12   10   6   -0.0180593144
4   12   11   1   -0.0036924225
4   12   11   2   0.0019870467
4   12   12   4   -0.4138081481
4   12   14   5   0.0006047868
4   12   14   6   -0.0006216254
4   13   8   5   0.0020875722
4   13   8   6   0.0020310241
4   13   9   1   -0.0004146485
4   13   9   2   -0.0007705191
4   13   10   5   0.0180593144
4   13   10   6   0.0175701243
4   13   11   1   -0.0019870467
4   13   11   2   -0.0036924225
4   13   13   4   -0.4138081481
4   13   14   5   0.0006216254
4   13   14   6   0.0006047868
4   14   8   4   0.0066677411
4   14   9   3   0.0062459320
4   14   10   4   0.0320988349
4   14   11   3   0.0948927367
4   14   12   5   0.0006236318
4   14   12   6   -0.0006409951
4   14   13   5   0.0006409951
4   14   13   6   0.0006236318
4   14   14   4   -0.4065501238
5   8   8   5   -0.5801336166
5   8   9   1   -0.1079693466
5   8   9   2   -0.0340427464
5   8   10   5   0.0020960332
5   8   11   1   0.0040259350
5   8   11   2   0.0012693777
5   8   12   4   0.0020310241
5   8   13   4   0.0020875722
5   8   14   5   0.0088888676
5   9   8   1   -0.1079719646
5   9   8   2   -0.0340435718
5   9   9   5   -0.5801633852
5   9   10   1   0.0055277631
5   9   10   2   0.0017429043
5   9   11   5   0.0087272841
5   9   12   3   0.0030525208
5   9   13   3   0.0031375095
5   9   14   1   0.0012617722
5   9   14   2   0.0003978369
5   10   8   5   0.0020960332
5   10   9   1   0.0054406842
5   10   9   2   0.0017154483
5   10   10   5   -0.5199518582
5   10   11   1   -0.0122379184
5   10   11   2   -0.0038586170
5   10   12   4   0.0175701243
5   10   13   4   0.0180593144
5   10   14   5   0.0416122445
5   11   8   1   0.0040878805
5   11   8   2   0.0012889092
5   11   9   5   0.0087272841
5   11   10   1   -0.0124955540
5   11   10   2   -0.0039398495
5   11   11   5   -0.4168536640
5   11   12   3   0.0083104668
5   11   13   3   0.0085418481
5   11   14   1   -0.0097102905
5   11   14   2   -0.0030616556
5   12   8   4   0.0019888600
5   12   9   3   0.0031141027
5   12   10   4   0.0176987622
5   12   11   3   0.0083495170
5   12   12   5   -0.4642288792
5   12   12   6   0.0160455520
5   12   13   5   -0.0160455520
5   12   13   6   0.0003072043
5   12   14   4   0.0006236318
5   13   8   4   0.0020442341
5   13   9   3   0.0032008060
5   13   10   4   0.0181915338
5   13   11   3   0.0085819855
5   13   12   5   -0.0160455520
5   13   12   6   0.0005741798
5   13   13   5   -0.4651102632
5   13   13   6   -0.0160455520
5   13   14   4   0.0006409951
5   14   8   5   0.0088888676
5   14   9   1   0.0013386921
5   14   9   2   0.0004220898
5   14   10   5   0.0416122445
5   14   11   1   -0.0093369267
5   14   11   2   -0.0029439340
5   14   12   4   0.0006047868
5   14   13   4   0.0006216254
5   14   14   5   -0.4272261938
6   8   8   6   -0.5801336166
6   8   9   1   0.0340427464
6   8   9   2   -0.1079693466
6   8   10   6   0.0020960332
6   8   11   1   -0.0012693777
6   8   11   2   0.0040259350
6   8   12   4   -0.0020875722
6   8   13   4   0.0020310241
6   8   14   6   0.0088888676
6   9   8   1   0.0340435718
6   9   8   2   -0.1079719646
6   9   9   6   -0.5801633852
6   9   10   1   -0.0017429043
6   9   10   2   0.0055277631
6   9   11   6   0.0087272841
6   9   12   3   -0.0031375095
6   9   13   3   0.0030525208
6   9   14   1   -0.0003978369
6   9   14   2   0.0012617722
6   10   8   6   0.0020960332
6   10   9   1   -0.0017154483
6   10   9   2   0.0054406842
6   10   10   6   -0.5199518582
6   10   11   1   0.0038586170
6   10   11   2   -0.0122379184
6   10   12   4   -0.0180593144
6   10   13   4   0.0175701243
6   10   14   6   0.0416122445
6   11   8   1   -0.0012889092
6   11   8   2   0.0040878805
6   11   9   6   0.0087272841
6   11   10   1   0.0039398495
6   11   10   2   -0.0124955540
6   11   11   6   -0.4168536640
6   11   12   3   -0.0085418481
6   11   13   3   0.0083104668
6   11   14   1   0.0030616556
6   11   14   2   -0.0097102905
6   12   8   4   -0.0020442341
6   12   9   3   -0.0032008060
6   12   10   4   -0.0181915338
6   12   11   3   -0.0085819855
6   12   12   5   0.0160455520
6   12   12   6   -0.4651102632
6   12   13   5   0.0005741798
6   12   13   6   0.0160455520
6   12   14   4   -0.0006409951
6   13   8   4   0.0019888600
6   13   9   3   0.0031141027
6   13   10   4   0.0176987622
6   13   11   3   0.0083495170
6   13   12   5   0.0003072043
6   13   12   6   0.0160455520
6   13   13   5   -0.0160455520
6   13   13   6   -0.4642288792
6   13   14   4   0.0006236318
6   14   8   6   0.0088888676
6   14   9   1   -0.0004220898
6   14   9   2   0.0013386921
6   14   10   6   0.0416122445
6   14   11   1   0.0029439340
6   14   11   2   -0.0093369267
6   14   12   4   -0.0006216254
6   14   13   4   0.0006047868
6   14   14   6   -0.4272261938

End AIJB Block
Begin IJKA Block
1   8   1   10   -0.0110862904
1   8   2   9   -0.1049599928
1   8   3   10   0.0093940631
1   8   4   9   0.0155453048
1   8   5   11   -0.0102566905
1   8   5   12   0.0105422588
1   8   6   11   -0.0105422588
1   8   6   12   -0.0102566905
1   8   7   10   -0.0098066744
1   9   1   9   -0.1075208469
1   9   2   10   -0.0240242439
1   9   3   9   0.0179277120
1   9   4   10   -0.0024182012
1   9   5   7   -0.0107218408
1   9   5   8   0.0057698702
1   9   6   7   -0.0057698702
1   9   6   8   -0.0107218408
1   9   7   9   0.0062025090
1   10   1   10   0.1061946340
1   10   2   9   0.0859938837
1   10   3   10   0.0035057914
1   10   4   9   -0.0035217360
1   10   5   11   -0.0074604233
1   10   5   12   0.0076681375
1   10   6   11   -0.0076681375
1   10   6   12   -0.0074604233
1   10   7   10   -0.0112713777
1   11   1   9   0.1442240585
1   11   2   10   -0.0209302727
1   11   3   9   -0.0047562080
1   11   4   10   0.0002232644
1   11   5   7   -0.0119920713
1   11   5   8   0.0064534342
1   11   6   7   -0.0064534342
1   11   6   8   -0.0119920713
1   11   7   9   -0.0009188202
1   12   1   11   -0.1613089363
1   12   1   12   0.1658001244
1   12   2   7   -0.1598416513
1   12   2   8   0.0860174657
1   12   3   11   0.0012026675
1   12   3   12   -0.0012361524
1   12   4   7   -0.0008199330
1   12   4   8   0.0004412402
1   12   5   10   -0.0023168886
1   12   7   11   0.0058023891
1   12   7   12   -0.0059639401
1   13   1   11   -0.1658001244
1   13   1   12   -0.1613089363
1   13   2   7   -0.0860174657
1   13   2   8   -0.1598416513
1   13   3   11   0.0012361524
1   13   3   12   0.0012026675
1   13   4   7   -0.0004412402
1   13   4   8   -0.0008199330
1   13   6   10   -0.0023168886
1   13   7   11   0.0059639401
1   13   7   12   0.0058023891
1   14   1   10   -0.1533676112
1   14   2   9   0.0309727379
1   14   3   10   -0.0003454440
1   14   4   9   0.0005481250
1   14   5   11   0.0008291190
1   14   5   12   -0.0008522035
1   14   6   11   0.0008522035
1   14   6   12   0.0008291190
1   14   7   10   0.0075675551
2   8   1   9   -0.1049730014
2   8   2   10   -0.0110946174
2   8   3   9   0.0180014933
2   8   4   10   -0.0029518727
2   8   5   7   -0.0101504193
2   8   5   8   0.0054623644
2   8   6   7   -0.0054623644
2   8   6   8   -0.0101504193
2   8   7   9   0.0060123743
2   9   1   10   -0.0240190785
2   9   2   9   -0.1077463897
2   9   3   10   0.0086531841
2   9   4   9   0.0156858531
2   9   5   11   -0.0096488846
2   9   5   12   0.0099175304
2   9   6   11   -0.0099175304
2   9   6   12   -0.0096488846
2   9   7   10   -0.0086971925
2   10   1   9   0.0859427981
2   10   2   10   0.1061661108
2   10   3   9   -0.0045911640
2   10   4   10   -0.0076854130
2   10   5   7   -0.0082364791
2   10   5   8   0.0044323932
2   10   6   7   -0.0044323932
2   10   6   8   -0.0082364791
2   10   7   9   -0.0012092881
2   11   1   10   -0.0209127817
2   11   2   9   0.1442301788
2   11   3   10   0.0019243758
2   11   4   9   -0.0035150025
2   11   5   11   -0.0036358945
2   11   5   12   0.0037371257
2   11   6   11   -0.0037371257
2   11   6   12   -0.0036358945
2   11   7   10   -0.0009451656
2   12   1   7   -0.1597475176
2   12   1   8   0.0859668084
2   12   2   11   -0.1613342480
2   12   2   12   0.1658261409
2   12   3   7   0.0065894697
2   12   3   8   -0.0035460687
2   12   4   11   0.0056060777
2   12   4   12   -0.0057621629
2   12   5   9   0.0059837924
2   12   7   7   -0.0048040089
2   12   7   8   0.0025852377
2   13   1   7   -0.0859668084
2   13   1   8   -0.1597475176
2   13   2   11   -0.1658261409
2   13   2   12   -0.1613342480
2   13   3   7   0.0035460687
2   13   3   8   0.0065894697
2   13   4   11   0.0057621629
2   13   4   12   0.0056060777
2   13   6   9   0.0059837924
2   13   7   7   -0.0025852377
2   13   7   8   -0.0048040089
2   14   1   9   0.0309674263
2   14   2   10   -0.1533457802
2   14   3   9   -0.0038051532
2   14   4   10   0.0062940777
2   14   5   7   -0.0053972794
2   14   5   8   0.0029045014
2   14   6   7   -0.0029045014
2   14   6   8   -0.0053972794
2   14   7   9   0.0031309504
3   8   1   10   0.0091762373
3   8   2   9   0.0184359569
3   8   3   10   0.0194819491
3   8   4   9   -0.0025339673
3   8   5   11   -0.0131275593
3   8   5   12   0.0134930588
3   8   6   11   -0.0134930588
3   8   6   12   -0.0131275593
3   8   7   10   -0.0107091364
3   9   1   9   0.0183763143
3   9   2   10   0.0084775216
3   9   3   9   -0.0083350780
3   9   4   10   -0.0031309591
3   9   5   7   -0.0142015886
3   9   5   8   0.0076424677
3   9   6   7   -0.0076424677
3   9   6   8   -0.0142015886
3   9   7   9   0.0018153906
3   10   1   10   0.0031776304
3   10   2   9   -0.0037782618
3   10   3   10   0.0912269109
3   10   4   9   0.0203062460
3   10   5   11   -0.0300014478
3   10   5   12   0.0308367527
3   10   6   11   -0.0308367527
3   10   6   12   -0.0300014478
3   10   7   10   -0.0385838548
3   11   1   9   -0.0046401850
3   11   2   10   0.0016243540
3   11   3   9   0.0990363715
3   11   4   10   0.0000755440
3   11   5   7   -0.0515042612
3   11   5   8   0.0277165932
3   11   6   7   -0.0277165932
3   11   6   8   -0.0515042612
3   11   7   9   -0.0121067124
3   12   1   11   0.0013864368
3   12   1   12   -0.0014250381
3   12   2   7   0.0050233596
3   12   2   8   -0.0027032795
3   12   3   11   -0.1167187904
3   12   3   12   0.1199684928
3   12   4   7   -0.0534717351
3   12   4   8   0.0287753730
3   12   5   10   -0.0236131989
3   12   7   11   0.0263653059
3   12   7   12   -0.0270993728
3   13   1   11   0.0014250381
3   13   1   12   0.0013864368
3   13   2   7   0.0027032795
3   13   2   8   0.0050233596
3   13   3   11   -0.1199684928
3   13   3   12   -0.1167187904
3   13   4   7   -0.0287753730
3   13   4   8   -0.0534717351
3   13   6   10   -0.0236131989
3   13   7   11   0.0270993728
3   13   7   12   0.0263653059
3   14   1   10   -0.0000922612
3   14   2   9   -0.0034832014
3   14   3   10   -0.1264530157
3   14   4   9   0.0035196587
3   14   5   11   0.0148007502
3   14   5   12   -0.0152128350
3   14   6   11   0.0152128350
3   14   6   12   0.0148007502
3   14   7   10   0.0347503313
4   8   1   9   0.0159226519
4   8   2   10   -0.0030264706
4   8   3   9   -0.0026973965
4   8   4   10   -0.0060959880
4   8   5   7   -0.0089718333
4   8   5   8   0.0048281180
4   8   6   7   -0.0048281180
4   8   6   8   -0.0089718333
4   8   7   9   -0.0009991251
4   9   1   10   -0.0024912150
4   9   2   9   0.0160585297
4   9   3   10   -0.0030440066
4   9   4   9   -0.0034984124
4   9   5   11   -0.0071723513
4   9   5   12   0.0073720450
4   9   6   11   -0.0073720450
4   9   6   12   -0.0071723513
4   9   7   10   -0.0117248875
4   10   1   9   -0.0034433635
4   10   2   10   -0.0076195395
4   10   3   9   0.0200733333
4   10   4   10   0.0224582158
4   10   5   7   -0.0258106773
4   10   5   8   0.0138898030
4   10   6   7   -0.0138898030
4   10   6   8   -0.0258106773
4   10   7   9   0.0296581919
4   11   1   10   0.0001583461
4   11   2   9   -0.0038241041
4   11   3   10   0.0000992349
4   11   4   9   0.0636708628
4   11   5   11   -0.0032023169
4   11   5   12   0.0032914763
4   11   6   11   -0.0032914763
4   11   6   12   -0.0032023169
4   11   7   10   0.0135952361
4   12   1   7   -0.0007296838
4   12   1   8   0.0003926733
4   12   2   11   0.0055609284
4   12   2   12   -0.0057157567
4   12   3   7   -0.0530277158
4   12   3   8   0.0285364277
4   12   4   11   -0.0588831404
4   12   4   12   0.0605225738
4   12   5   9   0.0158603285
4   12   7   7   -0.1025155752
4   12   7   8   0.0551679109
4   13   1   7   -0.0003926733
4   13   1   8   -0.0007296838
4   13   2   11   0.0057157567
4   13   2   12   0.0055609284
4   13   3   7   -0.0285364277
4   13   3   8   -0.0530277158
4   13   4   11   -0.0605225738
4   13   4   12   -0.0588831404
4   13   6   9   0.0158603285
4   13   7   7   -0.0551679109
4   13   7   8   -0.1025155752
4   14   1   9   0.0002950678
4   14   2   10   0.0061700374
4   14   3   9   0.0034784155
4   14   4   10   -0.0450923022
4   14   5   7   -0.0272794813
4   14   5   8   0.0146802278
4   14   6   7   -0.0146802278
4   14   6   8   -0.0272794813
4   14   7   9   0.0001044124
5   8   1   11   -0.0102842487
5   8   1   12   0.0105705844
5   8   2   7   -0.0110643593
5   8   2   8   0.0059541936
5   8   3   11   -0.0129969529
5   8   3   12   0.0133588160
5   8   4   7   -0.0089856121
5   8   4   8   0.0048355330
5   8   5   10   0.0054985612
5   8   7   11   -0.0028691660
5   8   7   12   0.0029490497
5   9   1   7   -0.0115622474
5   9   1   8   0.0062221280
5   9   2   11   -0.0097004172
5   9   2   12   0.0099704977
5   9   3   7   -0.0143251891
5   9   3   8   0.0077089823
5   9   4   11   -0.0071598599
5   9   4   12   0.0073592058
5   9   5   9   -0.0031327609
5   9   7   7   -0.0041436013
5   9   7   8   0.0022298449
5   10   1   11   -0.0069910051
5   10   1   12   0.0071856498
5   10   2   7   -0.0087988330
5   10   2   8   0.0047350194
5   10   3   11   -0.0290775314
5   10   3   12   0.0298871124
5   10   4   7   -0.0249193682
5   10   4   8   0.0134101524
5   10   5   10   0.0322593553
5   10   7   11   0.0025590504
5   10   7   12   -0.0026302999
5   11   1   7   -0.0114904935
5   11   1   8   0.0061835142
5   11   2   11   -0.0033144821
5   11   2   12   0.0034067644
5   11   3   7   -0.0496331966
5   11   3   8   0.0267096952
5   11   4   11   -0.0034400047
5   11   4   12   0.0035357818
5   11   5   9   0.0807813130
5   11   7   7   -0.0289282475
5   11   7   8   0.0155674977
5   12   1   10   -0.0022464297
5   12   2   9   0.0055288219
5   12   3   10   -0.0221128091
5   12   4   9   0.0151708644
5   12   5   11   -0.0781807258
5   12   5   12   0.0803574455
5   12   6   11   -0.0023689056
5   12   6   12   -0.0023047368
5   12   7   10   -0.0102985238
5   13   5   11   -0.0757503710
5   13   5   12   -0.0736984475
5   13   6   11   -0.0021775415
5   13   6   12   0.0022381690
5   14   1   11   0.0008409053
5   14   1   12   -0.0008643179
5   14   2   7   -0.0052977220
5   14   2   8   0.0028509254
5   14   3   11   0.0141038789
5   14   3   12   -0.0144965613
5   14   4   7   -0.0283769493
5   14   4   8   0.0152708211
5   14   5   10   -0.0808619701
5   14   7   11   0.0003738025
5   14   7   12   -0.0003842100
6   8   1   11   -0.0105705844
6   8   1   12   -0.0102842487
6   8   2   7   -0.0059541936
6   8   2   8   -0.0110643593
6   8   3   11   -0.0133588160
6   8   3   12   -0.0129969529
6   8   4   7   -0.0048355330
6   8   4   8   -0.0089856121
6   8   6   10   0.0054985612
6   8   7   11   -0.0029490497
6   8   7   12   -0.0028691660
6   9   1   7   -0.0062221280
6   9   1   8   -0.0115622474
6   9   2   11   -0.0099704977
6   9   2   12   -0.0097004172
6   9   3   7   -0.0077089823
6   9   3   8   -0.0143251891
6   9   4   11   -0.0073592058
6   9   4   12   -0.0071598599
6   9   6   9   -0.0031327609
6   9   7   7   -0.0022298449
6   9   7   8   -0.0041436013
6   10   1   11   -0.0071856498
6   10   1   12   -0.0069910051
6   10   2   7   -0.0047350194
6   10   2   8   -0.0087988330
6   10   3   11   -0.0298871124
6   10   3   12   -0.0290775314
6   10   4   7   -0.0134101524
6   10   4   8   -0.0249193682
6   10   6   10   0.0322593553
6   10   7   11   0.0026302999
6   10   7   12   0.0025590504
6   11   1   7   -0.0061835142
6   11   1   8   -0.0114904935
6   11   2   11   -0.0034067644
6   11   2   12   -0.0033144821
6   11   3   7   -0.0267096952
6   11   3   8   -0.0496331966
6   11   4   11   -0.0035357818
6   11   4   12   -0.0034400047
6   11   6   9   0.0807813130
6   11   7   7   -0.0155674977
6   11   7   8   -0.0289282475
6   12   5   11   -0.0022381690
6   12   5   12   -0.0021775415
6   12   6   11   -0.0736984475
6   12   6   12   0.0757503710
6   13   1   10   -0.0022464297
6   13   2   9   0.0055288219
6   13   3   10   -0.0221128091
6   13   4   9   0.0151708644
6   13   5   11   -0.0023047368
6   13   5   12   0.0023689056
6   13   6   11   -0.0803574455
6   13   6   12   -0.0781807258
6   13   7   10   -0.0102985238
6   14   1   11   0.0008643179
6   14   1   12   0.0008409053
6   14   2   7   -0.0028509254
6   14   2   8   -0.0052977220
6   14   3   11   0.0144965613
6   14   3   12   0.0141038789
6   14   4   7   -0.0152708211
6   14   4   8   -0.0283769493
6   14   6   10   -0.0808619701
6   14   7   11   0.0003842100
6   14   7   12   0.0003738025
7   8   1   10   -0.0096792352
7   8   2   9   0.0063418659
7   8   3   10   -0.0105895431
7   8   4   9   -0.0010409280
7   8   5   11   -0.0028395085
7   8   5   12   0.0029185666
7   8   6   11   -0.0029185666
7   8   6   12   -0.0028395085
7   8   7   10   -0.0017809870
7   9   1   9   0.0065194456
7   9   2   10   -0.0086026486
7   9   3   9   0.0017922820
7   9   4   10   -0.0117348820
7   9   5   7   -0.0040483275
7   9   5   8   0.0021785740
7   9   6   7   -0.0021785740
7   9   6   8   -0.0040483275
7   9   7   9   -0.0032598507
7   10   1   10   -0.0108891504
7   10   2   9   -0.0012557638
7   10   3   10   -0.0385513115
7   10   4   9   0.0293308616
7   10   5   11   0.0030929461
7   10   5   12   -0.0031790604
7   10   6   11   0.0031790604
7   10   6   12   0.0030929461
7   10   7   10   0.0422947112
7   11   1   9   -0.0011228351
7   11   2   10   -0.0008947325
7   11   3   9   -0.0120124840
7   11   4   10   0.0129101879
7   11   5   7   -0.0283014014
7   11   5   8   0.0152301656
7   11   6   7   -0.0152301656
7   11   6   8   -0.0283014014
7   11   7   9   0.0644194706
7   12   1   11   0.0056851560
7   12   1   12   -0.0058434430
7   12   2   7   -0.0042769724
7   12   2   8   0.0023016174
7   12   3   11   0.0262175823
7   12   3   12   -0.0269475363
7   12   4   7   -0.1017272348
7   12   4   8   0.0547436720
7   12   5   10   -0.0111498021
7   12   7   11   -0.0673460575
7   12   7   12   0.0692211168
7   13   1   11   0.0058434430
7   13   1   12   0.0056851560
7   13   2   7   -0.0023016174
7   13   2   8   -0.0042769724
7   13   3   11   0.0269475363
7   13   3   12   0.0262175823
7   13   4   7   -0.0547436720
7   13   4   8   -0.1017272348
7   13   6   10   -0.0111498021
7   13   7   11   -0.0692211168
7   13   7   12   -0.0673460575
7   14   1   10   0.0072516141
7   14   2   9   0.0028920661
7   14   3   10   0.0337763360
7   14   4   9   0.0001773278
7   14   5   11   0.0009491952
7   14   5   12   -0.0009756228
7   14   6   11   0.0009756228
7   14   6   12   0.0009491952
7   14   7   10   -0.0563880786

End IJKA Block
Begin IABC Block
1   7   1   10   -0.0008721383
1   7   3   11   -0.0020197923
1   7   3   12   0.0006368407
1   7   4   7   -0.0000007035
1   7   5   9   0.0061335533
1   7   6   9   -0.0019339100
1   8   2   10   -0.0008721383
1   8   3   11   -0.0006368407
1   8   3   12   -0.0020197923
1   8   4   8   -0.0000007035
1   8   5   9   0.0019339100
1   8   6   9   0.0061335533
1   9   1   11   0.0037888171
1   9   1   12   -0.0011946144
1   9   2   11   0.0011946144
1   9   2   12   0.0037888171
1   9   3   10   -0.0004933257
1   9   4   9   -0.0009803651
1   9   5   7   0.0060822771
1   9   5   8   0.0019177426
1   9   6   7   -0.0019177426
1   9   6   8   0.0060822771
1   10   1   7   -0.0008852603
1   10   2   8   -0.0008852603
1   10   3   9   -0.0004887537
1   10   4   10   0.0035115729
1   10   5   11   0.0027655294
1   10   6   12   0.0027655294
1   11   1   9   0.0038258980
1   11   2   9   0.0012063060
1   11   3   7   -0.0020115205
1   11   3   8   -0.0006342326
1   11   4   11   0.0035390985
1   11   5   10   0.0027567976
1   12   1   9   -0.0012063060
1   12   2   9   0.0038258980
1   12   3   7   0.0006342326
1   12   3   8   -0.0020115205
1   12   4   12   0.0035390985
1   12   6   10   0.0027567976
2   7   1   9   0.0057305147
2   7   3   7   -0.0018822066
2   7   4   11   -0.0006870080
2   7   4   12   0.0002166137
2   7   5   10   -0.0007043858
2   7   6   10   0.0002220929
2   8   2   9   0.0057305147
2   8   3   8   -0.0018822066
2   8   4   11   -0.0002166137
2   8   4   12   -0.0006870080
2   8   5   10   -0.0002220929
2   8   6   10   -0.0007043858
2   9   1   7   0.0057434703
2   9   2   8   0.0057434703
2   9   3   9   -0.0012562919
2   9   4   10   0.0035912431
2   9   5   11   0.0043871016
2   9   6   12   0.0043871016
2   10   1   11   0.0019963982
2   10   1   12   -0.0006294646
2   10   2   11   0.0006294646
2   10   2   12   0.0019963982
2   10   3   10   -0.0018296221
2   10   4   9   0.0035804112
2   10   5   7   -0.0007200822
2   10   5   8   -0.0002270420
2   10   6   7   0.0002270420
2   10   6   8   -0.0007200822
2   11   1   10   0.0019872817
2   11   2   10   0.0006265901
2   11   3   11   -0.0032979980
2   11   4   7   -0.0006903343
2   11   4   8   -0.0002176625
2   11   5   9   0.0043774490
2   12   1   10   -0.0006265901
2   12   2   10   0.0019872817
2   12   3   12   -0.0032979980
2   12   4   7   0.0002176625
2   12   4   8   -0.0006903343
2   12   6   9   0.0043774490
3   7   1   10   -0.0025698131
3   7   3   11   0.0128984340
3   7   3   12   -0.0040668776
3   7   4   7   0.0198937886
3   7   5   9   0.0119878536
3   7   6   9   -0.0037797715
3   8   2   10   -0.0025698131
3   8   3   11   0.0040668776
3   8   3   12   0.0128984340
3   8   4   8   0.0198937886
3   8   5   9   0.0037797715
3   8   6   9   0.0119878536
3   9   1   11   0.0089281768
3   9   1   12   -0.0028150551
3   9   2   11   0.0028150551
3   9   2   12   0.0089281768
3   9   3   10   -0.0057738016
3   9   4   9   0.0134149672
3   9   5   7   0.0112227815
3   9   5   8   0.0035385442
3   9   6   7   -0.0035385442
3   9   6   8   0.0112227815
3   10   1   7   -0.0032374137
3   10   2   8   -0.0032374137
3   10   3   9   -0.0057624495
3   10   4   10   0.0204968102
3   10   5   11   0.0047426467
3   10   6   12   0.0047426467
3   11   1   9   0.0095918029
3   11   2   9   0.0030242965
3   11   3   7   0.0126293901
3   11   3   8   0.0039820480
3   11   4   11   0.0223715797
3   11   5   10   0.0049829149
3   12   1   9   -0.0030242965
3   12   2   9   0.0095918029
3   12   3   7   -0.0039820480
3   12   3   8   0.0126293901
3   12   4   12   0.0223715797
3   12   6   10   0.0049829149
4   7   1   9   0.0163249184
4   7   3   7   0.0607242409
4   7   4   11   -0.0111728206
4   7   4   12   0.0035227915
4   7   5   10   -0.0039031334
4   7   6   10   0.0012306584
4   8   2   9   0.0163249184
4   8   3   8   0.0607242409
4   8   4   11   -0.0035227915
4   8   4   12   -0.0111728206
4   8   5   10   -0.0012306584
4   8   6   10   -0.0039031334
4   9   1   7   0.0169966499
4   9   2   8   0.0169966499
4   9   3   9   -0.0020462120
4   9   4   10   -0.0288973744
4   9   5   11   0.0021080486
4   9   6   12   0.0021080486
4   10   1   11   0.0075093209
4   10   1   12   -0.0023676897
4   10   2   11   0.0023676897
4   10   2   12   0.0075093209
4   10   3   10   0.0238915286
4   10   4   9   -0.0291021580
4   10   5   7   -0.0036504681
4   10   5   8   -0.0011509930
4   10   6   7   0.0011509930
4   10   6   8   -0.0036504681
4   11   1   10   0.0068645762
4   11   2   10   0.0021644016
4   11   3   11   0.0531601828
4   11   4   7   -0.0108381295
4   11   4   8   -0.0034172634
4   11   5   9   0.0016622567
4   12   1   10   -0.0021644016
4   12   2   10   0.0068645762
4   12   3   12   0.0531601828
4   12   4   7   0.0034172634
4   12   4   8   -0.0108381295
4   12   6   9   0.0016622567
5   7   1   11   -0.0149806305
5   7   1   12   0.0056047532
5   7   2   11   0.0062123502
5   7   2   12   -0.0034836284
5   7   3   10   0.0043939504
5   7   4   9   0.0078454311
5   7   5   7   -0.0569005922
5   7   5   8   0.0007023116
5   7   6   7   0.0559158949
5   7   6   8   -0.0018160577
5   8   1   11   -0.0031496796
5   8   1   12   -0.0125920598
5   8   2   11   0.0010950577
5   8   2   12   0.0086674238
5   8   3   10   -0.0023645681
5   8   4   9   -0.0042219540
5   8   5   7   0.0001011007
5   8   5   8   -0.0526835515
5   8   6   7   -0.0024009830
5   8   6   8   0.0567193073
5   9   1   10   0.0462660641
5   9   2   10   -0.0248977006
5   9   3   11   -0.0025851214
5   9   3   12   0.0026570967
5   9   4   7   0.0079525992
5   9   4   8   -0.0042796256
5   9   5   9   -0.0213115833
5   9   6   9   0.0219049437
5   10   1   9   0.0460912170
5   10   2   9   -0.0248036081
5   10   3   7   0.0046370875
5   10   3   8   -0.0024954104
5   10   4   11   0.0086389896
5   10   4   12   -0.0088795176
5   10   5   10   -0.0313879262
5   10   6   10   0.0322618337
5   11   1   7   -0.0164788304
5   11   1   8   -0.0027999749
5   11   2   7   0.0061549412
5   11   2   8   0.0011310926
5   11   3   9   -0.0026997507
5   11   4   10   0.0084863984
5   11   5   11   -0.0454695482
5   11   5   12   -0.0008684897
5   11   6   11   0.0483704174
5   11   6   12   0.0007456489
5   12   1   7   0.0062100427
5   12   1   8   -0.0131611343
5   12   2   7   -0.0044487887
5   12   2   8   0.0095650091
5   12   3   9   0.0027749176
5   12   4   10   -0.0087226780
5   12   5   11   -0.0007664094
5   12   5   12   -0.0470601612
5   12   6   11   0.0008449641
5   12   6   12   0.0467355183
6   7   1   11   -0.0086674238
6   7   1   12   0.0010950577
6   7   2   11   -0.0125920598
6   7   2   12   0.0031496796
6   7   3   10   0.0023645681
6   7   4   9   0.0042219540
6   7   5   7   -0.0567193073
6   7   5   8   -0.0024009830
6   7   6   7   -0.0526835515
6   7   6   8   -0.0001011007
6   8   1   11   -0.0034836284
6   8   1   12   -0.0062123502
6   8   2   11   -0.0056047532
6   8   2   12   -0.0149806305
6   8   3   10   0.0043939504
6   8   4   9   0.0078454311
6   8   5   7   -0.0018160577
6   8   5   8   -0.0559158949
6   8   6   7   -0.0007023116
6   8   6   8   -0.0569005922
6   9   1   10   0.0248977006
6   9   2   10   0.0462660641
6   9   3   11   -0.0026570967
6   9   3   12   -0.0025851214
6   9   4   7   0.0042796256
6   9   4   8   0.0079525992
6   9   5   9   -0.0219049437
6   9   6   9   -0.0213115833
6   10   1   9   0.0248036081
6   10   2   9   0.0460912170
6   10   3   7   0.0024954104
6   10   3   8   0.0046370875
6   10   4   11   0.0088795176
6   10   4   12   0.0086389896
6   10   5   10   -0.0322618337
6   10   6   10   -0.0313879262
6   11   1   7   -0.0095650091
6   11   1   8   -0.0044487887
6   11   2   7   -0.0131611343
6   11   2   8   -0.0062100427
6   11   3   9   -0.0027749176
6   11   4   10   0.0087226780
6   11   5   11   -0.0467355183
6   11   5   12   0.0008449641
6   11   6   11   -0.0470601612
6   11   6   12   0.0007664094
6   12   1   7   0.0011310926
6   12   1   8   -0.0061549412
6   12   2   7   0.0027999749
6   12   2   8   -0.0164788304
6   12   3   9   -0.0026997507
6   12   4   10   0.0084863984
6   12   5   11   0.0007456489
6   12   5   12   -0.0483704174
6   12   6   11   0.0008684897
6   12   6   12   -0.0454695482
7   7   1   10   -0.0009234917
7   7   3   11   0.0143079185
7   7   3   12   -0.0045112882
7   7   4   7   -0.0492491299
7   7   5   9   0.0023932543
7   7   6   9   -0.0007545933
7   8   2   10   -0.0009234917
7   8   3   11   0.0045112882
7   8   3   12   0.0143079185
7   8   4   8   -0.0492491299
7   8   5   9   0.0007545933
7   8   6   9   0.0023932543
7   9   1   11   0.0098598022
7   9   1   12   -0.0031087967
7   9   2   11   0.0031087967
7   9   2   12   0.0098598022
7   9   3   10   0.0307440229
7   9   4   9   0.0068827807
7   9   5   7   0.0011544440
7   9   5   8   0.0003639963
7   9   6   7   -0.0003639963
7   9   6   8   0.0011544440
7   10   1   7   -0.0007996903
7   10   2   8   -0.0007996903
7   10   3   9   0.0307890724
7   10   4   10   -0.0276961665
7   10   5   11   -0.0086884832
7   10   6   12   -0.0086884832
7   11   1   9   0.0100130549
7   11   2   9   0.0031571173
7   11   3   7   0.0127509353
7   11   3   8   0.0040203713
7   11   4   11   -0.0547927872
7   11   5   10   -0.0080324201
7   12   1   9   -0.0031571173
7   12   2   9   0.0100130549
7   12   3   7   -0.0040203713
7   12   3   8   0.0127509353
7   12   4   12   -0.0547927872
7   12   6   10   -0.0080324201

End IABC Block
