Begin IJ Block
1   1   -3.5653558730
2   2   -3.5068935120
3   3   -3.4879368727
3   4   0.0000000257
4   4   -3.4781440928
5   5   -3.3293144758
5   6   -0.0000000029
6   6   -3.3889133978

End IJ Block
Begin IA Block
1   4   0.0000000654
2   1   -0.0000000033
2   2   0.0325687697
3   3   -0.0000000109
4   3   -0.0040519061

End IA Block
Begin AB Block
1   1   -2.9927726539
1   2   -0.0000000038
2   2   -2.9502496909
3   3   -2.0935646071
4   4   -1.9072201032

End AB Block
Begin IJKL Block
1   7   1   7   0.3047428180
1   7   2   8   0.0043081439
1   7   3   9   0.0590727542
1   7   3   10   -0.0000000506
1   7   4   9   -0.0000000506
1   7   4   10   0.0398126212
1   7   5   11   0.0013288189
1   7   5   12   0.0000000002
1   7   6   11   0.0000000002
1   7   6   12   0.0063233693
1   8   1   8   0.2753493600
1   8   2   7   0.0055290195
1   8   3   11   -0.0458022565
1   8   3   12   -0.0000001190
1   8   4   11   0.0000001190
1   8   4   12   -0.0457996880
1   8   5   9   -0.0026580453
1   8   5   10   0.0000000069
1   8   6   9   -0.0000000069
1   8   6   10   -0.0026578132
1   9   1   9   0.2853528643
1   9   1   10   -0.0000000379
1   9   2   11   -0.0024167282
1   9   2   12   -0.0000000063
1   9   3   7   0.0598636889
1   9   4   7   -0.0000000501
1   9   5   8   -0.0019398595
1   9   6   8   -0.0000000050
1   10   1   9   -0.0000000379
1   10   1   10   0.2709131714
1   10   2   11   0.0000000063
1   10   2   12   -0.0024095441
1   10   3   7   -0.0000000501
1   10   4   7   0.0407932584
1   10   5   8   0.0000000050
1   10   6   8   -0.0019329014
1   11   1   11   0.2555196443
1   11   1   12   0.0000000016
1   11   2   9   -0.0032191616
1   11   2   10   0.0000000084
1   11   3   8   -0.0458979785
1   11   4   8   0.0000001192
1   11   5   7   0.0023108067
1   11   6   7   0.0000000003
1   12   1   11   0.0000000016
1   12   1   12   0.2881258004
1   12   2   9   -0.0000000084
1   12   2   10   -0.0032191511
1   12   3   8   -0.0000001192
1   12   4   8   -0.0458978317
1   12   5   7   0.0000000003
1   12   6   7   0.0079240545
2   7   1   8   0.0055290195
2   7   2   7   0.2753493600
2   7   3   11   -0.0026580453
2   7   3   12   -0.0000000069
2   7   4   11   0.0000000069
2   7   4   12   -0.0026578132
2   7   5   9   -0.0458022565
2   7   5   10   0.0000001190
2   7   6   9   -0.0000001190
2   7   6   10   -0.0457996880
2   8   1   7   0.0043081439
2   8   2   8   0.3038605511
2   8   3   9   0.0034617020
2   8   3   10   0.0000000000
2   8   4   9   0.0000000000
2   8   4   10   0.0034643035
2   8   5   11   0.0830644593
2   8   6   12   0.0830630619
2   9   1   11   -0.0032191616
2   9   1   12   -0.0000000084
2   9   2   9   0.2740691739
2   9   3   8   0.0047329921
2   9   5   7   -0.0458979785
2   9   6   7   -0.0000001192
2   10   1   11   0.0000000084
2   10   1   12   -0.0032191511
2   10   2   10   0.2740691567
2   10   4   8   0.0047329909
2   10   5   7   0.0000001192
2   10   6   7   -0.0458978317
2   11   1   9   -0.0024167282
2   11   1   10   0.0000000063
2   11   2   11   0.2971670887
2   11   3   7   -0.0019398595
2   11   4   7   0.0000000050
2   11   5   8   0.0830858742
2   12   1   9   -0.0000000063
2   12   1   10   -0.0024095441
2   12   2   12   0.2971638116
2   12   3   7   -0.0000000050
2   12   4   7   -0.0019329014
2   12   6   8   0.0830826287
3   7   1   9   0.0598636889
3   7   1   10   -0.0000000501
3   7   2   11   -0.0019398595
3   7   2   12   -0.0000000050
3   7   3   7   0.2853528643
3   7   4   7   -0.0000000379
3   7   5   8   -0.0024167282
3   7   6   8   -0.0000000063
3   8   1   11   -0.0458979785
3   8   1   12   -0.0000001192
3   8   2   9   0.0047329921
3   8   3   8   0.2740691739
3   8   5   7   -0.0032191616
3   8   6   7   -0.0000000084
3   9   1   7   0.0590727542
3   9   2   8   0.0034617020
3   9   3   9   0.2912749502
3   9   3   10   0.0000000000
3   9   4   9   0.0000000000
3   9   4   10   0.0101476996
3   9   5   11   0.0043509000
3   9   5   12   -0.0000000041
3   9   6   11   -0.0000000041
3   9   6   12   0.0028117291
3   10   1   7   -0.0000000506
3   10   2   8   0.0000000000
3   10   3   9   0.0000000000
3   10   3   10   0.2694821233
3   10   4   9   0.0116525111
3   10   4   10   0.0000000000
3   10   5   11   -0.0000000041
3   10   5   12   -0.0007318737
3   10   6   11   -0.0008033887
3   10   6   12   0.0000000041
3   11   1   8   -0.0458022565
3   11   2   7   -0.0026580453
3   11   3   11   0.2708856753
3   11   3   12   0.0000000058
3   11   4   11   0.0000000059
3   11   4   12   0.0014502355
3   11   5   9   0.0056495212
3   11   5   10   -0.0000000033
3   11   6   9   -0.0000000033
3   11   6   10   -0.0006329722
3   12   1   8   -0.0000001190
3   12   2   7   -0.0000000069
3   12   3   11   0.0000000058
3   12   3   12   0.2730602203
3   12   4   11   0.0007382749
3   12   4   12   -0.0000000058
3   12   5   9   -0.0000000033
3   12   5   10   -0.0006146157
3   12   6   9   0.0043943791
3   12   6   10   0.0000000033
4   7   1   9   -0.0000000501
4   7   1   10   0.0407932584
4   7   2   11   0.0000000050
4   7   2   12   -0.0019329014
4   7   3   7   -0.0000000379
4   7   4   7   0.2709131714
4   7   5   8   0.0000000063
4   7   6   8   -0.0024095441
4   8   1   11   0.0000001192
4   8   1   12   -0.0458978317
4   8   2   10   0.0047329909
4   8   4   8   0.2740691567
4   8   5   7   0.0000000084
4   8   6   7   -0.0032191511
4   9   1   7   -0.0000000506
4   9   2   8   0.0000000000
4   9   3   9   0.0000000000
4   9   3   10   0.0116525111
4   9   4   9   0.2694821233
4   9   4   10   0.0000000000
4   9   5   11   -0.0000000041
4   9   5   12   -0.0008033887
4   9   6   11   -0.0007318737
4   9   6   12   0.0000000041
4   10   1   7   0.0398126212
4   10   2   8   0.0034643035
4   10   3   9   0.0101476996
4   10   3   10   0.0000000000
4   10   4   9   0.0000000000
4   10   4   10   0.2912958350
4   10   5   11   0.0028204785
4   10   5   12   0.0000000041
4   10   6   11   0.0000000041
4   10   6   12   0.0043485674
4   11   1   8   0.0000001190
4   11   2   7   0.0000000069
4   11   3   11   0.0000000059
4   11   3   12   0.0007382749
4   11   4   11   0.2730826481
4   11   4   12   -0.0000000059
4   11   5   9   -0.0000000033
4   11   5   10   0.0044049587
4   11   6   9   -0.0006146157
4   11   6   10   0.0000000033
4   12   1   8   -0.0457996880
4   12   2   7   -0.0026578132
4   12   3   11   0.0014502355
4   12   3   12   -0.0000000058
4   12   4   11   -0.0000000059
4   12   4   12   0.2708801581
4   12   5   9   -0.0006329722
4   12   5   10   0.0000000033
4   12   6   9   0.0000000033
4   12   6   10   0.0056449916
5   7   1   11   0.0023108067
5   7   1   12   0.0000000003
5   7   2   9   -0.0458979785
5   7   2   10   0.0000001192
5   7   3   8   -0.0032191616
5   7   4   8   0.0000000084
5   7   5   7   0.2555196443
5   7   6   7   0.0000000016
5   8   1   9   -0.0019398595
5   8   1   10   0.0000000050
5   8   2   11   0.0830858742
5   8   3   7   -0.0024167282
5   8   4   7   0.0000000063
5   8   5   8   0.2971670887
5   9   1   8   -0.0026580453
5   9   2   7   -0.0458022565
5   9   3   11   0.0056495212
5   9   3   12   -0.0000000033
5   9   4   11   -0.0000000033
5   9   4   12   -0.0006329722
5   9   5   9   0.2708856753
5   9   5   10   0.0000000059
5   9   6   9   0.0000000058
5   9   6   10   0.0014502355
5   10   1   8   0.0000000069
5   10   2   7   0.0000001190
5   10   3   11   -0.0000000033
5   10   3   12   -0.0006146157
5   10   4   11   0.0044049587
5   10   4   12   0.0000000033
5   10   5   9   0.0000000059
5   10   5   10   0.2730826481
5   10   6   9   0.0007382749
5   10   6   10   -0.0000000059
5   11   1   7   0.0013288189
5   11   2   8   0.0830644593
5   11   3   9   0.0043509000
5   11   3   10   -0.0000000041
5   11   4   9   -0.0000000041
5   11   4   10   0.0028204785
5   11   5   11   0.3139767696
5   11   6   12   0.0199780409
5   12   1   7   0.0000000002
5   12   3   9   -0.0000000041
5   12   3   10   -0.0007318737
5   12   4   9   -0.0008033887
5   12   4   10   0.0000000041
5   12   5   12   0.2722714371
5   12   6   11   0.0217247645
6   7   1   11   0.0000000003
6   7   1   12   0.0079240545
6   7   2   9   -0.0000001192
6   7   2   10   -0.0458978317
6   7   3   8   -0.0000000084
6   7   4   8   -0.0032191511
6   7   5   7   0.0000000016
6   7   6   7   0.2881258004
6   8   1   9   -0.0000000050
6   8   1   10   -0.0019329014
6   8   2   12   0.0830826287
6   8   3   7   -0.0000000063
6   8   4   7   -0.0024095441
6   8   6   8   0.2971638116
6   9   1   8   -0.0000000069
6   9   2   7   -0.0000001190
6   9   3   11   -0.0000000033
6   9   3   12   0.0043943791
6   9   4   11   -0.0006146157
6   9   4   12   0.0000000033
6   9   5   9   0.0000000058
6   9   5   10   0.0007382749
6   9   6   9   0.2730602203
6   9   6   10   -0.0000000058
6   10   1   8   -0.0026578132
6   10   2   7   -0.0457996880
6   10   3   11   -0.0006329722
6   10   3   12   0.0000000033
6   10   4   11   0.0000000033
6   10   4   12   0.0056449916
6   10   5   9   0.0014502355
6   10   5   10   -0.0000000059
6   10   6   9   -0.0000000058
6   10   6   10   0.2708801581
6   11   1   7   0.0000000002
6   11   3   9   -0.0000000041
6   11   3   10   -0.0008033887
6   11   4   9   -0.0007318737
6   11   4   10   0.0000000041
6   11   5   12   0.0217247645
6   11   6   11   0.2722714371
6   12   1   7   0.0063233693
6   12   2   8   0.0830630619
6   12   3   9   0.0028117291
6   12   3   10   0.0000000041
6   12   4   9   0.0000000041
6   12   4   10   0.0043485674
6   12   5   11   0.0199780409
6   12   6   12   0.3139734123

End IJKL Block
Begin IJAB Block
1   7   1   5   0.0053815993
1   7   1   6   0.0000000002
1   7   2   5   0.0000000002
1   7   2   6   0.0028416043
1   7   3   7   0.0091503327
1   7   4   8   0.0039272604
1   8   1   8   0.0014808840
1   8   2   8   0.0000000005
1   8   4   5   0.0033757687
1   8   4   6   0.0000000011
1   9   3   8   -0.0047308664
1   9   4   7   -0.0037820852
1   10   3   8   0.0000000135
1   10   4   7   0.0000000107
1   11   1   7   0.0008970652
1   11   2   7   0.0000000000
1   11   3   5   0.0005386068
1   11   3   6   -0.0000000001
1   12   1   7   0.0000000001
1   12   2   7   -0.0009814993
1   12   3   5   0.0000000001
1   12   3   6   -0.0006557126
2   7   1   8   0.0033757687
2   7   2   8   0.0000000011
2   7   4   5   0.0014808840
2   7   4   6   0.0000000005
2   8   1   5   0.0361971169
2   8   1   6   0.0000000000
2   8   2   5   0.0000000000
2   8   2   6   0.0361492813
2   8   3   7   0.0025260538
2   8   4   8   0.0012826618
2   9   1   7   0.0010260453
2   9   2   7   -0.0000000029
2   9   3   5   -0.0011711825
2   9   3   6   0.0000000028
2   10   1   7   -0.0000000026
2   10   2   7   -0.0011505180
2   10   3   5   0.0000000029
2   10   3   6   0.0011045217
2   11   3   8   0.0015807301
2   11   4   7   0.0012822413
2   12   3   8   -0.0000000004
2   12   4   7   -0.0000000003
3   7   3   8   -0.0037820852
3   7   4   7   -0.0047308664
3   8   1   7   -0.0011711825
3   8   2   7   0.0000000028
3   8   3   5   0.0010260453
3   8   3   6   -0.0000000029
3   9   1   5   0.0051540629
3   9   1   6   -0.0000000029
3   9   2   5   -0.0000000029
3   9   2   6   0.0038738395
3   9   3   7   0.0074544447
3   9   4   8   0.0040940810
3   10   1   5   -0.0000000031
3   10   1   6   -0.0001751017
3   10   2   5   -0.0009547160
3   10   2   6   0.0000000028
3   10   3   7   0.0000000013
3   10   4   8   0.0000000101
3   11   1   8   -0.0003777028
3   11   2   8   0.0000000067
3   11   4   5   -0.0011772477
3   11   4   6   0.0000000142
3   12   1   8   -0.0000000033
3   12   2   8   0.0009642135
3   12   4   5   -0.0000000036
3   12   4   6   0.0029423896
4   7   3   8   0.0000000107
4   7   4   7   0.0000000135
4   8   1   7   0.0000000029
4   8   2   7   0.0011045217
4   8   3   5   -0.0000000026
4   8   3   6   -0.0011505180
4   9   1   5   -0.0000000031
4   9   1   6   -0.0009547160
4   9   2   5   -0.0001751017
4   9   2   6   0.0000000028
4   9   3   7   0.0000000013
4   9   4   8   0.0000000101
4   10   1   5   0.0039408193
4   10   1   6   0.0000000029
4   10   2   5   0.0000000029
4   10   2   6   0.0049699316
4   10   3   7   0.0079245848
4   10   4   8   0.0082182129
4   11   1   8   0.0000000009
4   11   2   8   0.0026780074
4   11   4   5   0.0000000031
4   11   4   6   0.0055550004
4   12   1   8   -0.0014458750
4   12   2   8   -0.0000000029
4   12   4   5   -0.0017333805
4   12   4   6   -0.0000000084
5   7   1   7   0.0005386068
5   7   2   7   -0.0000000001
5   7   3   5   0.0008970652
5   7   3   6   0.0000000000
5   8   3   8   0.0012822413
5   8   4   7   0.0015807301
5   9   1   8   -0.0011772477
5   9   2   8   0.0000000142
5   9   4   5   -0.0003777028
5   9   4   6   0.0000000067
5   10   1   8   0.0000000031
5   10   2   8   0.0055550004
5   10   4   5   0.0000000009
5   10   4   6   0.0026780074
5   11   1   5   0.0361551692
5   11   1   6   -0.0000000036
5   11   2   5   -0.0000000036
5   11   2   6   0.0622119446
5   11   3   7   0.0019880274
5   11   4   8   0.0020396805
5   12   1   5   0.0000000036
5   12   1   6   -0.0358037980
5   12   2   5   0.0097962979
5   12   2   6   -0.0000000036
5   12   3   7   0.0000000000
5   12   4   8   -0.0000000003
6   7   1   7   0.0000000001
6   7   2   7   -0.0006557126
6   7   3   5   0.0000000001
6   7   3   6   -0.0009814993
6   8   3   8   -0.0000000003
6   8   4   7   -0.0000000004
6   9   1   8   -0.0000000036
6   9   2   8   0.0029423896
6   9   4   5   -0.0000000033
6   9   4   6   0.0009642135
6   10   1   8   -0.0017333805
6   10   2   8   -0.0000000084
6   10   4   5   -0.0014458750
6   10   4   6   -0.0000000029
6   11   1   5   0.0000000036
6   11   1   6   0.0097962979
6   11   2   5   -0.0358037980
6   11   2   6   -0.0000000036
6   11   3   7   0.0000000000
6   11   4   8   -0.0000000003
6   12   1   5   0.0621487355
6   12   1   6   0.0000000036
6   12   2   5   0.0000000036
6   12   2   6   0.0361838847
6   12   3   7   0.0021538573
6   12   4   8   0.0007311168

End IJAB Block
Begin ABCD Block
1   5   1   5   0.2818924509
1   5   2   6   0.0124531708
1   5   3   7   0.0016627929
1   5   4   8   0.0007889739
1   6   1   6   0.2567952423
1   6   2   5   0.0126334139
1   6   3   7   0.0000000000
1   6   4   8   0.0000000001
1   7   1   7   0.1859438455
1   7   3   5   0.0018721475
1   8   1   8   0.1705444286
1   8   2   8   0.0000000014
1   8   4   5   0.0009259008
1   8   4   6   0.0000000001
2   5   1   6   0.0126334139
2   5   2   5   0.2567952423
2   5   3   7   0.0000000000
2   5   4   8   0.0000000001
2   6   1   5   0.0124531708
2   6   2   6   0.2818760052
2   6   3   7   0.0016498678
2   6   4   8   0.0016993263
2   7   2   7   0.1859438575
2   7   3   6   0.0018721509
2   8   1   8   0.0000000014
2   8   2   8   0.1812497278
2   8   4   5   0.0000000001
2   8   4   6   0.0019642645
3   5   1   7   0.0018721475
3   5   3   5   0.1859438455
3   6   2   7   0.0018721509
3   6   3   6   0.1859438575
3   7   1   5   0.0016627929
3   7   1   6   0.0000000000
3   7   2   5   0.0000000000
3   7   2   6   0.0016498678
3   7   3   7   0.1714451815
3   7   4   8   0.0557020273
3   8   3   8   0.1673946159
3   8   4   7   0.0557307439
4   5   1   8   0.0009259008
4   5   2   8   0.0000000001
4   5   4   5   0.1705444286
4   5   4   6   0.0000000014
4   6   1   8   0.0000000001
4   6   2   8   0.0019642645
4   6   4   5   0.0000000014
4   6   4   6   0.1812497278
4   7   3   8   0.0557307439
4   7   4   7   0.1673946159
4   8   1   5   0.0007889739
4   8   1   6   0.0000000001
4   8   2   5   0.0000000001
4   8   2   6   0.0016993263
4   8   3   7   0.0557020273
4   8   4   8   0.1816550520

End ABCD Block
Begin AIJB Block
1   7   1   5   0.0060405238
1   7   1   6   0.0000000003
1   7   2   8   0.0036794470
1   7   5   7   0.0008126861
1   7   6   7   0.0000000000
1   8   1   8   0.0008947480
1   8   2   5   0.0342448731
1   8   2   6   0.0000000000
1   8   3   7   -0.0002722198
1   8   4   7   0.0000000007
1   9   2   7   0.0014109787
1   9   3   5   0.0063640116
1   9   3   6   -0.0000000053
1   9   4   5   -0.0000000053
1   9   4   6   -0.0014927706
1   9   5   8   -0.0013699422
1   9   6   8   -0.0000000020
1   10   2   7   -0.0000000036
1   10   3   5   -0.0000000053
1   10   3   6   -0.0005969966
1   10   4   5   0.0042650534
1   10   4   6   0.0000000053
1   10   5   8   0.0000000037
1   10   6   8   -0.0011101450
1   11   1   7   0.0004211938
1   11   3   8   -0.0001638272
1   11   4   8   0.0000000004
1   11   5   5   0.0403969790
1   11   5   6   -0.0000000024
1   11   6   5   0.0000000024
1   11   6   6   0.0141601391
1   12   1   7   0.0000000000
1   12   3   8   -0.0000000012
1   12   4   8   -0.0005620873
1   12   5   5   0.0000000024
1   12   5   6   -0.0318925675
1   12   6   5   0.0581021247
1   12   6   6   0.0000000024
2   7   1   5   0.0000000003
2   7   1   6   0.0031671858
2   7   2   8   0.0000000012
2   7   5   7   0.0000000000
2   7   6   7   -0.0008176542
2   8   1   8   0.0000000003
2   8   2   5   0.0000000000
2   8   2   6   0.0342215722
2   8   3   7   0.0000000007
2   8   4   7   0.0002674272
2   9   2   7   -0.0000000036
2   9   3   5   -0.0000000053
2   9   3   6   0.0042613570
2   9   4   5   -0.0005969966
2   9   4   6   0.0000000053
2   9   5   8   0.0000000139
2   9   6   8   0.0029228820
2   10   2   7   -0.0014171789
2   10   3   5   -0.0014927706
2   10   3   6   0.0000000053
2   10   4   5   0.0000000053
2   10   4   6   0.0063419395
2   10   5   8   0.0054018044
2   10   6   8   -0.0000000083
2   11   1   7   0.0000000000
2   11   3   8   0.0000000036
2   11   4   8   0.0014131008
2   11   5   5   -0.0000000024
2   11   5   6   0.0581627683
2   11   6   5   -0.0318925675
2   11   6   6   -0.0000000024
2   12   1   7   -0.0004289563
2   12   3   8   0.0006920027
2   12   4   8   -0.0000000020
2   12   5   5   0.0141601391
2   12   5   6   -0.0000000024
2   12   6   5   0.0000000024
2   12   6   6   0.0404122488
3   7   1   7   0.0075455420
3   7   3   8   -0.0031917174
3   7   4   8   0.0000000091
3   7   5   5   0.0004211938
3   7   5   6   0.0000000000
3   7   6   5   0.0000000000
3   7   6   6   -0.0004289563
3   8   2   7   0.0023255269
3   8   3   5   0.0014109787
3   8   3   6   -0.0000000036
3   8   4   5   -0.0000000036
3   8   4   6   -0.0014171789
3   8   5   8   0.0014404651
3   8   6   8   -0.0000000004
3   9   1   8   -0.0040796303
3   9   2   5   -0.0002722198
3   9   2   6   0.0000000007
3   9   3   7   0.0062050472
3   9   4   7   0.0000000000
3   10   1   8   0.0000000117
3   10   2   5   0.0000000007
3   10   2   6   0.0002674272
3   10   3   7   0.0000000000
3   10   4   7   0.0062093683
3   11   1   5   0.0008126861
3   11   1   6   0.0000000000
3   11   2   8   0.0017091859
3   11   5   7   0.0020902694
3   12   1   5   0.0000000000
3   12   1   6   -0.0008176542
3   12   2   8   -0.0000000005
3   12   6   7   0.0020908391
4   7   1   8   0.0030812219
4   7   2   5   0.0008947480
4   7   2   6   0.0000000003
4   7   3   7   -0.0040796303
4   7   4   7   0.0000000117
4   8   1   5   0.0036794470
4   8   1   6   0.0000000012
4   8   2   8   0.0013062917
4   8   5   7   0.0017091859
4   8   6   7   -0.0000000005
4   9   1   7   -0.0031917174
4   9   3   8   0.0036121595
4   9   4   8   0.0000000077
4   9   5   5   -0.0001638272
4   9   5   6   0.0000000036
4   9   6   5   -0.0000000012
4   9   6   6   0.0006920027
4   10   1   7   0.0000000091
4   10   3   8   0.0000000077
4   10   4   8   0.0067905556
4   10   5   5   0.0000000004
4   10   5   6   0.0014131008
4   10   6   5   -0.0005620873
4   10   6   6   -0.0000000020
4   11   2   7   0.0014404651
4   11   3   5   -0.0013699422
4   11   3   6   0.0000000139
4   11   4   5   0.0000000037
4   11   4   6   0.0054018044
4   11   5   8   0.0022305159
4   11   6   8   -0.0000000004
4   12   2   7   -0.0000000004
4   12   3   5   -0.0000000020
4   12   3   6   0.0029228820
4   12   4   5   -0.0011101450
4   12   4   6   -0.0000000083
4   12   5   8   -0.0000000004
4   12   6   8   0.0006699518

1   7   7   1   -0.2739601671
1   7   7   2   -0.0000000020
1   7   8   4   -0.0006032147
1   7   11   3   -0.0001683527
1   7   12   3   -0.0000000000
1   8   7   4   -0.0006333886
1   8   8   1   -0.2855085949
1   8   9   3   -0.0003215718
1   8   10   3   0.0000000008
1   9   8   3   -0.0002139781
1   9   9   1   -0.2678421473
1   9   9   2   0.0000000149
1   9   10   1   0.0000000150
1   9   10   2   0.0025174579
1   9   11   4   0.0000935454
1   9   12   4   0.0000000006
1   10   8   3   0.0000000005
1   10   9   1   0.0000000150
1   10   9   2   0.0033688120
1   10   10   1   -0.2619442994
1   10   10   2   -0.0000000149
1   10   11   4   -0.0000000003
1   10   12   4   0.0002916282
1   11   7   3   -0.0001445891
1   11   9   4   0.0000576904
1   11   10   4   -0.0000000002
1   11   11   1   -0.2703722421
1   11   11   2   0.0000000037
1   11   12   1   -0.0000000037
1   11   12   2   0.0137762562
1   12   7   3   -0.0000000000
1   12   9   4   0.0000000007
1   12   10   4   0.0003454007
1   12   11   1   -0.0000000037
1   12   11   2   0.0130188843
1   12   12   1   -0.2971654168
1   12   12   2   -0.0000000037
2   7   7   1   -0.0000000020
2   7   7   2   -0.2513060481
2   7   8   4   -0.0000000002
2   7   11   3   -0.0000000000
2   7   12   3   0.0001676119
2   8   7   4   -0.0000000002
2   8   8   2   -0.2855083666
2   8   9   3   0.0000000008
2   8   10   3   0.0003264124
2   9   8   3   0.0000000005
2   9   9   1   0.0000000149
2   9   9   2   -0.2619315450
2   9   10   1   0.0033688120
2   9   10   2   -0.0000000149
2   9   11   4   -0.0000000027
2   9   12   4   -0.0006754727
2   10   8   3   0.0002125792
2   10   9   1   0.0025174579
2   10   9   2   -0.0000000149
2   10   10   1   -0.0000000149
2   10   10   2   -0.2678062572
2   10   11   4   -0.0010599433
2   10   12   4   0.0000000019
2   11   7   3   -0.0000000000
2   11   9   4   -0.0000000030
2   11   10   4   -0.0011628408
2   11   11   1   0.0000000037
2   11   11   2   -0.2971676733
2   11   12   1   0.0130188843
2   11   12   2   0.0000000037
2   12   7   3   0.0001545046
2   12   9   4   -0.0007653010
2   12   10   4   0.0000000021
2   12   11   1   0.0137762562
2   12   11   2   0.0000000037
2   12   12   1   -0.0000000037
2   12   12   2   -0.2703721768
3   7   7   3   -0.1955103448
3   7   9   4   0.0323687093
3   7   10   4   -0.0000000927
3   7   11   1   -0.0001445891
3   7   11   2   -0.0000000000
3   7   12   1   -0.0000000000
3   7   12   2   0.0001545046
3   8   8   3   -0.1901618340
3   8   9   1   -0.0002139781
3   8   9   2   0.0000000005
3   8   10   1   0.0000000005
3   8   10   2   0.0002125792
3   8   11   4   -0.0394269424
3   8   12   4   0.0000000104
3   9   7   4   0.0323057443
3   9   8   1   -0.0003215718
3   9   8   2   0.0000000008
3   9   9   3   -0.1954648720
3   9   10   3   -0.0000000000
3   10   7   4   -0.0000000925
3   10   8   1   0.0000000008
3   10   8   2   0.0003264124
3   10   9   3   -0.0000000000
3   10   10   3   -0.1954751940
3   11   7   1   -0.0001683527
3   11   7   2   -0.0000000000
3   11   8   4   -0.0394305188
3   11   11   3   -0.1898291164
3   12   7   1   -0.0000000000
3   12   7   2   0.0001676119
3   12   8   4   0.0000000104
3   12   12   3   -0.1898310446
4   7   7   4   -0.1723407184
4   7   8   1   -0.0006333886
4   7   8   2   -0.0000000002
4   7   9   3   0.0323057443
4   7   10   3   -0.0000000925
4   8   7   1   -0.0006032147
4   8   7   2   -0.0000000002
4   8   8   4   -0.1778836375
4   8   11   3   -0.0394305188
4   8   12   3   0.0000000104
4   9   7   3   0.0323687093
4   9   9   4   -0.1787012741
4   9   10   4   -0.0000000311
4   9   11   1   0.0000576904
4   9   11   2   -0.0000000030
4   9   12   1   0.0000000007
4   9   12   2   -0.0007653010
4   10   7   3   -0.0000000927
4   10   9   4   -0.0000000311
4   10   10   4   -0.1916243217
4   10   11   1   -0.0000000002
4   10   11   2   -0.0011628408
4   10   12   1   0.0003454007
4   10   12   2   0.0000000021
4   11   8   3   -0.0394269424
4   11   9   1   0.0000935454
4   11   9   2   -0.0000000027
4   11   10   1   -0.0000000003
4   11   10   2   -0.0010599433
4   11   11   4   -0.1867221461
4   11   12   4   0.0000000044
4   12   8   3   0.0000000104
4   12   9   1   0.0000000006
4   12   9   2   -0.0006754727
4   12   10   1   0.0002916282
4   12   10   2   0.0000000019
4   12   11   4   0.0000000044
4   12   12   4   -0.1699799794

End AIJB Block
Begin IJKA Block
1   7   1   8   -0.0000000067
1   7   2   5   0.0000000003
1   7   2   6   -0.0031405152
1   7   3   7   0.0000000021
1   7   4   7   0.0007749927
1   8   1   5   0.0000000020
1   8   1   6   -0.0178164476
1   8   2   8   -0.0000000003
1   8   5   7   0.0000000001
1   8   6   7   0.0011460511
1   9   1   7   0.0000000062
1   9   3   8   0.0000000017
1   9   4   8   0.0013947067
1   9   5   5   -0.0000000023
1   9   5   6   0.0004441976
1   9   6   5   -0.0044020131
1   9   6   6   0.0000000080
1   10   1   7   0.0023613446
1   10   3   8   -0.0004799015
1   10   4   8   -0.0000000030
1   10   5   5   -0.0007835596
1   10   5   6   -0.0000000011
1   10   6   5   0.0000000113
1   10   6   6   0.0031940826
1   11   2   7   0.0000000000
1   11   3   5   -0.0000000721
1   11   3   6   -0.0169540500
1   11   4   5   -0.0273099731
1   11   4   6   0.0000000435
1   11   5   8   -0.0000000001
1   11   6   8   0.0009313090
1   12   2   7   0.0004831011
1   12   3   5   -0.0394764433
1   12   3   6   0.0000000739
1   12   4   5   0.0000001024
1   12   4   6   0.0291614707
1   12   5   8   0.0006007216
1   12   6   8   -0.0000000005
2   7   1   5   0.0000000004
2   7   1   6   -0.0030753762
2   7   2   8   -0.0000000065
2   7   5   7   0.0000000001
2   7   6   7   0.0024494999
2   8   1   8   -0.0000000003
2   8   2   5   -0.0000000000
2   8   2   6   0.0000007716
2   8   3   7   -0.0000000000
2   8   4   7   -0.0000156458
2   9   2   7   0.0000000000
2   9   3   5   -0.0000000045
2   9   3   6   0.0008383522
2   9   4   5   -0.0008301435
2   9   4   6   -0.0000000045
2   9   5   8   0.0000000108
2   9   6   8   -0.0036484638
2   10   2   7   -0.0000007275
2   10   3   5   -0.0008429396
2   10   3   6   -0.0000000045
2   10   4   5   0.0000000045
2   10   4   6   -0.0008478874
2   10   5   8   0.0038654198
2   10   6   8   0.0000000102
2   11   1   7   0.0000000000
2   11   3   8   0.0000000015
2   11   4   8   0.0005300861
2   11   5   5   -0.0000000007
2   11   5   6   0.0495907479
2   11   6   5   0.0495629592
2   11   6   6   0.0000000007
2   12   1   7   0.0004274584
2   12   3   8   -0.0005351498
2   12   4   8   0.0000000015
2   12   5   5   0.0495423371
2   12   5   6   0.0000000007
2   12   6   5   0.0000000007
2   12   6   6   -0.0495755655
3   7   1   7   0.0000000018
3   7   3   8   -0.0000000097
3   7   4   8   -0.0007480687
3   7   5   5   -0.0000000020
3   7   5   6   0.0006954849
3   7   6   5   -0.0037783193
3   7   6   6   0.0000000060
3   8   2   7   -0.0000000000
3   8   3   5   0.0000000083
3   8   3   6   -0.0015515221
3   8   4   5   0.0015659910
3   8   4   6   0.0000000083
3   8   5   8   0.0000000022
3   8   6   8   -0.0006790248
3   9   1   8   0.0000000017
3   9   2   5   -0.0000000041
3   9   2   6   0.0007650945
3   9   3   7   0.0000000188
3   9   4   7   0.0023704914
3   10   1   8   -0.0004545471
3   10   2   5   -0.0007595725
3   10   2   6   -0.0000000041
3   10   3   7   0.0023936136
3   10   4   7   -0.0000000189
3   11   1   5   -0.0000000712
3   11   1   6   -0.0166234929
3   11   2   8   0.0000000017
3   11   5   7   0.0000000004
3   11   6   7   0.0000067657
3   12   1   5   -0.0389882837
3   12   1   6   0.0000000725
3   12   2   8   -0.0005429869
3   12   5   7   -0.0000056717
3   12   6   7   -0.0000000001
4   7   1   7   0.0006702055
4   7   3   8   -0.0008062470
4   7   4   8   -0.0000000019
4   7   5   5   -0.0006764506
4   7   5   6   -0.0000000018
4   7   6   5   0.0000000097
4   7   6   6   0.0024139193
4   8   2   7   -0.0000000551
4   8   3   5   0.0015455760
4   8   3   6   0.0000000083
4   8   4   5   -0.0000000084
4   8   4   6   0.0015383064
4   8   5   8   0.0007800892
4   8   6   8   0.0000000019
4   9   1   8   0.0013679973
4   9   2   5   -0.0007607239
4   9   2   6   -0.0000000041
4   9   3   7   0.0023944095
4   9   4   7   -0.0000000189
4   10   1   8   -0.0000000029
4   10   2   5   0.0000000041
4   10   2   6   -0.0007591690
4   10   3   7   -0.0000000190
4   10   4   7   -0.0024139624
4   11   1   5   -0.0269776694
4   11   1   6   0.0000000427
4   11   2   8   0.0006009002
4   11   5   7   0.0001559917
4   11   6   7   0.0000000000
4   12   1   5   0.0000001011
4   12   1   6   0.0286291267
4   12   2   8   0.0000000015
4   12   5   7   0.0000000000
4   12   6   7   -0.0000460722
5   7   2   7   0.0000000001
5   7   3   5   -0.0000000021
5   7   3   6   0.0004415645
5   7   4   5   -0.0007361739
5   7   4   6   -0.0000000011
5   7   5   8   -0.0000000054
5   7   6   8   0.0028552157
5   8   1   7   0.0000000001
5   8   3   8   0.0000000018
5   8   4   8   0.0006544417
5   8   5   5   -0.0000000003
5   8   5   6   0.0227200485
5   8   6   5   0.0227352452
5   8   6   6   0.0000000003
5   9   1   5   -0.0000000024
5   9   1   6   0.0003113477
5   9   2   8   0.0000000107
5   9   5   7   -0.0000000019
5   9   6   7   0.0009800869
5   10   1   5   -0.0008218221
5   10   1   6   -0.0000000007
5   10   2   8   0.0038282787
5   10   5   7   -0.0007748777
5   10   6   7   -0.0000000025
5   11   1   8   -0.0000000000
5   11   2   5   -0.0000000007
5   11   2   6   0.0506568201
5   11   3   7   -0.0000000001
5   11   4   7   -0.0000387025
5   12   1   8   0.0005919507
5   12   2   5   0.0506123311
5   12   2   6   0.0000000007
5   12   3   7   0.0000295503
5   12   4   7   -0.0000000001
6   7   2   7   0.0023339765
6   7   3   5   -0.0035766159
6   7   3   6   0.0000000060
6   7   4   5   0.0000000092
6   7   4   6   0.0024157423
6   7   5   8   0.0030995834
6   7   6   8   -0.0000000072
6   8   1   7   0.0010989937
6   8   3   8   -0.0006672293
6   8   4   8   0.0000000019
6   8   5   5   0.0227327303
6   8   5   6   0.0000000003
6   8   6   5   0.0000000003
6   8   6   6   -0.0227179171
6   9   1   5   -0.0041879678
6   9   1   6   0.0000000076
6   9   2   8   -0.0037317811
6   9   5   7   0.0010316025
6   9   6   7   0.0000000025
6   10   1   5   0.0000000107
6   10   1   6   0.0030526977
6   10   2   8   0.0000000105
6   10   5   7   -0.0000000026
6   10   6   7   0.0009372193
6   11   1   8   0.0009619105
6   11   2   5   0.0506310368
6   11   2   6   0.0000000007
6   11   3   7   0.0000240990
6   11   4   7   -0.0000000001
6   12   1   8   -0.0000000005
6   12   2   5   0.0000000007
6   12   2   6   -0.0506424235
6   12   3   7   0.0000000000
6   12   4   7   0.0000206937

End IJKA Block
Begin IABC Block
1   5   1   8   -0.0000000002
1   5   2   8   -0.0006628270
1   5   4   5   -0.0000000055
1   5   4   6   -0.0023800284
1   6   1   8   -0.0007051098
1   6   2   8   -0.0000000002
1   6   4   5   -0.0022481758
1   6   4   6   -0.0000000054
1   7   3   8   0.0000000023
1   7   4   7   -0.0000000012
1   8   1   5   -0.0000000002
1   8   1   6   -0.0004765959
1   8   2   5   -0.0004380406
1   8   2   6   -0.0000000002
1   8   3   7   0.0000000022
1   8   4   8   -0.0000000002
2   5   1   5   0.0000000053
2   5   1   6   -0.0182801485
2   5   2   5   -0.0182697496
2   5   2   6   -0.0000000053
2   5   3   7   0.0000000000
2   5   4   8   -0.0000000005
2   6   1   5   -0.0182924014
2   6   1   6   -0.0000000053
2   6   2   5   -0.0000000053
2   6   2   6   0.0182650094
2   6   3   7   -0.0000995088
2   6   4   8   0.0008782015
2   7   1   7   -0.0000000000
2   7   2   7   -0.0000051121
2   7   3   5   -0.0000000000
2   7   3   6   -0.0000042354
2   8   1   8   -0.0000000050
2   8   2   8   0.0093235237
2   8   4   5   -0.0000000005
2   8   4   6   0.0009952434
3   5   1   7   -0.0000000030
3   5   2   7   0.0010996076
3   5   3   5   -0.0000000022
3   5   3   6   0.0007781547
3   6   1   7   0.0010757711
3   6   2   7   0.0000000027
3   6   3   5   0.0008243531
3   6   3   6   0.0000000018
3   7   1   5   -0.0000000028
3   7   1   6   0.0009954008
3   7   2   5   0.0009971563
3   7   2   6   0.0000000028
3   7   3   7   0.0000000000
3   7   4   8   -0.0000000150
3   8   3   8   -0.0000000178
3   8   4   7   -0.0000000149
4   5   1   7   -0.0010650456
4   5   2   7   -0.0000000031
4   5   3   5   -0.0007796108
4   5   3   6   -0.0000000021
4   6   1   7   -0.0000000030
4   6   2   7   0.0009507560
4   6   3   5   -0.0000000023
4   6   3   6   0.0006144443
4   7   1   5   -0.0009949129
4   7   1   6   -0.0000000028
4   7   2   5   -0.0000000028
4   7   2   6   0.0009892682
4   7   3   7   0.0000006784
4   7   4   8   -0.0048773423
4   8   3   8   -0.0057895900
4   8   4   7   -0.0048607642
5   5   3   8   -0.0000000003
5   5   4   7   -0.0000000002
5   6   3   8   0.0010678037
5   6   4   7   0.0009429952
5   7   1   8   -0.0000000073
5   7   2   8   0.0261439273
5   7   4   5   -0.0000000003
5   7   4   6   0.0009974852
5   8   1   7   -0.0000000072
5   8   2   7   0.0260783106
5   8   3   5   -0.0000000003
5   8   3   6   0.0011584529
6   5   3   8   0.0011585672
6   5   4   7   0.0010350774
6   6   3   8   0.0000000003
6   6   4   7   0.0000000003
6   7   1   8   0.0261581807
6   7   2   8   0.0000000073
6   7   4   5   0.0009754178
6   7   4   6   0.0000000003
6   8   1   7   0.0260946701
6   8   2   7   0.0000000072
6   8   3   5   0.0011403417
6   8   3   6   0.0000000003

End IABC Block
