Begin IJ Block
1   1   -28.6585473655
1   3   0.5128008604
1   7   -0.2874396519
2   2   -28.6556793926
2   6   0.5147068552
3   3   -11.2494121921
3   7   -1.1621960411
4   4   -8.9897301145
5   5   -8.9897301145
6   6   -7.9048221481
7   7   -8.2459039929

End IJ Block
Begin IA Block
1   4   0.0495437058
2   3   0.2654184679
3   4   0.7572373512
4   5   -1.1433568002
4   6   1.5355879652
5   5   1.5355879652
5   6   1.1433568002
6   3   -1.2865491367
7   4   1.2835743545

End IA Block
Begin AB Block
1   1   -6.6550989923
2   2   -6.6550989923
3   3   -4.2668371865
4   4   -5.0720443325
5   5   -5.9289633517
6   6   -5.9289633517

End AB Block
Begin IJKL Block
1   8   1   8   2.3565481254
1   8   1   10   -0.2229094530
1   8   1   14   0.0653749291
1   8   2   9   1.7562882310
1   8   2   13   -0.1632744399
1   8   3   8   -0.2229094530
1   8   3   10   0.0492260379
1   8   3   14   0.0016433512
1   8   4   11   0.0134285467
1   8   5   12   0.0134285467
1   8   6   9   -0.1632744399
1   8   6   13   0.0252200393
1   8   7   8   0.0653749291
1   8   7   10   0.0016433512
1   8   7   14   0.0169139674
1   9   1   9   2.3616643469
1   9   1   13   -0.1771198197
1   9   2   8   1.7565370177
1   9   2   10   -0.2460332553
1   9   2   14   0.0376760981
1   9   3   9   -0.2239805275
1   9   3   13   0.0251683506
1   9   6   8   -0.1631916089
1   9   6   10   0.0261702227
1   9   6   14   -0.0129617173
1   9   7   9   0.0653070621
1   9   7   13   -0.0142306862
1   10   1   8   -0.2229094530
1   10   1   10   0.9746970298
1   10   1   14   0.1349212774
1   10   2   9   -0.2461041699
1   10   2   13   0.1255336303
1   10   3   8   0.0506697439
1   10   3   10   0.0115389104
1   10   3   14   0.0111990299
1   10   4   11   0.0220826946
1   10   5   12   0.0220826946
1   10   6   9   0.0264746862
1   10   6   13   -0.0033116998
1   10   7   8   0.0020372249
1   10   7   10   0.0411767947
1   10   7   14   0.0178536435
1   11   1   11   0.7679373686
1   11   3   11   0.0021312574
1   11   4   8   0.0152188787
1   11   4   10   0.0226539456
1   11   4   14   -0.0046247783
1   11   7   11   0.0141044836
1   12   1   12   0.7679373686
1   12   3   12   0.0021312574
1   12   5   8   0.0152188787
1   12   5   10   0.0226539456
1   12   5   14   -0.0046247783
1   12   7   12   0.0141044836
1   13   1   9   -0.1771198197
1   13   1   13   0.6810217818
1   13   2   8   -0.1631916089
1   13   2   10   0.1255999286
1   13   2   14   -0.2391328329
1   13   3   9   0.0255140834
1   13   3   13   -0.0156380397
1   13   6   8   0.0265911426
1   13   6   10   -0.0029782370
1   13   6   14   -0.0055549296
1   13   7   9   -0.0151340619
1   13   7   13   -0.0063997777
1   14   1   8   0.0653749291
1   14   1   10   0.1349212774
1   14   1   14   0.7229791596
1   14   2   9   0.0377290628
1   14   2   13   -0.2391335163
1   14   3   8   0.0020372249
1   14   3   10   0.0114510717
1   14   3   14   -0.0087369022
1   14   4   11   -0.0041372650
1   14   5   12   -0.0041372650
1   14   6   9   -0.0138560698
1   14   6   13   -0.0057064659
1   14   7   8   0.0183229081
1   14   7   10   0.0181001020
1   14   7   14   0.0003581318
2   8   1   9   1.7565370177
2   8   1   13   -0.1631916089
2   8   2   8   2.3616643469
2   8   2   10   -0.2239805275
2   8   2   14   0.0653070621
2   8   3   9   -0.2460332553
2   8   3   13   0.0261702227
2   8   6   8   -0.1771198197
2   8   6   10   0.0251683506
2   8   6   14   -0.0142306862
2   8   7   9   0.0376760981
2   8   7   13   -0.0129617173
2   9   1   8   1.7562882310
2   9   1   10   -0.2461041699
2   9   1   14   0.0377290628
2   9   2   9   2.3663209289
2   9   2   13   -0.1777794342
2   9   3   8   -0.2461041699
2   9   3   10   0.0480508216
2   9   3   14   -0.0003296667
2   9   4   11   0.0118619987
2   9   5   12   0.0118619987
2   9   6   9   -0.1777794342
2   9   6   13   0.0259225155
2   9   7   8   0.0377290628
2   9   7   10   -0.0003296667
2   9   7   14   0.0143385744
2   10   1   9   -0.2460332553
2   10   1   13   0.1255999286
2   10   2   8   -0.2239805275
2   10   2   10   0.9740747208
2   10   2   14   0.1344209861
2   10   3   9   0.0496057541
2   10   3   13   -0.0106699794
2   10   6   8   0.0255140834
2   10   6   10   -0.0307330516
2   10   6   14   -0.0100483687
2   10   7   9   0.0000898812
2   10   7   13   -0.0026052892
2   11   2   11   0.7677884160
2   11   4   9   0.0136876959
2   11   4   13   0.0103062494
2   11   6   11   -0.0116772789
2   12   2   12   0.7677884160
2   12   5   9   0.0136876959
2   12   5   13   0.0103062494
2   12   6   12   -0.0116772789
2   13   1   8   -0.1632744399
2   13   1   10   0.1255336303
2   13   1   14   -0.2391335163
2   13   2   9   -0.1777794342
2   13   2   13   0.6813390589
2   13   3   8   0.0264746862
2   13   3   10   -0.0111594584
2   13   3   14   0.0210353262
2   13   4   11   0.0095973847
2   13   5   12   0.0095973847
2   13   6   9   0.0272853628
2   13   6   13   -0.0023550316
2   13   7   8   -0.0138560698
2   13   7   10   -0.0027700032
2   13   7   14   0.0182846870
2   14   1   9   0.0376760981
2   14   1   13   -0.2391328329
2   14   2   8   0.0653070621
2   14   2   10   0.1344209861
2   14   2   14   0.7230305007
2   14   3   9   0.0000898812
2   14   3   13   0.0210684884
2   14   6   8   -0.0151340619
2   14   6   10   -0.0101404918
2   14   6   14   -0.0048888933
2   14   7   9   0.0157955661
2   14   7   13   0.0182220072
3   8   1   8   -0.2229094530
3   8   1   10   0.0506697439
3   8   1   14   0.0020372249
3   8   2   9   -0.2461041699
3   8   2   13   0.0264746862
3   8   3   8   0.9746970298
3   8   3   10   0.0115389104
3   8   3   14   0.0411767947
3   8   4   11   0.0220826946
3   8   5   12   0.0220826946
3   8   6   9   0.1255336303
3   8   6   13   -0.0033116998
3   8   7   8   0.1349212774
3   8   7   10   0.0111990299
3   8   7   14   0.0178536435
3   9   1   9   -0.2239805275
3   9   1   13   0.0255140834
3   9   2   8   -0.2460332553
3   9   2   10   0.0496057541
3   9   2   14   0.0000898812
3   9   3   9   0.9740747208
3   9   3   13   -0.0307330516
3   9   6   8   0.1255999286
3   9   6   10   -0.0106699794
3   9   6   14   -0.0026052892
3   9   7   9   0.1344209861
3   9   7   13   -0.0100483687
3   10   1   8   0.0492260379
3   10   1   10   0.0115389104
3   10   1   14   0.0114510717
3   10   2   9   0.0480508216
3   10   2   13   -0.0111594584
3   10   3   8   0.0115389104
3   10   3   10   0.9387754801
3   10   3   14   0.1561825941
3   10   4   11   0.1145211268
3   10   5   12   0.1145211268
3   10   6   9   -0.0111594584
3   10   6   13   0.0284457257
3   10   7   8   0.0114510717
3   10   7   10   0.1561825941
3   10   7   14   0.0577731961
3   11   1   11   0.0021312574
3   11   3   11   0.7175088010
3   11   4   8   0.0226539456
3   11   4   10   0.1171191604
3   11   4   14   -0.0158165369
3   11   7   11   0.0706920940
3   12   1   12   0.0021312574
3   12   3   12   0.7175088010
3   12   5   8   0.0226539456
3   12   5   10   0.1171191604
3   12   5   14   -0.0158165369
3   12   7   12   0.0706920940
3   13   1   9   0.0251683506
3   13   1   13   -0.0156380397
3   13   2   8   0.0261702227
3   13   2   10   -0.0106699794
3   13   2   14   0.0210684884
3   13   3   9   -0.0307330516
3   13   3   13   0.5489354049
3   13   6   8   -0.0029782370
3   13   6   10   0.0320254682
3   13   6   14   -0.0678249174
3   13   7   9   -0.0101404918
3   13   7   13   0.0174849114
3   14   1   8   0.0016433512
3   14   1   10   0.0111990299
3   14   1   14   -0.0087369022
3   14   2   9   -0.0003296667
3   14   2   13   0.0210353262
3   14   3   8   0.0411767947
3   14   3   10   0.1561825941
3   14   3   14   0.6059418187
3   14   4   11   -0.0152007585
3   14   5   12   -0.0152007585
3   14   6   9   -0.0027700032
3   14   6   13   -0.0685384480
3   14   7   8   0.0181001020
3   14   7   10   0.0606752459
3   14   7   14   0.0433633384
4   8   1   11   0.0152188787
4   8   3   11   0.0226539456
4   8   4   8   0.7679373686
4   8   4   10   0.0021312574
4   8   4   14   0.0141044836
4   8   7   11   -0.0046247783
4   9   2   11   0.0136876959
4   9   4   9   0.7677884160
4   9   4   13   -0.0116772789
4   9   6   11   0.0103062494
4   10   1   11   0.0226539456
4   10   3   11   0.1171191604
4   10   4   8   0.0021312574
4   10   4   10   0.7175088010
4   10   4   14   0.0706920940
4   10   7   11   -0.0158165369
4   11   1   8   0.0134285467
4   11   1   10   0.0220826946
4   11   1   14   -0.0041372650
4   11   2   9   0.0118619987
4   11   2   13   0.0095973847
4   11   3   8   0.0220826946
4   11   3   10   0.1145211268
4   11   3   14   -0.0152007585
4   11   4   11   0.6416276074
4   11   5   12   0.0225349968
4   11   6   9   0.0095973847
4   11   6   13   0.0315370692
4   11   7   8   -0.0041372650
4   11   7   10   -0.0152007585
4   11   7   14   0.0224142571
4   12   4   12   0.5924333486
4   12   5   11   0.0266592620
4   13   2   11   0.0103062494
4   13   4   9   -0.0116772789
4   13   4   13   0.5182145616
4   13   6   11   0.0355191852
4   14   1   11   -0.0046247783
4   14   3   11   -0.0158165369
4   14   4   8   0.0141044836
4   14   4   10   0.0706920940
4   14   4   14   0.5385400200
4   14   7   11   0.0262346886
5   8   1   12   0.0152188787
5   8   3   12   0.0226539456
5   8   5   8   0.7679373686
5   8   5   10   0.0021312574
5   8   5   14   0.0141044836
5   8   7   12   -0.0046247783
5   9   2   12   0.0136876959
5   9   5   9   0.7677884160
5   9   5   13   -0.0116772789
5   9   6   12   0.0103062494
5   10   1   12   0.0226539456
5   10   3   12   0.1171191604
5   10   5   8   0.0021312574
5   10   5   10   0.7175088010
5   10   5   14   0.0706920940
5   10   7   12   -0.0158165369
5   11   4   12   0.0266592620
5   11   5   11   0.5924333486
5   12   1   8   0.0134285467
5   12   1   10   0.0220826946
5   12   1   14   -0.0041372650
5   12   2   9   0.0118619987
5   12   2   13   0.0095973847
5   12   3   8   0.0220826946
5   12   3   10   0.1145211268
5   12   3   14   -0.0152007585
5   12   4   11   0.0225349968
5   12   5   12   0.6416276074
5   12   6   9   0.0095973847
5   12   6   13   0.0315370692
5   12   7   8   -0.0041372650
5   12   7   10   -0.0152007585
5   12   7   14   0.0224142571
5   13   2   12   0.0103062494
5   13   5   9   -0.0116772789
5   13   5   13   0.5182145616
5   13   6   12   0.0355191852
5   14   1   12   -0.0046247783
5   14   3   12   -0.0158165369
5   14   5   8   0.0141044836
5   14   5   10   0.0706920940
5   14   5   14   0.5385400200
5   14   7   12   0.0262346886
6   8   1   9   -0.1631916089
6   8   1   13   0.0265911426
6   8   2   8   -0.1771198197
6   8   2   10   0.0255140834
6   8   2   14   -0.0151340619
6   8   3   9   0.1255999286
6   8   3   13   -0.0029782370
6   8   6   8   0.6810217818
6   8   6   10   -0.0156380397
6   8   6   14   -0.0063997777
6   8   7   9   -0.2391328329
6   8   7   13   -0.0055549296
6   9   1   8   -0.1632744399
6   9   1   10   0.0264746862
6   9   1   14   -0.0138560698
6   9   2   9   -0.1777794342
6   9   2   13   0.0272853628
6   9   3   8   0.1255336303
6   9   3   10   -0.0111594584
6   9   3   14   -0.0027700032
6   9   4   11   0.0095973847
6   9   5   12   0.0095973847
6   9   6   9   0.6813390589
6   9   6   13   -0.0023550316
6   9   7   8   -0.2391335163
6   9   7   10   0.0210353262
6   9   7   14   0.0182846870
6   10   1   9   0.0261702227
6   10   1   13   -0.0029782370
6   10   2   8   0.0251683506
6   10   2   10   -0.0307330516
6   10   2   14   -0.0101404918
6   10   3   9   -0.0106699794
6   10   3   13   0.0320254682
6   10   6   8   -0.0156380397
6   10   6   10   0.5489354049
6   10   6   14   0.0174849114
6   10   7   9   0.0210684884
6   10   7   13   -0.0678249174
6   11   2   11   -0.0116772789
6   11   4   9   0.0103062494
6   11   4   13   0.0355191852
6   11   6   11   0.5182145616
6   12   2   12   -0.0116772789
6   12   5   9   0.0103062494
6   12   5   13   0.0355191852
6   12   6   12   0.5182145616
6   13   1   8   0.0252200393
6   13   1   10   -0.0033116998
6   13   1   14   -0.0057064659
6   13   2   9   0.0259225155
6   13   2   13   -0.0023550316
6   13   3   8   -0.0033116998
6   13   3   10   0.0284457257
6   13   3   14   -0.0685384480
6   13   4   11   0.0315370692
6   13   5   12   0.0315370692
6   13   6   9   -0.0023550316
6   13   6   13   0.5428885596
6   13   7   8   -0.0057064659
6   13   7   10   -0.0685384480
6   13   7   14   0.2056634008
6   14   1   9   -0.0129617173
6   14   1   13   -0.0055549296
6   14   2   8   -0.0142306862
6   14   2   10   -0.0100483687
6   14   2   14   -0.0048888933
6   14   3   9   -0.0026052892
6   14   3   13   -0.0678249174
6   14   6   8   -0.0063997777
6   14   6   10   0.0174849114
6   14   6   14   0.5468721921
6   14   7   9   0.0182220072
6   14   7   13   0.2048159259
7   8   1   8   0.0653749291
7   8   1   10   0.0020372249
7   8   1   14   0.0183229081
7   8   2   9   0.0377290628
7   8   2   13   -0.0138560698
7   8   3   8   0.1349212774
7   8   3   10   0.0114510717
7   8   3   14   0.0181001020
7   8   4   11   -0.0041372650
7   8   5   12   -0.0041372650
7   8   6   9   -0.2391335163
7   8   6   13   -0.0057064659
7   8   7   8   0.7229791596
7   8   7   10   -0.0087369022
7   8   7   14   0.0003581318
7   9   1   9   0.0653070621
7   9   1   13   -0.0151340619
7   9   2   8   0.0376760981
7   9   2   10   0.0000898812
7   9   2   14   0.0157955661
7   9   3   9   0.1344209861
7   9   3   13   -0.0101404918
7   9   6   8   -0.2391328329
7   9   6   10   0.0210684884
7   9   6   14   0.0182220072
7   9   7   9   0.7230305007
7   9   7   13   -0.0048888933
7   10   1   8   0.0016433512
7   10   1   10   0.0411767947
7   10   1   14   0.0181001020
7   10   2   9   -0.0003296667
7   10   2   13   -0.0027700032
7   10   3   8   0.0111990299
7   10   3   10   0.1561825941
7   10   3   14   0.0606752459
7   10   4   11   -0.0152007585
7   10   5   12   -0.0152007585
7   10   6   9   0.0210353262
7   10   6   13   -0.0685384480
7   10   7   8   -0.0087369022
7   10   7   10   0.6059418187
7   10   7   14   0.0433633384
7   11   1   11   0.0141044836
7   11   3   11   0.0706920940
7   11   4   8   -0.0046247783
7   11   4   10   -0.0158165369
7   11   4   14   0.0262346886
7   11   7   11   0.5385400200
7   12   1   12   0.0141044836
7   12   3   12   0.0706920940
7   12   5   8   -0.0046247783
7   12   5   10   -0.0158165369
7   12   5   14   0.0262346886
7   12   7   12   0.5385400200
7   13   1   9   -0.0142306862
7   13   1   13   -0.0063997777
7   13   2   8   -0.0129617173
7   13   2   10   -0.0026052892
7   13   2   14   0.0182220072
7   13   3   9   -0.0100483687
7   13   3   13   0.0174849114
7   13   6   8   -0.0055549296
7   13   6   10   -0.0678249174
7   13   6   14   0.2048159259
7   13   7   9   -0.0048888933
7   13   7   13   0.5468721921
7   14   1   8   0.0169139674
7   14   1   10   0.0178536435
7   14   1   14   0.0003581318
7   14   2   9   0.0143385744
7   14   2   13   0.0182846870
7   14   3   8   0.0178536435
7   14   3   10   0.0577731961
7   14   3   14   0.0433633384
7   14   4   11   0.0224142571
7   14   5   12   0.0224142571
7   14   6   9   0.0182846870
7   14   6   13   0.2056634008
7   14   7   8   0.0003581318
7   14   7   10   0.0433633384
7   14   7   14   0.5674235616

End IJKL Block
Begin IJAB Block
1   8   1   7   0.0091809842
1   8   2   8   0.0091809842
1   8   3   9   0.0083586425
1   8   4   10   0.0069620439
1   8   5   11   0.0146395929
1   8   6   12   0.0146395929
1   9   1   11   0.0061024517
1   9   1   12   0.0094592264
1   9   2   11   -0.0094592264
1   9   2   12   0.0061024517
1   9   3   10   0.0003257152
1   9   4   9   0.0006081627
1   9   5   7   0.0065080035
1   9   5   8   -0.0100878599
1   9   6   7   0.0100878599
1   9   6   8   0.0065080035
1   10   1   7   0.0073515661
1   10   2   8   0.0073515661
1   10   3   9   -0.0014079990
1   10   4   10   0.0063836555
1   10   5   11   0.0109095181
1   10   6   12   0.0109095181
1   11   1   9   -0.0018227374
1   11   2   9   -0.0048745432
1   11   3   7   -0.0002109971
1   11   3   8   -0.0005642690
1   11   4   11   -0.0022635531
1   11   4   12   0.0030400702
1   11   5   10   0.0010058259
1   11   6   10   -0.0013508768
1   12   1   9   -0.0048745432
1   12   2   9   0.0018227374
1   12   3   7   -0.0005642690
1   12   3   8   0.0002109971
1   12   4   11   0.0030400702
1   12   4   12   0.0022635531
1   12   5   10   -0.0013508768
1   12   6   10   -0.0010058259
1   13   1   11   0.0022688250
1   13   1   12   0.0035168371
1   13   2   11   -0.0035168371
1   13   2   12   0.0022688250
1   13   3   10   -0.0001666775
1   13   4   9   0.0013950679
1   13   5   7   0.0062163188
1   13   5   8   -0.0096357283
1   13   6   7   0.0096357283
1   13   6   8   0.0062163188
1   14   1   7   -0.0057610961
1   14   2   8   -0.0057610961
1   14   3   9   -0.0003318661
1   14   4   10   0.0033758309
1   14   5   11   0.0015827509
1   14   6   12   0.0015827509
2   8   1   11   0.0065080035
2   8   1   12   0.0100878599
2   8   2   11   -0.0100878599
2   8   2   12   0.0065080035
2   8   3   10   0.0006081627
2   8   4   9   0.0003257152
2   8   5   7   0.0061024517
2   8   5   8   -0.0094592264
2   8   6   7   0.0094592264
2   8   6   8   0.0061024517
2   9   1   7   0.0096816488
2   9   2   8   0.0096816488
2   9   3   9   0.0085040451
2   9   4   10   0.0060510679
2   9   5   11   0.0135302489
2   9   6   12   0.0135302489
2   10   1   11   0.0047024487
2   10   1   12   0.0072891239
2   10   2   11   -0.0072891239
2   10   2   12   0.0047024487
2   10   3   10   0.0033861042
2   10   4   9   0.0008955046
2   10   5   7   0.0043162640
2   10   5   8   -0.0066905106
2   10   6   7   0.0066905106
2   10   6   8   0.0043162640
2   11   1   10   -0.0006991346
2   11   2   10   -0.0018696942
2   11   3   11   -0.0021542432
2   11   3   12   0.0028932613
2   11   4   7   -0.0015195772
2   11   4   8   -0.0040638025
2   11   5   9   0.0030060878
2   11   6   9   -0.0040373331
2   12   1   10   -0.0018696942
2   12   2   10   0.0006991346
2   12   3   11   0.0028932613
2   12   3   12   0.0021542432
2   12   4   7   -0.0040638025
2   12   4   8   0.0015195772
2   12   5   9   -0.0040373331
2   12   6   9   -0.0030060878
2   13   1   7   0.0110108022
2   13   2   8   0.0110108022
2   13   3   9   -0.0015811456
2   13   4   10   0.0009821468
2   13   5   11   0.0042481297
2   13   6   12   0.0042481297
2   14   1   11   0.0004956491
2   14   1   12   0.0007682908
2   14   2   11   -0.0007682908
2   14   2   12   0.0004956491
2   14   3   10   0.0026409513
2   14   4   9   -0.0029740142
2   14   5   7   -0.0028273349
2   14   5   8   0.0043825665
2   14   6   7   -0.0043825665
2   14   6   8   -0.0028273349
3   8   1   7   0.0073515661
3   8   2   8   0.0073515661
3   8   3   9   -0.0014079990
3   8   4   10   0.0063836555
3   8   5   11   0.0109095181
3   8   6   12   0.0109095181
3   9   1   11   0.0043162640
3   9   1   12   0.0066905106
3   9   2   11   -0.0066905106
3   9   2   12   0.0043162640
3   9   3   10   0.0008955046
3   9   4   9   0.0033861042
3   9   5   7   0.0047024487
3   9   5   8   -0.0072891239
3   9   6   7   0.0072891239
3   9   6   8   0.0047024487
3   10   1   7   0.0249712036
3   10   2   8   0.0249712036
3   10   3   9   0.0112176779
3   10   4   10   0.0324912195
3   10   5   11   0.0315583500
3   10   6   12   0.0315583500
3   11   1   9   -0.0054396025
3   11   2   9   -0.0145471186
3   11   3   7   -0.0094549145
3   11   3   8   -0.0252852598
3   11   4   11   -0.0172188871
3   11   4   12   0.0231258657
3   11   5   10   -0.0011493604
3   11   6   10   0.0015436511
3   12   1   9   -0.0145471186
3   12   2   9   0.0054396025
3   12   3   7   -0.0252852598
3   12   3   8   0.0094549145
3   12   4   11   0.0231258657
3   12   4   12   0.0172188871
3   12   5   10   0.0015436511
3   12   6   10   0.0011493604
3   13   1   11   0.0030240382
3   13   1   12   0.0046874704
3   13   2   11   -0.0046874704
3   13   2   12   0.0030240382
3   13   3   10   0.0042374737
3   13   4   9   -0.0050576661
3   13   5   7   0.0077152631
3   13   5   8   -0.0119591966
3   13   6   7   0.0119591966
3   13   6   8   0.0077152631
3   14   1   7   -0.0196022187
3   14   2   8   -0.0196022187
3   14   3   9   -0.0086037245
3   14   4   10   0.0164207908
3   14   5   11   0.0033465812
3   14   6   12   0.0033465812
4   8   1   9   -0.0002109971
4   8   2   9   -0.0005642690
4   8   3   7   -0.0018227374
4   8   3   8   -0.0048745432
4   8   4   11   0.0010058259
4   8   4   12   -0.0013508768
4   8   5   10   -0.0022635531
4   8   6   10   0.0030400702
4   9   1   10   -0.0015195772
4   9   2   10   -0.0040638025
4   9   3   11   0.0030060878
4   9   3   12   -0.0040373331
4   9   4   7   -0.0006991346
4   9   4   8   -0.0018696942
4   9   5   9   -0.0021542432
4   9   6   9   0.0028932613
4   10   1   9   -0.0094549145
4   10   2   9   -0.0252852598
4   10   3   7   -0.0054396025
4   10   3   8   -0.0145471186
4   10   4   11   -0.0011493604
4   10   4   12   0.0015436511
4   10   5   10   -0.0172188871
4   10   6   10   0.0231258657
4   11   1   7   0.0255037495
4   11   1   8   0.0288247661
4   11   2   7   0.0288247661
4   11   2   8   0.0918113249
4   11   3   9   0.0103330562
4   11   4   10   0.0168546910
4   11   5   11   0.0294109775
4   11   5   12   -0.0304496115
4   11   6   11   -0.0304496115
4   11   6   12   0.0476344499
4   12   1   7   0.0288247661
4   12   1   8   0.0033986725
4   12   2   7   0.0629089029
4   12   2   8   -0.0288247661
4   12   5   11   -0.0304496115
4   12   5   12   -0.0143890075
4   12   6   11   0.0326124800
4   12   6   12   0.0304496115
4   13   1   10   0.0005145430
4   13   2   10   0.0013760415
4   13   3   11   0.0033465900
4   13   3   12   -0.0044946454
4   13   4   7   -0.0060480759
4   13   4   8   -0.0161743579
4   13   5   9   0.0196002298
4   13   6   9   -0.0263241335
4   14   1   9   0.0044001646
4   14   2   9   0.0117673518
4   14   3   7   0.0042876923
4   14   3   8   0.0114665673
4   14   4   11   0.0024177200
4   14   4   12   -0.0032471244
4   14   5   10   -0.0198010581
4   14   6   10   0.0265938564
5   8   1   9   -0.0005642690
5   8   2   9   0.0002109971
5   8   3   7   -0.0048745432
5   8   3   8   0.0018227374
5   8   4   11   -0.0013508768
5   8   4   12   -0.0010058259
5   8   5   10   0.0030400702
5   8   6   10   0.0022635531
5   9   1   10   -0.0040638025
5   9   2   10   0.0015195772
5   9   3   11   -0.0040373331
5   9   3   12   -0.0030060878
5   9   4   7   -0.0018696942
5   9   4   8   0.0006991346
5   9   5   9   0.0028932613
5   9   6   9   0.0021542432
5   10   1   9   -0.0252852598
5   10   2   9   0.0094549145
5   10   3   7   -0.0145471186
5   10   3   8   0.0054396025
5   10   4   11   0.0015436511
5   10   4   12   0.0011493604
5   10   5   10   0.0231258657
5   10   6   10   0.0172188871
5   11   1   7   0.0288247661
5   11   1   8   0.0629089029
5   11   2   7   0.0033986725
5   11   2   8   -0.0288247661
5   11   5   11   -0.0304496115
5   11   5   12   0.0326124800
5   11   6   11   -0.0143890075
5   11   6   12   0.0304496115
5   12   1   7   0.0918113249
5   12   1   8   -0.0288247661
5   12   2   7   -0.0288247661
5   12   2   8   0.0255037495
5   12   3   9   0.0103330562
5   12   4   10   0.0168546910
5   12   5   11   0.0476344499
5   12   5   12   0.0304496115
5   12   6   11   0.0304496115
5   12   6   12   0.0294109775
5   13   1   10   0.0013760415
5   13   2   10   -0.0005145430
5   13   3   11   -0.0044946454
5   13   3   12   -0.0033465900
5   13   4   7   -0.0161743579
5   13   4   8   0.0060480759
5   13   5   9   -0.0263241335
5   13   6   9   -0.0196002298
5   14   1   9   0.0117673518
5   14   2   9   -0.0044001646
5   14   3   7   0.0114665673
5   14   3   8   -0.0042876923
5   14   4   11   -0.0032471244
5   14   4   12   -0.0024177200
5   14   5   10   0.0265938564
5   14   6   10   0.0198010581
6   8   1   11   0.0062163188
6   8   1   12   0.0096357283
6   8   2   11   -0.0096357283
6   8   2   12   0.0062163188
6   8   3   10   0.0013950679
6   8   4   9   -0.0001666775
6   8   5   7   0.0022688250
6   8   5   8   -0.0035168371
6   8   6   7   0.0035168371
6   8   6   8   0.0022688250
6   9   1   7   0.0110108022
6   9   2   8   0.0110108022
6   9   3   9   -0.0015811456
6   9   4   10   0.0009821468
6   9   5   11   0.0042481297
6   9   6   12   0.0042481297
6   10   1   11   0.0077152631
6   10   1   12   0.0119591966
6   10   2   11   -0.0119591966
6   10   2   12   0.0077152631
6   10   3   10   -0.0050576661
6   10   4   9   0.0042374737
6   10   5   7   0.0030240382
6   10   5   8   -0.0046874704
6   10   6   7   0.0046874704
6   10   6   8   0.0030240382
6   11   1   10   -0.0060480759
6   11   2   10   -0.0161743579
6   11   3   11   0.0196002298
6   11   3   12   -0.0263241335
6   11   4   7   0.0005145430
6   11   4   8   0.0013760415
6   11   5   9   0.0033465900
6   11   6   9   -0.0044946454
6   12   1   10   -0.0161743579
6   12   2   10   0.0060480759
6   12   3   11   -0.0263241335
6   12   3   12   -0.0196002298
6   12   4   7   0.0013760415
6   12   4   8   -0.0005145430
6   12   5   9   -0.0044946454
6   12   6   9   -0.0033465900
6   13   1   7   0.0683045148
6   13   2   8   0.0683045148
6   13   3   9   0.0400037675
6   13   4   10   0.0191538593
6   13   5   11   0.0104408823
6   13   6   12   0.0104408823
6   14   1   11   0.0068365228
6   14   1   12   0.0105970878
6   14   2   11   -0.0105970878
6   14   2   12   0.0068365228
6   14   3   10   -0.0327355348
6   14   4   9   -0.0180171945
6   14   5   7   0.0005511353
6   14   5   8   -0.0008542981
6   14   6   7   0.0008542981
6   14   6   8   0.0005511353
7   8   1   7   -0.0057610961
7   8   2   8   -0.0057610961
7   8   3   9   -0.0003318661
7   8   4   10   0.0033758309
7   8   5   11   0.0015827509
7   8   6   12   0.0015827509
7   9   1   11   -0.0028273349
7   9   1   12   -0.0043825665
7   9   2   11   0.0043825665
7   9   2   12   -0.0028273349
7   9   3   10   -0.0029740142
7   9   4   9   0.0026409513
7   9   5   7   0.0004956491
7   9   5   8   -0.0007682908
7   9   6   7   0.0007682908
7   9   6   8   0.0004956491
7   10   1   7   -0.0196022187
7   10   2   8   -0.0196022187
7   10   3   9   -0.0086037245
7   10   4   10   0.0164207908
7   10   5   11   0.0033465812
7   10   6   12   0.0033465812
7   11   1   9   0.0042876923
7   11   2   9   0.0114665673
7   11   3   7   0.0044001646
7   11   3   8   0.0117673518
7   11   4   11   -0.0198010581
7   11   4   12   0.0265938564
7   11   5   10   0.0024177200
7   11   6   10   -0.0032471244
7   12   1   9   0.0114665673
7   12   2   9   -0.0042876923
7   12   3   7   0.0117673518
7   12   3   8   -0.0044001646
7   12   4   11   0.0265938564
7   12   4   12   0.0198010581
7   12   5   10   -0.0032471244
7   12   6   10   -0.0024177200
7   13   1   11   0.0005511353
7   13   1   12   0.0008542981
7   13   2   11   -0.0008542981
7   13   2   12   0.0005511353
7   13   3   10   -0.0180171945
7   13   4   9   -0.0327355348
7   13   5   7   0.0068365228
7   13   5   8   -0.0105970878
7   13   6   7   0.0105970878
7   13   6   8   0.0068365228
7   14   1   7   0.0426099801
7   14   2   8   0.0426099801
7   14   3   9   0.0247376436
7   14   4   10   0.0399644947
7   14   5   11   0.0154631358
7   14   6   12   0.0154631358

End IJAB Block
Begin ABCD Block
1   7   1   7   0.4489841429
1   7   2   8   0.0174261180
1   7   3   9   0.0136644385
1   7   4   10   0.0083224509
1   7   5   11   0.0153554452
1   7   5   12   0.0138780897
1   7   6   11   0.0138780897
1   7   6   12   0.0279142507
1   8   1   8   0.4141553019
1   8   2   7   0.0174027230
1   8   5   11   -0.0138780897
1   8   5   12   0.0026153775
1   8   6   11   -0.0151741830
1   8   6   12   0.0138780897
1   9   1   9   0.3260012373
1   9   3   7   0.0136484074
1   9   4   11   -0.0022735806
1   9   4   12   -0.0035242087
1   9   5   10   -0.0132819818
1   9   6   10   -0.0205879994
1   10   1   10   0.3647627233
1   10   3   11   -0.0040350276
1   10   3   12   -0.0062545745
1   10   4   7   0.0083615400
1   10   5   9   -0.0132889856
1   10   6   9   -0.0205988558
1   11   1   11   0.3928816415
1   11   1   12   0.0125144475
1   11   2   11   -0.0125144475
1   11   2   12   -0.0056634074
1   11   3   10   -0.0040097550
1   11   4   9   -0.0022656719
1   11   5   7   0.0154278877
1   11   5   8   -0.0139934969
1   11   6   7   0.0139934969
1   11   6   8   -0.0153034716
1   12   1   11   0.0125144475
1   12   1   12   0.4042064359
1   12   2   11   -0.0056613870
1   12   2   12   0.0125144475
1   12   3   10   -0.0062154004
1   12   4   9   -0.0035119496
1   12   5   7   0.0139934969
1   12   5   8   0.0026402298
1   12   6   7   0.0280911295
1   12   6   8   0.0139934969
2   7   1   8   0.0174027230
2   7   2   7   0.4141553019
2   7   5   11   -0.0138780897
2   7   5   12   -0.0151741830
2   7   6   11   0.0026153775
2   7   6   12   0.0138780897
2   8   1   7   0.0174261180
2   8   2   8   0.4489841429
2   8   3   9   0.0136644385
2   8   4   10   0.0083224509
2   8   5   11   0.0279142507
2   8   5   12   -0.0138780897
2   8   6   11   -0.0138780897
2   8   6   12   0.0153554452
2   9   2   9   0.3260012373
2   9   3   8   0.0136484074
2   9   4   11   0.0035242087
2   9   4   12   -0.0022735806
2   9   5   10   0.0205879994
2   9   6   10   -0.0132819818
2   10   2   10   0.3647627233
2   10   3   11   0.0062545745
2   10   3   12   -0.0040350276
2   10   4   8   0.0083615400
2   10   5   9   0.0205988558
2   10   6   9   -0.0132889856
2   11   1   11   -0.0125144475
2   11   1   12   -0.0056613870
2   11   2   11   0.4042064359
2   11   2   12   -0.0125144475
2   11   3   10   0.0062154004
2   11   4   9   0.0035119496
2   11   5   7   -0.0139934969
2   11   5   8   0.0280911295
2   11   6   7   0.0026402298
2   11   6   8   -0.0139934969
2   12   1   11   -0.0056634074
2   12   1   12   0.0125144475
2   12   2   11   -0.0125144475
2   12   2   12   0.3928816415
2   12   3   10   -0.0040097550
2   12   4   9   -0.0022656719
2   12   5   7   -0.0153034716
2   12   5   8   -0.0139934969
2   12   6   7   0.0139934969
2   12   6   8   0.0154278877
3   7   1   9   0.0136484074
3   7   3   7   0.3260012373
3   7   4   11   -0.0132819818
3   7   4   12   -0.0205879994
3   7   5   10   -0.0022735806
3   7   6   10   -0.0035242087
3   8   2   9   0.0136484074
3   8   3   8   0.3260012373
3   8   4   11   0.0205879994
3   8   4   12   -0.0132819818
3   8   5   10   0.0035242087
3   8   6   10   -0.0022735806
3   9   1   7   0.0136644385
3   9   2   8   0.0136644385
3   9   3   9   0.3510235341
3   9   4   10   0.1069621505
3   9   5   11   0.0065249903
3   9   6   12   0.0065249903
3   10   1   11   -0.0040097550
3   10   1   12   -0.0062154004
3   10   2   11   0.0062154004
3   10   2   12   -0.0040097550
3   10   3   10   0.3330693774
3   10   4   9   0.1069722860
3   10   5   7   -0.0022656719
3   10   5   8   0.0035119496
3   10   6   7   -0.0035119496
3   10   6   8   -0.0022656719
3   11   1   10   -0.0040350276
3   11   2   10   0.0062545745
3   11   3   11   0.2972392311
3   11   4   7   -0.0132889856
3   11   4   8   0.0205988558
3   11   5   9   0.0065588675
3   12   1   10   -0.0062545745
3   12   2   10   -0.0040350276
3   12   3   12   0.2972392311
3   12   4   7   -0.0205988558
3   12   4   8   -0.0132889856
3   12   6   9   0.0065588675
4   7   1   10   0.0083615400
4   7   3   11   -0.0132889856
4   7   3   12   -0.0205988558
4   7   4   7   0.3647627233
4   7   5   9   -0.0040350276
4   7   6   9   -0.0062545745
4   8   2   10   0.0083615400
4   8   3   11   0.0205988558
4   8   3   12   -0.0132889856
4   8   4   8   0.3647627233
4   8   5   9   0.0062545745
4   8   6   9   -0.0040350276
4   9   1   11   -0.0022656719
4   9   1   12   -0.0035119496
4   9   2   11   0.0035119496
4   9   2   12   -0.0022656719
4   9   3   10   0.1069722860
4   9   4   9   0.3330693774
4   9   5   7   -0.0040097550
4   9   5   8   0.0062154004
4   9   6   7   -0.0062154004
4   9   6   8   -0.0040097550
4   10   1   7   0.0083224509
4   10   2   8   0.0083224509
4   10   3   9   0.1069621505
4   10   4   10   0.3566666094
4   10   5   11   0.0175422588
4   10   6   12   0.0175422588
4   11   1   9   -0.0022735806
4   11   2   9   0.0035242087
4   11   3   7   -0.0132819818
4   11   3   8   0.0205879994
4   11   4   11   0.3509104847
4   11   5   10   0.0175932612
4   12   1   9   -0.0035242087
4   12   2   9   -0.0022735806
4   12   3   7   -0.0205879994
4   12   3   8   -0.0132819818
4   12   4   12   0.3509104847
4   12   6   10   0.0175932612
5   7   1   11   0.0154278877
5   7   1   12   0.0139934969
5   7   2   11   -0.0139934969
5   7   2   12   -0.0153034716
5   7   3   10   -0.0022656719
5   7   4   9   -0.0040097550
5   7   5   7   0.3928816415
5   7   5   8   -0.0125144475
5   7   6   7   0.0125144475
5   7   6   8   -0.0056634074
5   8   1   11   -0.0139934969
5   8   1   12   0.0026402298
5   8   2   11   0.0280911295
5   8   2   12   -0.0139934969
5   8   3   10   0.0035119496
5   8   4   9   0.0062154004
5   8   5   7   -0.0125144475
5   8   5   8   0.4042064359
5   8   6   7   -0.0056613870
5   8   6   8   -0.0125144475
5   9   1   10   -0.0132889856
5   9   2   10   0.0205988558
5   9   3   11   0.0065588675
5   9   4   7   -0.0040350276
5   9   4   8   0.0062545745
5   9   5   9   0.2972392311
5   10   1   9   -0.0132819818
5   10   2   9   0.0205879994
5   10   3   7   -0.0022735806
5   10   3   8   0.0035242087
5   10   4   11   0.0175932612
5   10   5   10   0.3509104847
5   11   1   7   0.0153554452
5   11   1   8   -0.0138780897
5   11   2   7   -0.0138780897
5   11   2   8   0.0279142507
5   11   3   9   0.0065249903
5   11   4   10   0.0175422588
5   11   5   11   0.4141452161
5   11   6   12   0.0179335017
5   12   1   7   0.0138780897
5   12   1   8   0.0026153775
5   12   2   7   -0.0151741830
5   12   2   8   -0.0138780897
5   12   5   12   0.3782555370
5   12   6   11   0.0179561774
6   7   1   11   0.0139934969
6   7   1   12   0.0280911295
6   7   2   11   0.0026402298
6   7   2   12   0.0139934969
6   7   3   10   -0.0035119496
6   7   4   9   -0.0062154004
6   7   5   7   0.0125144475
6   7   5   8   -0.0056613870
6   7   6   7   0.4042064359
6   7   6   8   0.0125144475
6   8   1   11   -0.0153034716
6   8   1   12   0.0139934969
6   8   2   11   -0.0139934969
6   8   2   12   0.0154278877
6   8   3   10   -0.0022656719
6   8   4   9   -0.0040097550
6   8   5   7   -0.0056634074
6   8   5   8   -0.0125144475
6   8   6   7   0.0125144475
6   8   6   8   0.3928816415
6   9   1   10   -0.0205988558
6   9   2   10   -0.0132889856
6   9   3   12   0.0065588675
6   9   4   7   -0.0062545745
6   9   4   8   -0.0040350276
6   9   6   9   0.2972392311
6   10   1   9   -0.0205879994
6   10   2   9   -0.0132819818
6   10   3   7   -0.0035242087
6   10   3   8   -0.0022735806
6   10   4   12   0.0175932612
6   10   6   10   0.3509104847
6   11   1   7   0.0138780897
6   11   1   8   -0.0151741830
6   11   2   7   0.0026153775
6   11   2   8   -0.0138780897
6   11   5   12   0.0179561774
6   11   6   11   0.3782555370
6   12   1   7   0.0279142507
6   12   1   8   0.0138780897
6   12   2   7   0.0138780897
6   12   2   8   0.0153554452
6   12   3   9   0.0065249903
6   12   4   10   0.0175422588
6   12   5   11   0.0179335017
6   12   6   12   0.4141452161

End ABCD Block
Begin AIJB Block
1   8   1   7   0.0089119144
1   8   2   11   0.0062144339
1   8   2   12   0.0096328066
1   8   3   7   0.0067860021
1   8   4   9   -0.0000025716
1   8   5   9   -0.0000068773
1   8   6   11   0.0061285735
1   8   6   12   0.0094997169
1   8   7   7   -0.0055161306
1   9   1   11   0.0058186513
1   9   1   12   0.0090193159
1   9   2   7   0.0094049151
1   9   3   11   0.0041415346
1   9   3   12   0.0064196678
1   9   4   10   -0.0015215215
1   9   5   10   -0.0040690021
1   9   6   7   0.0105779838
1   9   7   11   -0.0028084105
1   9   7   12   -0.0043532324
1   10   1   7   0.0067860021
1   10   2   11   0.0044376641
1   10   2   12   0.0068786893
1   10   3   7   0.0213748037
1   10   4   9   -0.0083972460
1   10   5   9   -0.0224567390
1   10   6   11   0.0067954094
1   10   6   12   0.0105333592
1   10   7   7   -0.0180808897
1   11   1   9   -0.0016267495
1   11   2   10   -0.0007124028
1   11   3   9   -0.0042764744
1   11   4   7   0.0231778079
1   11   4   8   0.0283208248
1   11   5   7   0.0283208248
1   11   5   8   0.0630810332
1   11   6   10   -0.0059978876
1   11   7   9   0.0037401191
1   12   1   9   -0.0043504131
1   12   2   10   -0.0019051774
1   12   3   9   -0.0114365674
1   12   4   7   0.0283208248
1   12   4   8   0.0020672916
1   12   5   7   0.0883261327
1   12   5   8   -0.0283208248
1   12   6   10   -0.0160401393
1   12   7   9   0.0100021934
1   13   1   11   0.0019915576
1   13   1   12   0.0030870533
1   13   2   7   0.0105779838
1   13   3   11   0.0015786428
1   13   3   12   0.0024470066
1   13   4   10   0.0003747486
1   13   5   10   0.0010021895
1   13   6   7   0.0636544074
1   13   7   11   0.0019932491
1   13   7   12   0.0030896754
1   14   1   7   -0.0055161306
1   14   2   11   0.0005474278
1   14   2   12   0.0008485513
1   14   3   7   -0.0180808897
1   14   4   9   0.0042158919
1   14   5   9   0.0112745516
1   14   6   11   0.0082522585
1   14   6   12   0.0127915770
1   14   7   7   0.0379555901
2   8   1   8   0.0089119144
2   8   2   11   -0.0096328066
2   8   2   12   0.0062144339
2   8   3   8   0.0067860021
2   8   4   9   -0.0000068773
2   8   5   9   0.0000025716
2   8   6   11   -0.0094997169
2   8   6   12   0.0061285735
2   8   7   8   -0.0055161306
2   9   1   11   -0.0090193159
2   9   1   12   0.0058186513
2   9   2   8   0.0094049151
2   9   3   11   -0.0064196678
2   9   3   12   0.0041415346
2   9   4   10   -0.0040690021
2   9   5   10   0.0015215215
2   9   6   8   0.0105779838
2   9   7   11   0.0043532324
2   9   7   12   -0.0028084105
2   10   1   8   0.0067860021
2   10   2   11   -0.0068786893
2   10   2   12   0.0044376641
2   10   3   8   0.0213748037
2   10   4   9   -0.0224567390
2   10   5   9   0.0083972460
2   10   6   11   -0.0105333592
2   10   6   12   0.0067954094
2   10   7   8   -0.0180808897
2   11   1   9   -0.0043504131
2   11   2   10   -0.0019051774
2   11   3   9   -0.0114365674
2   11   4   7   0.0283208248
2   11   4   8   0.0883261327
2   11   5   7   0.0020672916
2   11   5   8   -0.0283208248
2   11   6   10   -0.0160401393
2   11   7   9   0.0100021934
2   12   1   9   0.0016267495
2   12   2   10   0.0007124028
2   12   3   9   0.0042764744
2   12   4   7   0.0630810332
2   12   4   8   -0.0283208248
2   12   5   7   -0.0283208248
2   12   5   8   0.0231778079
2   12   6   10   0.0059978876
2   12   7   9   -0.0037401191
2   13   1   11   -0.0030870533
2   13   1   12   0.0019915576
2   13   2   8   0.0105779838
2   13   3   11   -0.0024470066
2   13   3   12   0.0015786428
2   13   4   10   0.0010021895
2   13   5   10   -0.0003747486
2   13   6   8   0.0636544074
2   13   7   11   -0.0030896754
2   13   7   12   0.0019932491
2   14   1   8   -0.0055161306
2   14   2   11   -0.0008485513
2   14   2   12   0.0005474278
2   14   3   8   -0.0180808897
2   14   4   9   0.0112745516
2   14   5   9   -0.0042158919
2   14   6   11   -0.0127915770
2   14   6   12   0.0082522585
2   14   7   8   0.0379555901
3   8   1   9   0.0081581777
3   8   2   10   0.0006470270
3   8   3   9   -0.0015703619
3   8   4   7   -0.0016267495
3   8   4   8   -0.0043504131
3   8   5   7   -0.0043504131
3   8   5   8   0.0016267495
3   8   6   10   0.0012238555
3   8   7   9   -0.0000657218
3   9   1   10   0.0003730970
3   9   2   9   0.0082994642
3   9   3   10   0.0008172052
3   9   4   11   0.0029983294
3   9   4   12   -0.0040269132
3   9   5   11   -0.0040269132
3   9   5   12   -0.0029983294
3   9   6   9   -0.0015530777
3   9   7   10   -0.0027997244
3   10   1   9   -0.0015703619
3   10   2   10   0.0032010900
3   10   3   9   0.0089009993
3   10   4   7   -0.0042764744
3   10   4   8   -0.0114365674
3   10   5   7   -0.0114365674
3   10   5   8   0.0042764744
3   10   6   10   -0.0049566525
3   10   7   9   -0.0072724262
3   11   1   7   -0.0000025716
3   11   1   8   -0.0000068773
3   11   2   11   -0.0021124543
3   11   2   12   0.0028371365
3   11   3   7   -0.0083972460
3   11   3   8   -0.0224567390
3   11   4   9   0.0090579167
3   11   6   11   0.0187278446
3   11   6   12   -0.0251524745
3   11   7   7   0.0042158919
3   11   7   8   0.0112745516
3   12   1   7   -0.0000068773
3   12   1   8   0.0000025716
3   12   2   11   0.0028371365
3   12   2   12   0.0021124543
3   12   3   7   -0.0224567390
3   12   3   8   0.0083972460
3   12   5   9   0.0090579167
3   12   6   11   -0.0251524745
3   12   6   12   -0.0187278446
3   12   7   7   0.0112745516
3   12   7   8   -0.0042158919
3   13   1   10   -0.0002530608
3   13   2   9   -0.0015530777
3   13   3   10   0.0041989630
3   13   4   11   0.0028228640
3   13   4   12   -0.0037912539
3   13   5   11   -0.0037912539
3   13   5   12   -0.0028228640
3   13   6   9   0.0371372571
3   13   7   10   -0.0180221696
3   14   1   9   -0.0000657218
3   14   2   10   0.0025686843
3   14   3   9   -0.0072724262
3   14   4   7   0.0037401191
3   14   4   8   0.0100021934
3   14   5   7   0.0100021934
3   14   5   8   -0.0037401191
3   14   6   10   -0.0322183221
3   14   7   9   0.0226590211
4   8   1   10   0.0066898739
4   8   2   9   0.0003730970
4   8   3   10   0.0061184121
4   8   4   11   0.0010924727
4   8   4   12   -0.0014672480
4   8   5   11   -0.0014672480
4   8   5   12   -0.0010924727
4   8   6   9   -0.0002530608
4   8   7   10   0.0033111377
4   9   1   9   0.0006470270
4   9   2   10   0.0057907261
4   9   3   9   0.0032010900
4   9   4   7   -0.0007124028
4   9   4   8   -0.0019051774
4   9   5   7   -0.0019051774
4   9   5   8   0.0007124028
4   9   6   10   0.0009417464
4   9   7   9   0.0025686843
4   10   1   10   0.0061184121
4   10   2   9   0.0008172052
4   10   3   10   0.0314384053
4   10   4   11   -0.0010166438
4   10   4   12   0.0013654058
4   10   5   11   0.0013654058
4   10   5   12   0.0010166438
4   10   6   9   0.0041989630
4   10   7   10   0.0160258053
4   11   1   11   -0.0022312595
4   11   1   12   0.0029966982
4   11   2   7   -0.0015215215
4   11   2   8   -0.0040690021
4   11   3   11   -0.0174881026
4   11   3   12   0.0234874363
4   11   4   10   0.0167454939
4   11   6   7   0.0003747486
4   11   6   8   0.0010021895
4   11   7   11   -0.0202905902
4   11   7   12   0.0272513235
4   12   1   11   0.0029966982
4   12   1   12   0.0022312595
4   12   2   7   -0.0040690021
4   12   2   8   0.0015215215
4   12   3   11   0.0234874363
4   12   3   12   0.0174881026
4   12   5   10   0.0167454939
4   12   6   7   0.0010021895
4   12   6   8   -0.0003747486
4   12   7   11   0.0272513235
4   12   7   12   0.0202905902
4   13   1   9   0.0012238555
4   13   2   10   0.0009417464
4   13   3   9   -0.0049566525
4   13   4   7   -0.0059978876
4   13   4   8   -0.0160401393
4   13   5   7   -0.0160401393
4   13   5   8   0.0059978876
4   13   6   10   0.0192108928
4   13   7   9   -0.0322183221
4   14   1   10   0.0033111377
4   14   2   9   -0.0027997244
4   14   3   10   0.0160258053
4   14   4   11   0.0028898229
4   14   4   12   -0.0038811833
4   14   5   11   -0.0038811833
4   14   5   12   -0.0028898229
4   14   6   9   -0.0180221696
4   14   7   10   0.0403376077
5   8   1   11   0.0143135216
5   8   2   7   0.0058186513
5   8   2   8   -0.0090193159
5   8   3   11   0.0106741114
5   8   4   10   -0.0022312595
5   8   5   10   0.0029966982
5   8   6   7   0.0019915576
5   8   6   8   -0.0030870533
5   8   7   11   0.0018861992
5   9   1   7   0.0062144339
5   9   1   8   -0.0096328066
5   9   2   11   0.0132262515
5   9   3   7   0.0044376641
5   9   3   8   -0.0068786893
5   9   4   9   -0.0021124543
5   9   5   9   0.0028371365
5   9   6   11   0.0040860616
5   9   7   7   0.0005474278
5   9   7   8   -0.0008485513
5   10   1   11   0.0106741114
5   10   2   7   0.0041415346
5   10   2   8   -0.0064196678
5   10   3   11   0.0314422440
5   10   4   10   -0.0174881026
5   10   5   10   0.0234874363
5   10   6   7   0.0015786428
5   10   6   8   -0.0024470066
5   10   7   11   0.0052000112
5   11   1   10   0.0010924727
5   11   2   9   0.0029983294
5   11   3   10   -0.0010166438
5   11   4   11   0.0315571261
5   11   4   12   -0.0314331391
5   11   5   11   -0.0314331391
5   11   5   12   0.0340098325
5   11   6   9   0.0028228640
5   11   7   10   0.0028898229
5   12   1   10   -0.0014672480
5   12   2   9   -0.0040269132
5   12   3   10   0.0013654058
5   12   4   11   -0.0314331391
5   12   4   12   -0.0151977387
5   12   5   11   0.0503692198
5   12   5   12   0.0314331391
5   12   6   9   -0.0037912539
5   12   7   10   -0.0038811833
5   13   1   7   0.0061285735
5   13   1   8   -0.0094997169
5   13   2   11   0.0040860616
5   13   3   7   0.0067954094
5   13   3   8   -0.0105333592
5   13   4   9   0.0187278446
5   13   5   9   -0.0251524745
5   13   6   11   0.0103655263
5   13   7   7   0.0082522585
5   13   7   8   -0.0127915770
5   14   1   11   0.0018861992
5   14   2   7   -0.0028084105
5   14   2   8   0.0043532324
5   14   3   11   0.0052000112
5   14   4   10   -0.0202905902
5   14   5   10   0.0272513235
5   14   6   7   0.0019932491
5   14   6   8   -0.0030896754
5   14   7   11   0.0154792902
6   8   1   12   0.0143135216
6   8   2   7   0.0090193159
6   8   2   8   0.0058186513
6   8   3   12   0.0106741114
6   8   4   10   0.0029966982
6   8   5   10   0.0022312595
6   8   6   7   0.0030870533
6   8   6   8   0.0019915576
6   8   7   12   0.0018861992
6   9   1   7   0.0096328066
6   9   1   8   0.0062144339
6   9   2   12   0.0132262515
6   9   3   7   0.0068786893
6   9   3   8   0.0044376641
6   9   4   9   0.0028371365
6   9   5   9   0.0021124543
6   9   6   12   0.0040860616
6   9   7   7   0.0008485513
6   9   7   8   0.0005474278
6   10   1   12   0.0106741114
6   10   2   7   0.0064196678
6   10   2   8   0.0041415346
6   10   3   12   0.0314422440
6   10   4   10   0.0234874363
6   10   5   10   0.0174881026
6   10   6   7   0.0024470066
6   10   6   8   0.0015786428
6   10   7   12   0.0052000112
6   11   1   10   -0.0014672480
6   11   2   9   -0.0040269132
6   11   3   10   0.0013654058
6   11   4   11   -0.0314331391
6   11   4   12   0.0503692198
6   11   5   11   -0.0151977387
6   11   5   12   0.0314331391
6   11   6   9   -0.0037912539
6   11   7   10   -0.0038811833
6   12   1   10   -0.0010924727
6   12   2   9   -0.0029983294
6   12   3   10   0.0010166438
6   12   4   11   0.0340098325
6   12   4   12   0.0314331391
6   12   5   11   0.0314331391
6   12   5   12   0.0315571261
6   12   6   9   -0.0028228640
6   12   7   10   -0.0028898229
6   13   1   7   0.0094997169
6   13   1   8   0.0061285735
6   13   2   12   0.0040860616
6   13   3   7   0.0105333592
6   13   3   8   0.0067954094
6   13   4   9   -0.0251524745
6   13   5   9   -0.0187278446
6   13   6   12   0.0103655263
6   13   7   7   0.0127915770
6   13   7   8   0.0082522585
6   14   1   12   0.0018861992
6   14   2   7   -0.0043532324
6   14   2   8   -0.0028084105
6   14   3   12   0.0052000112
6   14   4   10   0.0272513235
6   14   5   10   0.0202905902
6   14   6   7   0.0030896754
6   14   6   8   0.0019932491
6   14   7   12   0.0154792902

1   8   8   1   -0.5833593252
1   8   9   5   -0.0452954104
1   8   9   6   -0.0702110497
1   8   10   1   0.0039088370
1   8   11   3   0.0021135606
1   8   12   3   0.0056522911
1   8   13   5   0.0020137767
1   8   13   6   0.0031214946
1   8   14   1   -0.0015629595
1   9   8   5   -0.0452935560
1   9   8   6   -0.0702081753
1   9   9   1   -0.5834630989
1   9   10   5   0.0027974582
1   9   10   6   0.0043362555
1   9   11   4   0.0003281623
1   9   12   4   0.0008776037
1   9   13   1   0.0032962745
1   9   14   5   -0.0006997515
1   9   14   6   -0.0010846637
1   10   8   1   0.0039088370
1   10   9   5   0.0028516736
1   10   9   6   0.0044202932
1   10   10   1   -0.5235606528
1   10   11   3   0.0079037990
1   10   12   3   0.0211371146
1   10   13   5   -0.0024737332
1   10   13   6   -0.0038344592
1   10   14   1   -0.0239296647
1   11   8   3   0.0020958813
1   11   9   4   0.0003353884
1   11   10   3   0.0079310563
1   11   11   1   -0.4784255011
1   11   11   2   -0.0116031938
1   11   12   1   -0.0116031938
1   11   12   2   -0.0122495905
1   11   13   4   0.0009980473
1   11   14   3   -0.0023972329
1   12   8   3   0.0056050113
1   12   9   4   0.0008969285
1   12   10   3   0.0212100087
1   12   11   1   -0.0116031938
1   12   11   2   -0.0144420275
1   12   12   1   -0.5051171191
1   12   12   2   0.0116031938
1   12   13   4   0.0026690761
1   12   14   3   -0.0064109155
1   13   8   5   0.0019590856
1   13   8   6   0.0030367195
1   13   9   1   0.0032962745
1   13   10   5   -0.0023538875
1   13   10   6   -0.0036486900
1   13   11   4   0.0011436721
1   13   12   4   0.0030585201
1   13   13   1   -0.4687011975
1   13   14   5   -0.0032883357
1   13   14   6   -0.0050971500
1   14   8   1   -0.0015629595
1   14   9   5   -0.0006315009
1   14   9   6   -0.0009788705
1   14   10   1   -0.0239296647
1   14   11   3   -0.0024504048
1   14   12   3   -0.0065531128
1   14   13   5   -0.0030916907
1   14   13   6   -0.0047923365
1   14   14   1   -0.4730335525
2   8   8   2   -0.5833593252
2   8   9   5   0.0702110497
2   8   9   6   -0.0452954104
2   8   10   2   0.0039088370
2   8   11   3   0.0056522911
2   8   12   3   -0.0021135606
2   8   13   5   -0.0031214946
2   8   13   6   0.0020137767
2   8   14   2   -0.0015629595
2   9   8   5   0.0702081753
2   9   8   6   -0.0452935560
2   9   9   2   -0.5834630989
2   9   10   5   -0.0043362555
2   9   10   6   0.0027974582
2   9   11   4   0.0008776037
2   9   12   4   -0.0003281623
2   9   13   2   0.0032962745
2   9   14   5   0.0010846637
2   9   14   6   -0.0006997515
2   10   8   2   0.0039088370
2   10   9   5   -0.0044202932
2   10   9   6   0.0028516736
2   10   10   2   -0.5235606528
2   10   11   3   0.0211371146
2   10   12   3   -0.0079037990
2   10   13   5   0.0038344592
2   10   13   6   -0.0024737332
2   10   14   2   -0.0239296647
2   11   8   3   0.0056050113
2   11   9   4   0.0008969285
2   11   10   3   0.0212100087
2   11   11   1   -0.0116031938
2   11   11   2   -0.5051171191
2   11   12   1   -0.0144420275
2   11   12   2   0.0116031938
2   11   13   4   0.0026690761
2   11   14   3   -0.0064109155
2   12   8   3   -0.0020958813
2   12   9   4   -0.0003353884
2   12   10   3   -0.0079310563
2   12   11   1   -0.0122495905
2   12   11   2   0.0116031938
2   12   12   1   0.0116031938
2   12   12   2   -0.4784255011
2   12   13   4   -0.0009980473
2   12   14   3   0.0023972329
2   13   8   5   -0.0030367195
2   13   8   6   0.0019590856
2   13   9   2   0.0032962745
2   13   10   5   0.0036486900
2   13   10   6   -0.0023538875
2   13   11   4   0.0030585201
2   13   12   4   -0.0011436721
2   13   13   2   -0.4687011975
2   13   14   5   0.0050971500
2   13   14   6   -0.0032883357
2   14   8   2   -0.0015629595
2   14   9   5   0.0009788705
2   14   9   6   -0.0006315009
2   14   10   2   -0.0239296647
2   14   11   3   -0.0065531128
2   14   12   3   0.0024504048
2   14   13   5   0.0047923365
2   14   13   6   -0.0030916907
2   14   14   2   -0.4730335525
3   8   8   3   -0.3824889297
3   8   9   4   -0.0672880109
3   8   10   3   0.0044795736
3   8   11   1   0.0020958813
3   8   11   2   0.0056050113
3   8   12   1   0.0056050113
3   8   12   2   -0.0020958813
3   8   13   4   -0.0029952240
3   8   14   3   0.0019370832
3   9   8   4   -0.0672866926
3   9   9   3   -0.3825861519
3   9   10   4   0.0053485974
3   9   11   5   -0.0021963801
3   9   11   6   0.0029498533
3   9   12   5   0.0029498533
3   9   12   6   0.0021963801
3   9   13   3   0.0006154561
3   9   14   4   0.0063351622
3   10   8   3   0.0044795736
3   10   9   4   0.0053396697
3   10   10   3   -0.3436045670
3   10   11   1   0.0079310563
3   10   11   2   0.0212100087
3   10   12   1   0.0212100087
3   10   12   2   -0.0079310563
3   10   13   4   -0.0300294524
3   10   14   3   -0.0026449019
3   11   8   1   0.0021135606
3   11   8   2   0.0056522911
3   11   9   5   -0.0021502182
3   11   9   6   0.0028878555
3   11   10   1   0.0079037990
3   11   10   2   0.0211371146
3   11   11   3   -0.3346703155
3   11   13   5   -0.0059074806
3   11   13   6   0.0079340553
3   11   14   1   -0.0024504048
3   11   14   2   -0.0065531128
3   12   8   1   0.0056522911
3   12   8   2   -0.0021135606
3   12   9   5   0.0028878555
3   12   9   6   0.0021502182
3   12   10   1   0.0211371146
3   12   10   2   -0.0079037990
3   12   12   3   -0.3346703155
3   12   13   5   0.0079340553
3   12   13   6   0.0059074806
3   12   14   1   -0.0065531128
3   12   14   2   0.0024504048
3   13   8   4   -0.0030423290
3   13   9   3   0.0006154561
3   13   10   4   -0.0301388626
3   13   11   5   -0.0059413861
3   13   11   6   0.0079795923
3   13   12   5   0.0079795923
3   13   12   6   0.0059413861
3   13   13   3   -0.3606333685
3   13   14   4   0.0988093482
3   14   8   3   0.0019370832
3   14   9   4   0.0063544456
3   14   10   3   -0.0026449019
3   14   11   1   -0.0023972329
3   14   11   2   -0.0064109155
3   14   12   1   -0.0064109155
3   14   12   2   0.0023972329
3   14   13   4   0.0988458227
3   14   14   3   -0.3620437174
4   8   8   4   -0.4634094871
4   8   9   3   -0.0672866926
4   8   10   4   -0.0007383619
4   8   11   5   0.0017782245
4   8   11   6   -0.0023882484
4   8   12   5   -0.0023882484
4   8   12   6   -0.0017782245
4   8   13   3   -0.0030423290
4   8   14   4   -0.0054478863
4   9   8   3   -0.0672880109
4   9   9   4   -0.4633464953
4   9   10   3   0.0053396697
4   9   11   1   0.0003353884
4   9   11   2   0.0008969285
4   9   12   1   0.0008969285
4   9   12   2   -0.0003353884
4   9   13   4   0.0044236313
4   9   14   3   0.0063544456
4   10   8   4   -0.0007383619
4   10   9   3   0.0053485974
4   10   10   4   -0.4456572490
4   10   11   5   0.0144991762
4   10   11   6   -0.0194731517
4   10   12   5   -0.0194731517
4   10   12   6   -0.0144991762
4   10   13   3   -0.0301388626
4   10   14   4   -0.0259416590
4   11   8   5   0.0018070519
4   11   8   6   -0.0024269652
4   11   9   1   0.0003281623
4   11   9   2   0.0008776037
4   11   10   5   0.0143614938
4   11   10   6   -0.0192882371
4   11   11   4   -0.4075730632
4   11   13   1   0.0011436721
4   11   13   2   0.0030585201
4   11   14   5   -0.0011582348
4   11   14   6   0.0015555698
4   12   8   5   -0.0024269652
4   12   8   6   -0.0018070519
4   12   9   1   0.0008776037
4   12   9   2   -0.0003281623
4   12   10   5   -0.0192882371
4   12   10   6   -0.0143614938
4   12   12   4   -0.4075730632
4   12   13   1   0.0030585201
4   12   13   2   -0.0011436721
4   12   14   5   0.0015555698
4   12   14   6   0.0011582348
4   13   8   3   -0.0029952240
4   13   9   4   0.0044236313
4   13   10   3   -0.0300294524
4   13   11   1   0.0009980473
4   13   11   2   0.0026690761
4   13   12   1   0.0026690761
4   13   12   2   -0.0009980473
4   13   13   4   -0.3908739395
4   13   14   3   0.0988458227
4   14   8   4   -0.0054478863
4   14   9   3   0.0063351622
4   14   10   4   -0.0259416590
4   14   11   5   -0.0011282869
4   14   11   6   0.0015153483
4   14   12   5   0.0015153483
4   14   12   6   0.0011282869
4   14   13   3   0.0988093482
4   14   14   4   -0.4016246169
5   8   8   5   -0.5700954517
5   8   9   1   -0.0452935560
5   8   9   2   0.0702081753
5   8   10   5   0.0008675543
5   8   11   4   0.0018070519
5   8   12   4   -0.0024269652
5   8   13   1   0.0019590856
5   8   13   2   -0.0030367195
5   8   14   5   -0.0089765790
5   9   8   1   -0.0452954104
5   9   8   2   0.0702110497
5   9   9   5   -0.5700980410
5   9   10   1   0.0028516736
5   9   10   2   -0.0044202932
5   9   11   3   -0.0021502182
5   9   12   3   0.0028878555
5   9   13   5   0.0083498776
5   9   14   1   -0.0006315009
5   9   14   2   0.0009788705
5   10   8   5   0.0008675543
5   10   9   1   0.0027974582
5   10   9   2   -0.0043362555
5   10   10   5   -0.5233136101
5   10   11   4   0.0143614938
5   10   12   4   -0.0192882371
5   10   13   1   -0.0023538875
5   10   13   2   0.0036486900
5   10   14   5   -0.0398393375
5   11   8   4   0.0017782245
5   11   9   3   -0.0021963801
5   11   10   4   0.0144991762
5   11   11   5   -0.4653200990
5   11   11   6   0.0156158452
5   11   12   5   0.0156158452
5   11   12   6   -0.0044641801
5   11   13   3   -0.0059413861
5   11   14   4   -0.0011282869
5   12   8   4   -0.0023882484
5   12   9   3   0.0029498533
5   12   10   4   -0.0194731517
5   12   11   5   0.0156158452
5   12   11   6   -0.0048815853
5   12   12   5   -0.4746658644
5   12   12   6   -0.0156158452
5   12   13   3   0.0079795923
5   12   14   4   0.0015153483
5   13   8   1   0.0020137767
5   13   8   2   -0.0031214946
5   13   9   5   0.0083498776
5   13   10   1   -0.0024737332
5   13   10   2   0.0038344592
5   13   11   3   -0.0059074806
5   13   12   3   0.0079340553
5   13   13   5   -0.4141471638
5   13   14   1   -0.0030916907
5   13   14   2   0.0047923365
5   14   8   5   -0.0089765790
5   14   9   1   -0.0006997515
5   14   9   2   0.0010846637
5   14   10   5   -0.0398393375
5   14   11   4   -0.0011582348
5   14   12   4   0.0015555698
5   14   13   1   -0.0032883357
5   14   13   2   0.0050971500
5   14   14   5   -0.4263434960
6   8   8   6   -0.5700954517
6   8   9   1   -0.0702081753
6   8   9   2   -0.0452935560
6   8   10   6   0.0008675543
6   8   11   4   -0.0024269652
6   8   12   4   -0.0018070519
6   8   13   1   0.0030367195
6   8   13   2   0.0019590856
6   8   14   6   -0.0089765790
6   9   8   1   -0.0702110497
6   9   8   2   -0.0452954104
6   9   9   6   -0.5700980410
6   9   10   1   0.0044202932
6   9   10   2   0.0028516736
6   9   11   3   0.0028878555
6   9   12   3   0.0021502182
6   9   13   6   0.0083498776
6   9   14   1   -0.0009788705
6   9   14   2   -0.0006315009
6   10   8   6   0.0008675543
6   10   9   1   0.0043362555
6   10   9   2   0.0027974582
6   10   10   6   -0.5233136101
6   10   11   4   -0.0192882371
6   10   12   4   -0.0143614938
6   10   13   1   -0.0036486900
6   10   13   2   -0.0023538875
6   10   14   6   -0.0398393375
6   11   8   4   -0.0023882484
6   11   9   3   0.0029498533
6   11   10   4   -0.0194731517
6   11   11   5   0.0156158452
6   11   11   6   -0.4746658644
6   11   12   5   -0.0048815853
6   11   12   6   -0.0156158452
6   11   13   3   0.0079795923
6   11   14   4   0.0015153483
6   12   8   4   -0.0017782245
6   12   9   3   0.0021963801
6   12   10   4   -0.0144991762
6   12   11   5   -0.0044641801
6   12   11   6   -0.0156158452
6   12   12   5   -0.0156158452
6   12   12   6   -0.4653200990
6   12   13   3   0.0059413861
6   12   14   4   0.0011282869
6   13   8   1   0.0031214946
6   13   8   2   0.0020137767
6   13   9   6   0.0083498776
6   13   10   1   -0.0038344592
6   13   10   2   -0.0024737332
6   13   11   3   0.0079340553
6   13   12   3   0.0059074806
6   13   13   6   -0.4141471638
6   13   14   1   -0.0047923365
6   13   14   2   -0.0030916907
6   14   8   6   -0.0089765790
6   14   9   1   -0.0010846637
6   14   9   2   -0.0006997515
6   14   10   6   -0.0398393375
6   14   11   4   0.0015555698
6   14   12   4   0.0011582348
6   14   13   1   -0.0050971500
6   14   13   2   -0.0032883357
6   14   14   6   -0.4263434960

End AIJB Block
Begin IJKA Block
1   8   1   10   0.0064696511
1   8   2   9   -0.0946563783
1   8   3   10   -0.0097576333
1   8   4   11   0.0087278520
1   8   4   12   -0.0117219616
1   8   5   11   -0.0117219616
1   8   5   12   -0.0087278520
1   8   6   9   0.0145279001
1   8   7   10   -0.0098426946
1   9   1   9   -0.1001386504
1   9   2   10   0.0223185992
1   9   3   9   0.0165629312
1   9   4   7   -0.0041573155
1   9   4   8   -0.0111179011
1   9   5   7   -0.0111179011
1   9   5   8   0.0041573155
1   9   6   10   0.0027922232
1   9   7   9   -0.0068005991
1   10   1   10   -0.1050986820
1   10   2   9   0.0680152401
1   10   3   10   -0.0042077309
1   10   4   11   0.0071168204
1   10   4   12   -0.0095582619
1   10   5   11   -0.0095582619
1   10   5   12   -0.0071168204
1   10   6   9   -0.0026731432
1   10   7   10   -0.0113961122
1   11   1   11   0.1382004255
1   11   1   12   -0.1856103975
1   11   2   7   -0.0572010687
1   11   2   8   -0.1529727090
1   11   3   11   -0.0003871811
1   11   3   12   0.0005200044
1   11   4   10   0.0024102443
1   11   6   7   -0.0005235850
1   11   6   8   -0.0014002222
1   11   7   11   0.0054457569
1   11   7   12   -0.0073139362
1   12   1   11   -0.1856103975
1   12   1   12   -0.1382004255
1   12   2   7   -0.1529727090
1   12   2   8   0.0572010687
1   12   3   11   0.0005200044
1   12   3   12   0.0003871811
1   12   5   10   0.0024102443
1   12   6   7   -0.0014002222
1   12   6   8   0.0005235850
1   12   7   11   -0.0073139362
1   12   7   12   -0.0054457569
1   13   1   9   0.1495440248
1   13   2   10   0.0223033201
1   13   3   9   -0.0057184941
1   13   4   7   -0.0047108298
1   13   4   8   -0.0125981633
1   13   5   7   -0.0125981633
1   13   5   8   0.0047108298
1   13   6   10   -0.0003490532
1   13   7   9   -0.0004028282
1   14   1   10   -0.1519839706
1   14   2   9   -0.0479276897
1   14   3   10   -0.0007082483
1   14   4   11   0.0013519072
1   14   4   12   -0.0018156821
1   14   5   11   -0.0018156821
1   14   5   12   -0.0013519072
1   14   6   9   -0.0011070463
1   14   7   10   -0.0073605407
2   8   1   9   -0.0946589191
2   8   2   10   0.0066099831
2   8   3   9   0.0168746759
2   8   4   7   -0.0038494941
2   8   4   8   -0.0102946948
2   8   5   7   -0.0102946948
2   8   5   8   0.0038494941
2   8   6   10   0.0035512491
2   8   7   9   -0.0063178475
2   9   1   10   0.0223108684
2   9   2   9   -0.1005683009
2   9   3   10   -0.0086406202
2   9   4   11   0.0079560076
2   9   4   12   -0.0106853342
2   9   5   11   -0.0106853342
2   9   5   12   -0.0079560076
2   9   6   9   0.0148477692
2   9   7   10   -0.0083120750
2   10   1   9   0.0679621001
2   10   2   10   -0.1049355280
2   10   3   9   -0.0052905153
2   10   4   7   -0.0030105456
2   10   4   8   -0.0080510964
2   10   5   7   -0.0080510964
2   10   5   8   0.0030105456
2   10   6   10   0.0078402110
2   10   7   9   0.0000031779
2   11   1   7   -0.0571526168
2   11   1   8   -0.1528431341
2   11   2   11   0.1382082183
2   11   2   12   -0.1856208637
2   11   3   7   0.0031838850
2   11   3   8   0.0085146575
2   11   4   9   0.0056235024
2   11   6   11   -0.0049886055
2   11   6   12   0.0066999580
2   11   7   7   0.0022316940
2   11   7   8   0.0059682150
2   12   1   7   -0.1528431341
2   12   1   8   0.0571526168
2   12   2   11   -0.1856208637
2   12   2   12   -0.1382082183
2   12   3   7   0.0085146575
2   12   3   8   -0.0031838850
2   12   5   9   0.0056235024
2   12   6   11   0.0066999580
2   12   6   12   0.0049886055
2   12   7   7   0.0059682150
2   12   7   8   -0.0022316940
2   13   1   10   0.0222773255
2   13   2   9   0.1496210131
2   13   3   10   -0.0022414794
2   13   4   11   0.0026490463
2   13   4   12   -0.0035578077
2   13   5   11   -0.0035578077
2   13   5   12   -0.0026490463
2   13   6   9   -0.0025792730
2   13   7   10   -0.0008398493
2   14   1   9   -0.0479078932
2   14   2   10   -0.1519038872
2   14   3   9   0.0052749853
2   14   4   7   0.0021399816
2   14   4   8   0.0057229486
2   14   5   7   0.0057229486
2   14   5   8   -0.0021399816
2   14   6   10   0.0061040392
2   14   7   9   0.0042361423
3   8   1   10   -0.0096087482
3   8   2   9   0.0172442305
3   8   3   10   -0.0208521893
3   8   4   11   0.0119335833
3   8   4   12   -0.0160274263
3   8   5   11   -0.0160274263
3   8   5   12   -0.0119335833
3   8   6   9   -0.0019593639
3   8   7   10   -0.0104502260
3   9   1   9   0.0169651724
3   9   2   10   -0.0085235640
3   9   3   9   -0.0128305057
3   9   4   7   -0.0056592913
3   9   4   8   -0.0151346320
3   9   5   7   -0.0151346320
3   9   5   8   0.0056592913
3   9   6   10   0.0029806618
3   9   7   9   -0.0038169089
3   10   1   10   -0.0039661361
3   10   2   9   -0.0045940749
3   10   3   10   -0.0895970842
3   10   4   11   0.0285199978
3   10   4   12   -0.0383038483
3   10   5   11   -0.0383038483
3   10   5   12   -0.0285199978
3   10   6   9   0.0145171754
3   10   7   10   -0.0373513315
3   11   1   11   -0.0005511004
3   11   1   12   0.0007401567
3   11   2   7   0.0024544670
3   11   2   8   0.0065639764
3   11   3   11   0.1059046185
3   11   3   12   -0.1422354401
3   11   4   10   0.0220593884
3   11   6   7   -0.0175054827
3   11   6   8   -0.0468148790
3   11   7   11   0.0242986219
3   11   7   12   -0.0326343197
3   12   1   11   0.0007401567
3   12   1   12   0.0005511004
3   12   2   7   0.0065639764
3   12   2   8   -0.0024544670
3   12   3   11   -0.1422354401
3   12   3   12   -0.1059046185
3   12   5   10   0.0220593884
3   12   6   7   -0.0468148790
3   12   6   8   0.0175054827
3   12   7   11   -0.0326343197
3   12   7   12   -0.0242986219
3   13   1   9   -0.0055492331
3   13   2   10   -0.0018605007
3   13   3   9   0.1026023085
3   13   4   7   -0.0197925165
3   13   4   8   -0.0529310891
3   13   5   7   -0.0529310891
3   13   5   8   0.0197925165
3   13   6   10   -0.0005029388
3   13   7   9   0.0110722332
3   14   1   10   -0.0004878839
3   14   2   9   0.0046668997
3   14   3   10   -0.1270985507
3   14   4   11   0.0146553224
3   14   4   12   -0.0196828643
3   14   5   11   -0.0196828643
3   14   5   12   -0.0146553224
3   14   6   9   -0.0077424968
3   14   7   10   -0.0323111444
4   8   1   11   0.0087381960
4   8   1   12   -0.0117358542
4   8   2   7   -0.0041998113
4   8   2   8   -0.0112315474
4   8   3   11   0.0118367472
4   8   3   12   -0.0158973703
4   8   4   10   -0.0061074727
4   8   6   7   -0.0031982546
4   8   6   8   -0.0085530861
4   8   7   11   -0.0022175669
4   8   7   12   0.0029783082
4   9   1   7   -0.0044684936
4   9   1   8   -0.0119500839
4   9   2   11   0.0079921581
4   9   2   12   -0.0107338862
4   9   3   7   -0.0057221287
4   9   3   8   -0.0153026780
4   9   4   9   -0.0044927807
4   9   6   11   0.0054651752
4   9   6   12   -0.0073400160
4   9   7   7   0.0015642001
4   9   7   8   0.0041831372
4   10   1   11   0.0066990794
4   10   1   12   -0.0089972139
4   10   2   7   -0.0032864955
4   10   2   8   -0.0087890687
4   10   3   11   0.0277556262
4   10   3   12   -0.0372772572
4   10   4   10   -0.0327430480
4   10   6   7   -0.0086482880
4   10   6   8   -0.0231281001
4   10   7   11   0.0025111052
4   10   7   12   -0.0033725455
4   11   1   10   0.0022832274
4   11   2   9   0.0051654846
4   11   3   10   0.0206192076
4   11   4   11   0.0722350663
4   11   4   12   -0.0970154710
4   11   5   11   -0.0036274687
4   11   5   12   -0.0027009140
4   11   6   9   0.0139912924
4   11   7   10   -0.0115008335
4   12   4   11   -0.0899271817
4   12   4   12   -0.0669573200
4   12   5   11   0.0025768324
4   12   5   12   -0.0034608206
4   13   1   7   -0.0045057607
4   13   1   8   -0.0120497474
4   13   2   11   0.0024020889
4   13   2   12   -0.0032261310
4   13   3   7   -0.0190966638
4   13   3   8   -0.0510701716
4   13   4   9   0.0864536228
4   13   6   11   0.0015402673
4   13   6   12   -0.0020686595
4   13   7   7   0.0118173673
4   13   7   8   0.0316031629
4   14   1   11   0.0013055923
4   14   1   12   -0.0017534787
4   14   2   7   0.0021201293
4   14   2   8   0.0056698577
4   14   3   11   0.0139790016
4   14   3   12   -0.0187745301
4   14   4   10   -0.0844466691
4   14   6   7   0.0110820989
4   14   6   8   0.0296368359
4   14   7   11   -0.0016941609
4   14   7   12   0.0022753467
5   8   1   11   -0.0117358542
5   8   1   12   -0.0087381960
5   8   2   7   -0.0112315474
5   8   2   8   0.0041998113
5   8   3   11   -0.0158973703
5   8   3   12   -0.0118367472
5   8   5   10   -0.0061074727
5   8   6   7   -0.0085530861
5   8   6   8   0.0031982546
5   8   7   11   0.0029783082
5   8   7   12   0.0022175669
5   9   1   7   -0.0119500839
5   9   1   8   0.0044684936
5   9   2   11   -0.0107338862
5   9   2   12   -0.0079921581
5   9   3   7   -0.0153026780
5   9   3   8   0.0057221287
5   9   5   9   -0.0044927807
5   9   6   11   -0.0073400160
5   9   6   12   -0.0054651752
5   9   7   7   0.0041831372
5   9   7   8   -0.0015642001
5   10   1   11   -0.0089972139
5   10   1   12   -0.0066990794
5   10   2   7   -0.0087890687
5   10   2   8   0.0032864955
5   10   3   11   -0.0372772572
5   10   3   12   -0.0277556262
5   10   5   10   -0.0327430480
5   10   6   7   -0.0231281001
5   10   6   8   0.0086482880
5   10   7   11   -0.0033725455
5   10   7   12   -0.0025111052
5   11   4   11   -0.0034608206
5   11   4   12   -0.0025768324
5   11   5   11   0.0669573200
5   11   5   12   -0.0899271817
5   12   1   10   0.0022832274
5   12   2   9   0.0051654846
5   12   3   10   0.0206192076
5   12   4   11   0.0027009140
5   12   4   12   -0.0036274687
5   12   5   11   -0.0970154710
5   12   5   12   -0.0722350663
5   12   6   9   0.0139912924
5   12   7   10   -0.0115008335
5   13   1   7   -0.0120497474
5   13   1   8   0.0045057607
5   13   2   11   -0.0032261310
5   13   2   12   -0.0024020889
5   13   3   7   -0.0510701716
5   13   3   8   0.0190966638
5   13   5   9   0.0864536228
5   13   6   11   -0.0020686595
5   13   6   12   -0.0015402673
5   13   7   7   0.0316031629
5   13   7   8   -0.0118173673
5   14   1   11   -0.0017534787
5   14   1   12   -0.0013055923
5   14   2   7   0.0056698577
5   14   2   8   -0.0021201293
5   14   3   11   -0.0187745301
5   14   3   12   -0.0139790016
5   14   5   10   -0.0844466691
5   14   6   7   0.0296368359
5   14   6   8   -0.0110820989
5   14   7   11   0.0022753467
5   14   7   12   0.0016941609
6   8   1   9   0.0149496559
6   8   2   10   0.0037233825
6   8   3   9   -0.0021221736
6   8   4   7   -0.0031881030
6   8   4   8   -0.0085259379
6   8   5   7   -0.0085259379
6   8   5   8   0.0031881030
6   8   6   10   0.0055879192
6   8   7   9   -0.0012915659
6   9   1   10   0.0029537199
6   9   2   9   0.0152609967
6   9   3   10   0.0029568656
6   9   4   11   0.0054484525
6   9   4   12   -0.0073175566
6   9   5   11   -0.0073175566
6   9   5   12   -0.0054484525
6   9   6   9   -0.0021201878
6   9   7   10   -0.0114250154
6   10   1   9   -0.0025934836
6   10   2   10   0.0079053583
6   10   3   9   0.0141952723
6   10   4   7   -0.0088781361
6   10   4   8   -0.0237427824
6   10   5   7   -0.0237427824
6   10   5   8   0.0088781361
6   10   6   10   -0.0206147673
6   10   7   9   -0.0249420745
6   11   1   7   -0.0004864102
6   11   1   8   -0.0013008058
6   11   2   11   -0.0048970321
6   11   2   12   0.0065769702
6   11   3   7   -0.0172171925
6   11   3   8   -0.0460439050
6   11   4   9   0.0148254122
6   11   6   11   0.0484878053
6   11   6   12   -0.0651216578
6   11   7   7   0.0382534046
6   11   7   8   0.1023010070
6   12   1   7   -0.0013008058
6   12   1   8   0.0004864102
6   12   2   11   0.0065769702
6   12   2   12   0.0048970321
6   12   3   7   -0.0460439050
6   12   3   8   0.0172171925
6   12   5   9   0.0148254122
6   12   6   11   -0.0651216578
6   12   6   12   -0.0484878053
6   12   7   7   0.1023010070
6   12   7   8   -0.0382534046
6   13   1   10   -0.0002215356
6   13   2   9   -0.0028963985
6   13   3   10   -0.0004804194
6   13   4   11   0.0011973952
6   13   4   12   -0.0016081644
6   13   5   11   -0.0016081644
6   13   5   12   -0.0011973952
6   13   6   9   0.0703340990
6   13   7   10   0.0152066303
6   14   1   9   -0.0008832470
6   14   2   10   0.0059416039
6   14   3   9   -0.0077914365
6   14   4   7   0.0108282339
6   14   4   8   0.0289579252
6   14   5   7   0.0289579252
6   14   5   8   -0.0108282339
6   14   6   10   -0.0445324120
6   14   7   9   0.0146720978
7   8   1   10   -0.0097832111
7   8   2   9   -0.0067819318
7   8   3   10   -0.0103758458
7   8   4   11   -0.0021923408
7   8   4   12   0.0029444283
7   8   5   11   0.0029444283
7   8   5   12   0.0021923408
7   8   6   9   -0.0012775636
7   8   7   10   0.0009383819
7   9   1   9   -0.0072344092
7   9   2   10   -0.0082825001
7   9   3   9   -0.0038206813
7   9   4   7   0.0015464080
7   9   4   8   0.0041355559
7   9   5   7   0.0041355559
7   9   5   8   -0.0015464080
7   9   6   10   -0.0114233317
7   9   7   9   -0.0027382953
7   10   1   10   -0.0110969796
7   10   2   9   -0.0000691990
7   10   3   10   -0.0372228381
7   10   4   11   0.0028651363
7   10   4   12   -0.0038480278
7   10   5   11   -0.0038480278
7   10   5   12   -0.0028651363
7   10   6   9   -0.0246301404
7   10   7   10   -0.0390601855
7   11   1   11   0.0052866614
7   11   1   12   -0.0071002626
7   11   2   7   0.0020194508
7   11   2   8   0.0054006134
7   11   3   11   0.0240747860
7   11   3   12   -0.0323336964
7   11   4   10   -0.0124644919
7   11   6   7   0.0379251544
7   11   6   8   0.1014231682
7   11   7   11   0.0566680239
7   11   7   12   -0.0761081191
7   12   1   11   -0.0071002626
7   12   1   12   -0.0052866614
7   12   2   7   0.0054006134
7   12   2   8   -0.0020194508
7   12   3   11   -0.0323336964
7   12   3   12   -0.0240747860
7   12   5   10   -0.0124644919
7   12   6   7   0.1014231682
7   12   6   8   -0.0379251544
7   12   7   11   -0.0761081191
7   12   7   12   -0.0566680239
7   13   1   9   -0.0002350275
7   13   2   10   -0.0008201503
7   13   3   9   0.0109500694
7   13   4   7   0.0117546655
7   13   4   8   0.0314354796
7   13   5   7   0.0314354796
7   13   5   8   -0.0117546655
7   13   6   10   0.0145115127
7   13   7   9   0.0732602723
7   14   1   10   -0.0070217917
7   14   2   9   0.0039166840
7   14   3   10   -0.0313761537
7   14   4   11   -0.0023694964
7   14   4   12   0.0031823575
7   14   5   11   0.0031823575
7   14   5   12   0.0023694964
7   14   6   9   0.0144912933
7   14   7   10   -0.0564697754

End IJKA Block
Begin IABC Block
1   7   1   10   0.0008561096
1   7   3   11   -0.0009496848
1   7   3   12   -0.0014720777
1   7   4   7   0.0000463457
1   7   5   9   0.0028249105
1   7   6   9   0.0043788086
1   8   2   10   0.0008561096
1   8   3   11   0.0014720777
1   8   3   12   -0.0009496848
1   8   4   8   0.0000463457
1   8   5   9   -0.0043788086
1   8   6   9   0.0028249105
1   9   1   11   0.0016099030
1   9   1   12   0.0024954622
1   9   2   11   -0.0024954622
1   9   2   12   0.0016099030
1   9   3   10   0.0008893677
1   9   4   9   0.0013910643
1   9   5   7   0.0028030333
1   9   5   8   -0.0043448974
1   9   6   7   0.0043448974
1   9   6   8   0.0028030333
1   10   1   7   0.0008616274
1   10   2   8   0.0008616274
1   10   3   9   0.0008910890
1   10   4   10   -0.0027258828
1   10   5   11   -0.0026150964
1   10   6   12   -0.0026150964
1   11   1   9   0.0016260074
1   11   2   9   -0.0025204251
1   11   3   7   -0.0009448254
1   11   3   8   0.0014645453
1   11   4   11   -0.0036523283
1   11   5   10   -0.0026031094
1   12   1   9   0.0025204251
1   12   2   9   0.0016260074
1   12   3   7   -0.0014645453
1   12   3   8   -0.0009448254
1   12   4   12   -0.0036523283
1   12   6   10   -0.0026031094
2   7   1   9   0.0046083947
2   7   3   7   -0.0015769319
2   7   4   11   0.0002534464
2   7   4   12   0.0003928596
2   7   5   10   0.0004058808
2   7   6   10   0.0006291437
2   8   2   9   0.0046083947
2   8   3   8   -0.0015769319
2   8   4   11   -0.0003928596
2   8   4   12   0.0002534464
2   8   5   10   -0.0006291437
2   8   6   10   0.0004058808
2   9   1   7   0.0046223444
2   9   2   8   0.0046223444
2   9   3   9   -0.0007153234
2   9   4   10   0.0034687862
2   9   5   11   0.0032653598
2   9   6   12   0.0032653598
2   10   1   11   -0.0009931476
2   10   1   12   -0.0015394481
2   10   2   11   0.0015394481
2   10   2   12   -0.0009931476
2   10   3   10   -0.0019343405
2   10   4   9   0.0034673559
2   10   5   7   0.0004079303
2   10   5   8   -0.0006323205
2   10   6   7   0.0006323205
2   10   6   8   0.0004079303
2   11   1   10   -0.0009835187
2   11   2   10   0.0015245228
2   11   3   11   -0.0035587039
2   11   4   7   0.0002561471
2   11   4   8   -0.0003970459
2   11   5   9   0.0032575480
2   12   1   10   -0.0015245228
2   12   2   10   -0.0009835187
2   12   3   12   -0.0035587039
2   12   4   7   0.0003970459
2   12   4   8   0.0002561471
2   12   6   9   0.0032575480
3   7   1   10   0.0019798734
3   7   3   11   0.0041099404
3   7   3   12   0.0063706946
3   7   4   7   -0.0154814271
3   7   5   9   0.0054702837
3   7   6   9   0.0084793217
3   8   2   10   0.0019798734
3   8   3   11   -0.0063706946
3   8   3   12   0.0041099404
3   8   4   8   -0.0154814271
3   8   5   9   -0.0084793217
3   8   6   9   0.0054702837
3   9   1   11   0.0036986369
3   9   1   12   0.0057331455
3   9   2   11   -0.0057331455
3   9   2   12   0.0036986369
3   9   3   10   0.0047989127
3   9   4   9   -0.0112735771
3   9   5   7   0.0051641036
3   9   5   8   -0.0080047212
3   9   6   7   0.0080047212
3   9   6   8   0.0051641036
3   10   1   7   0.0024684395
3   10   2   8   0.0024684395
3   10   3   9   0.0048584542
3   10   4   10   -0.0162665389
3   10   5   11   -0.0044325401
3   10   6   12   -0.0044325401
3   11   1   9   0.0039522594
3   11   2   9   -0.0061262781
3   11   3   7   0.0039789074
3   11   3   8   -0.0061675844
3   11   4   11   -0.0188955933
3   11   5   10   -0.0046384113
3   12   1   9   0.0061262781
3   12   2   9   0.0039522594
3   12   3   7   0.0061675844
3   12   3   8   0.0039789074
3   12   4   12   -0.0188955933
3   12   6   10   -0.0046384113
4   7   1   11   -0.0005212867
4   7   1   12   -0.0011800597
4   7   2   11   -0.0015640926
4   7   2   12   -0.0025645074
4   7   3   10   -0.0016057654
4   7   4   9   -0.0026676944
4   7   5   7   0.0394632352
4   7   5   8   -0.0004699678
4   7   6   7   -0.0539298377
4   7   6   8   -0.0010413721
4   8   1   11   0.0008334819
4   8   1   12   -0.0007793390
4   8   2   11   0.0028225597
4   8   2   12   -0.0019106703
4   8   3   10   -0.0042942954
4   8   4   9   -0.0071342100
4   8   5   7   0.0001091072
4   8   5   8   0.0411148160
4   8   6   7   -0.0006102087
4   8   6   8   -0.0542906983
4   9   1   10   -0.0178721969
4   9   2   10   -0.0477955821
4   9   3   11   0.0015535809
4   9   3   12   -0.0020865404
4   9   4   7   -0.0027139308
4   9   4   8   -0.0072578599
4   9   5   9   0.0160233097
4   9   6   9   -0.0215201428
4   10   1   9   -0.0178860528
4   10   2   9   -0.0478326369
4   10   3   7   -0.0017097656
4   10   3   8   -0.0045724229
4   10   4   11   -0.0067036687
4   10   4   12   0.0090033776
4   10   5   10   0.0231907842
4   10   6   10   -0.0311464358
4   11   1   7   -0.0007087021
4   11   1   8   0.0006063912
4   11   2   7   -0.0017289043
4   11   2   8   0.0044287969
4   11   3   9   0.0015645278
4   11   4   10   -0.0065832735
4   11   5   11   0.0350713387
4   11   5   12   0.0013915375
4   11   6   11   -0.0497558024
4   11   6   12   -0.0009393702
4   12   1   7   -0.0019368844
4   12   1   8   -0.0016993509
4   12   2   7   -0.0034381481
4   12   2   8   -0.0030593975
4   12   3   9   -0.0021012427
4   12   4   10   0.0088416805
4   12   5   11   0.0012616233
4   12   5   12   0.0370468096
4   12   6   11   -0.0010361008
4   12   6   12   -0.0471026416
5   7   1   11   -0.0019106703
5   7   1   12   -0.0028225597
5   7   2   11   0.0007793390
5   7   2   12   0.0008334819
5   7   3   10   -0.0042942954
5   7   4   9   -0.0071342100
5   7   5   7   -0.0542906983
5   7   5   8   0.0006102087
5   7   6   7   -0.0411148160
5   7   6   8   0.0001091072
5   8   1   11   0.0025645074
5   8   1   12   -0.0015640926
5   8   2   11   -0.0011800597
5   8   2   12   0.0005212867
5   8   3   10   0.0016057654
5   8   4   9   0.0026676944
5   8   5   7   0.0010413721
5   8   5   8   -0.0539298377
5   8   6   7   -0.0004699678
5   8   6   8   -0.0394632352
5   9   1   10   -0.0477955821
5   9   2   10   0.0178721969
5   9   3   11   -0.0020865404
5   9   3   12   -0.0015535809
5   9   4   7   -0.0072578599
5   9   4   8   0.0027139308
5   9   5   9   -0.0215201428
5   9   6   9   -0.0160233097
5   10   1   9   -0.0478326369
5   10   2   9   0.0178860528
5   10   3   7   -0.0045724229
5   10   3   8   0.0017097656
5   10   4   11   0.0090033776
5   10   4   12   0.0067036687
5   10   5   10   -0.0311464358
5   10   6   10   -0.0231907842
5   11   1   7   -0.0030593975
5   11   1   8   0.0034381481
5   11   2   7   0.0016993509
5   11   2   8   -0.0019368844
5   11   3   9   -0.0021012427
5   11   4   10   0.0088416805
5   11   5   11   -0.0471026416
5   11   5   12   0.0010361008
5   11   6   11   -0.0370468096
5   11   6   12   0.0012616233
5   12   1   7   -0.0044287969
5   12   1   8   -0.0017289043
5   12   2   7   0.0006063912
5   12   2   8   0.0007087021
5   12   3   9   -0.0015645278
5   12   4   10   0.0065832735
5   12   5   11   0.0009393702
5   12   5   12   -0.0497558024
5   12   6   11   0.0013915375
5   12   6   12   -0.0350713387
6   7   1   9   0.0119030837
6   7   3   7   0.0579160219
6   7   4   11   0.0073140210
6   7   4   12   0.0113372434
6   7   5   10   0.0025495587
6   7   6   10   0.0039519940
6   8   2   9   0.0119030837
6   8   3   8   0.0579160219
6   8   4   11   -0.0113372434
6   8   4   12   0.0073140210
6   8   5   10   -0.0039519940
6   8   6   10   0.0025495587
6   9   1   7   0.0129112143
6   9   2   8   0.0129112143
6   9   3   9   -0.0013311719
6   9   4   10   -0.0333304953
6   9   5   11   0.0003418837
6   9   6   12   0.0003418837
6   10   1   11   -0.0036539282
6   10   1   12   -0.0056638440
6   10   2   11   0.0056638440
6   10   2   12   -0.0036539282
6   10   3   10   0.0199246665
6   10   4   9   -0.0336081933
6   10   5   7   0.0023388266
6   10   5   8   -0.0036253446
6   10   6   7   0.0036253446
6   10   6   8   0.0023388266
6   11   1   10   -0.0032359892
6   11   2   10   0.0050160093
6   11   3   11   0.0512035603
6   11   4   7   0.0071455076
6   11   4   8   -0.0110760358
6   11   5   9   -0.0001548489
6   12   1   10   -0.0050160093
6   12   2   10   -0.0032359892
6   12   3   12   0.0512035603
6   12   4   7   0.0110760358
6   12   4   8   0.0071455076
6   12   6   9   -0.0001548489
7   7   1   10   0.0009227105
7   7   3   11   -0.0081645983
7   7   3   12   -0.0126556975
7   7   4   7   -0.0433064731
7   7   5   9   -0.0017717650
7   7   6   9   -0.0027463595
7   8   2   10   0.0009227105
7   8   3   11   0.0126556975
7   8   3   12   -0.0081645983
7   8   4   8   -0.0433064731
7   8   5   9   0.0027463595
7   8   6   9   -0.0017717650
7   9   1   11   -0.0052945997
7   9   1   12   -0.0082069993
7   9   2   11   0.0082069993
7   9   2   12   -0.0052945997
7   9   3   10   0.0258227053
7   9   4   9   0.0093265849
7   9   5   7   -0.0010699718
7   9   5   8   0.0016585310
7   9   6   7   -0.0016585310
7   9   6   8   -0.0010699718
7   10   1   7   0.0009323561
7   10   2   8   0.0009323561
7   10   3   9   0.0260173532
7   10   4   10   -0.0199554081
7   10   5   11   -0.0088068679
7   10   6   12   -0.0088068679
7   11   1   9   -0.0054975501
7   11   2   9   0.0085215867
7   11   3   7   -0.0075240363
7   11   3   8   0.0116627818
7   11   4   11   -0.0516424331
7   11   5   10   -0.0081714604
7   12   1   9   -0.0085215867
7   12   2   9   -0.0054975501
7   12   3   7   -0.0116627818
7   12   3   8   -0.0075240363
7   12   4   12   -0.0516424331
7   12   6   10   -0.0081714604

End IABC Block
