Begin IJ Block
1   1   -2.3178219926
2   2   -2.2621875331
3   3   -2.2621875331

End IJ Block
Begin IA Block
1   3   0.0000000000
2   1   -0.0000000000
2   2   -0.0000000000
3   1   -0.0000000000
3   2   0.0000000000

End IA Block
Begin AB Block
1   1   -2.2615491439
2   2   -2.2615491439
3   3   -2.2932016095

End AB Block
Begin IJKL Block
1   4   1   4   0.4217388296
1   4   2   5   0.0163576080
1   4   3   6   0.0163576080
1   5   1   5   0.3832900516
1   5   2   4   0.0163576080
1   6   1   6   0.3832900516
1   6   3   4   0.0163576080
2   4   1   5   0.0163576080
2   4   2   4   0.3832900516
2   5   1   4   0.0163576080
2   5   2   5   0.4101574880
2   5   3   6   0.0156090281
2   6   2   6   0.3789394317
2   6   3   5   0.0156090281
3   4   1   6   0.0163576080
3   4   3   4   0.3832900516
3   5   2   6   0.0156090281
3   5   3   5   0.3789394317
3   6   1   4   0.0163576080
3   6   2   5   0.0156090281
3   6   3   6   0.4101574880

End IJKL Block
Begin IJAB Block
1   4   1   4   0.0151493365
1   4   2   5   0.0151493365
1   4   3   6   0.2137780392
1   5   1   6   0.0003798780
1   5   2   6   -0.0149050696
1   5   3   4   0.0048544176
1   5   3   5   -0.1904702017
1   6   1   6   0.0149050696
1   6   2   6   0.0003798780
1   6   3   4   0.1904702017
1   6   3   5   0.0048544176
2   4   1   6   0.0048544176
2   4   2   6   -0.1904702017
2   4   3   4   0.0003798780
2   4   3   5   -0.0149050696
2   5   1   4   0.0159071669
2   5   1   5   -0.0054330018
2   5   2   4   -0.0054330018
2   5   2   5   0.2289404992
2   5   3   6   0.0168833625
2   6   1   4   0.0054330018
2   6   1   5   -0.0156302306
2   6   2   4   -0.1974031017
2   6   2   5   -0.0054330018
3   4   1   6   0.1904702017
3   4   2   6   0.0048544176
3   4   3   4   0.0149050696
3   4   3   5   0.0003798780
3   5   1   4   0.0054330018
3   5   1   5   -0.1974031017
3   5   2   4   -0.0156302306
3   5   2   5   -0.0054330018
3   6   1   4   0.2289404992
3   6   1   5   0.0054330018
3   6   2   4   0.0054330018
3   6   2   5   0.0159071669
3   6   3   6   0.0168833625

End IJAB Block
Begin ABCD Block
1   4   1   4   0.4201892635
1   4   2   5   0.0166009733
1   4   3   6   0.0175889321
1   5   1   5   0.3869873169
1   5   2   4   0.0166009733
1   6   1   6   0.3977999117
1   6   3   4   0.0175889321
2   4   1   5   0.0166009733
2   4   2   4   0.3869873169
2   5   1   4   0.0166009733
2   5   2   5   0.4201892635
2   5   3   6   0.0175889321
2   6   2   6   0.3977999117
2   6   3   5   0.0175889321
3   4   1   6   0.0175889321
3   4   3   4   0.3977999117
3   5   2   6   0.0175889321
3   5   3   5   0.3977999117
3   6   1   4   0.0175889321
3   6   2   5   0.0175889321
3   6   3   6   0.4448096746

End ABCD Block
Begin AIJB Block
1   4   1   4   0.0151493365
1   4   2   6   0.0048544176
1   4   3   6   0.1904702017
1   5   1   6   0.0003798780
1   5   2   4   0.0159071669
1   5   2   5   -0.0054330018
1   5   3   4   0.0054330018
1   5   3   5   -0.1974031017
1   6   1   6   0.0149050696
1   6   2   4   0.0054330018
1   6   2   5   -0.0156302306
1   6   3   4   0.2289404992
1   6   3   5   0.0054330018
2   4   1   5   0.0151493365
2   4   2   6   -0.1904702017
2   4   3   6   0.0048544176
2   5   1   6   -0.0149050696
2   5   2   4   -0.0054330018
2   5   2   5   0.2289404992
2   5   3   4   -0.0156302306
2   5   3   5   -0.0054330018
2   6   1   6   0.0003798780
2   6   2   4   -0.1974031017
2   6   2   5   -0.0054330018
2   6   3   4   0.0054330018
2   6   3   5   0.0159071669
3   4   1   6   0.2137780392
3   4   2   4   0.0003798780
3   4   2   5   -0.0149050696
3   4   3   4   0.0149050696
3   4   3   5   0.0003798780
3   5   1   4   0.0048544176
3   5   1   5   -0.1904702017
3   5   2   6   0.0168833625
3   6   1   4   0.1904702017
3   6   1   5   0.0048544176
3   6   3   6   0.0168833625

1   4   4   1   -0.3857992805
1   4   5   3   -0.0004099103
1   4   6   3   -0.0160834332
1   5   4   3   -0.0004099103
1   5   5   1   -0.3826745764
1   5   5   2   0.0008176821
1   5   6   1   -0.0008176821
1   5   6   2   0.0160310582
1   6   4   3   -0.0160834332
1   6   5   1   -0.0008176821
1   6   5   2   0.0160310582
1   6   6   1   -0.4147366928
1   6   6   2   -0.0008176821
2   4   4   2   -0.3857992805
2   4   5   3   0.0160834332
2   4   6   3   -0.0004099103
2   5   4   3   0.0160834332
2   5   5   1   0.0008176821
2   5   5   2   -0.4147366928
2   5   6   1   0.0160310582
2   5   6   2   0.0008176821
2   6   4   3   -0.0004099103
2   6   5   1   0.0160310582
2   6   5   2   0.0008176821
2   6   6   1   -0.0008176821
2   6   6   2   -0.3826745764
3   4   4   3   -0.4291253812
3   4   5   1   -0.0004099103
3   4   5   2   0.0160834332
3   4   6   1   -0.0160834332
3   4   6   2   -0.0004099103
3   5   4   1   -0.0004099103
3   5   4   2   0.0160834332
3   5   5   3   -0.3941914586
3   6   4   1   -0.0160834332
3   6   4   2   -0.0004099103
3   6   6   3   -0.3941914586

End AIJB Block
Begin IJKA Block
1   4   1   6   0.0000000000
1   5   1   5   -0.0000000000
1   5   2   6   0.0000000000
1   6   3   6   -0.0000000000
2   4   2   6   0.0000000001
2   4   3   6   -0.0000000000
2   5   1   6   0.0000000000
2   5   2   4   0.0000000000
2   5   2   5   -0.0000000001
2   5   3   4   0.0000000000
2   5   3   5   0.0000000000
2   6   2   4   0.0000000001
2   6   2   5   0.0000000000
2   6   3   4   -0.0000000000
2   6   3   5   0.0000000000
3   4   2   6   -0.0000000000
3   4   3   6   -0.0000000001
3   5   2   4   0.0000000000
3   5   2   5   0.0000000000
3   5   3   4   -0.0000000000
3   5   3   5   0.0000000001
3   6   1   6   -0.0000000000
3   6   2   4   -0.0000000000
3   6   2   5   0.0000000000
3   6   3   4   -0.0000000001
3   6   3   5   -0.0000000000

End IJKA Block
Begin IABC Block
1   4   1   6   0.0000000000
1   4   3   4   0.0000000001
1   4   3   5   -0.0000000000
1   5   2   6   -0.0000000000
1   5   3   4   -0.0000000000
1   5   3   5   -0.0000000001
1   6   1   4   0.0000000000
1   6   2   5   -0.0000000000
1   6   3   6   -0.0000000000
2   4   1   4   0.0000000000
2   4   1   5   -0.0000000000
2   4   2   4   -0.0000000001
2   4   2   5   0.0000000000
2   5   1   4   -0.0000000000
2   5   1   5   -0.0000000000
2   5   2   4   0.0000000000
2   5   2   5   0.0000000001
3   4   1   4   0.0000000001
3   4   1   5   -0.0000000000
3   4   2   4   0.0000000000
3   4   2   5   -0.0000000000
3   5   1   4   -0.0000000000
3   5   1   5   -0.0000000001
3   5   2   4   -0.0000000000
3   5   2   5   -0.0000000000
3   6   1   6   -0.0000000000

End IABC Block
