Begin IJ Block
1   1   -27.2496783451
1   3   0.4599924603
1   4   0.0000000000
1   5   -0.2117182347
2   2   -27.2502115093
2   3   0.0000000000
2   4   -0.4935646396
2   5   -0.0000000000
3   3   -8.9306173705
3   5   -0.7665829614
4   4   -7.4796222522
5   5   -7.5331615871
6   6   -7.3857388685
7   7   -7.3857388685

End IJ Block
Begin IA Block
1   3   -0.0000000000
1   4   -0.0907149679
2   3   0.2463887884
2   4   -0.0000000000
3   4   -0.4137993178
4   3   0.9043637644
4   4   0.0000000000
5   4   -1.5204553670
6   5   -0.1134813292
6   6   -1.7172151090
7   5   -1.7172151090
7   6   0.1134813292

End IA Block
Begin AB Block
1   1   -6.9267044871
2   2   -6.9267044871
3   3   -6.0047704413
3   4   0.0000000000
4   4   -5.1221031606
5   5   -5.7726533027
6   6   -5.7726533027

End AB Block
Begin IJKL Block
1   8   1   8   2.2637251807
1   8   1   9   -0.0000000003
1   8   1   10   -0.1910320837
1   8   1   11   -0.0000000001
1   8   1   12   0.0666847117
1   8   2   8   -0.0000000003
1   8   2   9   1.8609120728
1   8   2   10   0.0000000000
1   8   2   11   0.1900145747
1   8   2   12   -0.0000000000
1   8   3   8   -0.1910320837
1   8   3   9   0.0000000000
1   8   3   10   0.0299126271
1   8   3   11   0.0000000000
1   8   3   12   -0.0043041185
1   8   4   8   -0.0000000001
1   8   4   9   0.1900145747
1   8   4   10   0.0000000000
1   8   4   11   0.0296506515
1   8   4   12   -0.0000000000
1   8   5   8   0.0666847117
1   8   5   9   -0.0000000000
1   8   5   10   -0.0043041185
1   8   5   11   -0.0000000000
1   8   5   12   0.0154886389
1   8   6   13   0.0102152123
1   8   7   14   0.0102152123
1   9   1   8   -0.0000000003
1   9   1   9   2.2639983629
1   9   1   10   0.0000000000
1   9   1   11   0.1942379575
1   9   1   12   -0.0000000000
1   9   2   8   1.8609389269
1   9   2   9   0.0000000003
1   9   2   10   -0.1961249109
1   9   2   11   0.0000000000
1   9   2   12   0.0552542113
1   9   3   8   0.0000000000
1   9   3   9   -0.1910358749
1   9   3   11   -0.0264241166
1   9   4   8   0.1899833158
1   9   4   9   0.0000000000
1   9   4   10   -0.0265332222
1   9   4   12   0.0132315906
1   9   5   8   -0.0000000000
1   9   5   9   0.0666926534
1   9   5   11   0.0134756087
1   10   1   8   -0.1910320837
1   10   1   9   0.0000000000
1   10   1   10   0.7440633107
1   10   1   11   0.0000000000
1   10   1   12   0.0696763049
1   10   2   8   0.0000000000
1   10   2   9   -0.1961603770
1   10   2   11   -0.2232665609
1   10   3   8   0.0311156884
1   10   3   10   -0.0003051075
1   10   3   12   0.0067066910
1   10   4   8   0.0000000000
1   10   4   9   -0.0271411265
1   10   4   10   -0.0000000000
1   10   4   11   -0.0054788700
1   10   5   8   -0.0038656886
1   10   5   10   0.0222298923
1   10   5   12   0.0152479003
1   10   6   13   0.0138410946
1   10   7   14   0.0138410946
1   11   1   8   -0.0000000001
1   11   1   9   0.1942379575
1   11   1   10   0.0000000000
1   11   1   11   0.6527520528
1   11   1   12   -0.0000000000
1   11   2   8   0.1899833158
1   11   2   9   0.0000000000
1   11   2   10   -0.2233017501
1   11   2   12   0.2347836303
1   11   3   8   0.0000000000
1   11   3   9   -0.0270590084
1   11   3   11   -0.0112083834
1   11   3   12   0.0000000000
1   11   4   8   0.0306939621
1   11   4   10   -0.0052688402
1   11   4   12   -0.0012600753
1   11   5   8   -0.0000000000
1   11   5   9   0.0142609378
1   11   5   11   -0.0041530920
1   11   5   12   0.0000000000
1   12   1   8   0.0666847117
1   12   1   9   -0.0000000000
1   12   1   10   0.0696763049
1   12   1   11   -0.0000000000
1   12   1   12   0.6698783929
1   12   2   8   -0.0000000000
1   12   2   9   0.0552543648
1   12   2   11   0.2347767489
1   12   3   8   -0.0038656886
1   12   3   10   0.0070109012
1   12   3   11   0.0000000000
1   12   3   12   -0.0073236682
1   12   4   8   -0.0000000000
1   12   4   9   0.0140130028
1   12   4   11   -0.0014600705
1   12   5   8   0.0167935483
1   12   5   10   0.0156153120
1   12   5   11   0.0000000000
1   12   5   12   -0.0010118973
1   12   6   13   -0.0031632084
1   12   7   14   -0.0031632084
1   13   1   13   0.6329696230
1   13   3   13   -0.0019943117
1   13   5   13   0.0079460388
1   13   6   8   0.0115114239
1   13   6   10   0.0142675402
1   13   6   11   0.0000000000
1   13   6   12   -0.0034036805
1   14   1   14   0.6329696230
1   14   3   14   -0.0019943117
1   14   5   14   0.0079460388
1   14   7   8   0.0115114239
1   14   7   10   0.0142675402
1   14   7   11   0.0000000000
1   14   7   12   -0.0034036805
2   8   1   8   -0.0000000003
2   8   1   9   1.8609389269
2   8   1   10   0.0000000000
2   8   1   11   0.1899833158
2   8   1   12   -0.0000000000
2   8   2   8   2.2639983629
2   8   2   9   0.0000000003
2   8   2   10   -0.1910358749
2   8   2   11   0.0000000000
2   8   2   12   0.0666926534
2   8   3   8   0.0000000000
2   8   3   9   -0.1961249109
2   8   3   11   -0.0265332222
2   8   4   8   0.1942379575
2   8   4   9   0.0000000000
2   8   4   10   -0.0264241166
2   8   4   12   0.0134756087
2   8   5   8   -0.0000000000
2   8   5   9   0.0552542113
2   8   5   11   0.0132315906
2   9   1   8   1.8609120728
2   9   1   9   0.0000000003
2   9   1   10   -0.1961603770
2   9   1   11   0.0000000000
2   9   1   12   0.0552543648
2   9   2   8   0.0000000003
2   9   2   9   2.2642178585
2   9   2   10   -0.0000000001
2   9   2   11   0.1943054638
2   9   2   12   0.0000000000
2   9   3   8   -0.1961603770
2   9   3   9   -0.0000000001
2   9   3   10   0.0297677996
2   9   3   11   -0.0000000000
2   9   3   12   -0.0046148570
2   9   4   8   0.0000000000
2   9   4   9   0.1943054638
2   9   4   10   -0.0000000000
2   9   4   11   0.0297355421
2   9   4   12   0.0000000000
2   9   5   8   0.0552543648
2   9   5   9   0.0000000000
2   9   5   10   -0.0046148570
2   9   5   11   0.0000000000
2   9   5   12   0.0148066310
2   9   6   13   0.0098931828
2   9   7   14   0.0098931828
2   10   1   8   0.0000000000
2   10   1   9   -0.1961249109
2   10   1   11   -0.2233017501
2   10   2   8   -0.1910358749
2   10   2   9   -0.0000000001
2   10   2   10   0.7440751692
2   10   2   11   -0.0000000000
2   10   2   12   0.0696394587
2   10   3   9   0.0310224731
2   10   3   11   0.0084059150
2   10   4   8   -0.0270590084
2   10   4   9   -0.0000000000
2   10   4   10   0.0153834906
2   10   4   12   0.0052392299
2   10   5   9   -0.0041659019
2   10   5   10   0.0000000000
2   10   5   11   0.0013783575
2   10   5   12   0.0000000000
2   10   6   13   0.0000000000
2   10   7   14   0.0000000000
2   11   1   8   0.1900145747
2   11   1   9   0.0000000000
2   11   1   10   -0.2232665609
2   11   1   12   0.2347767489
2   11   2   8   0.0000000000
2   11   2   9   0.1943054638
2   11   2   10   -0.0000000000
2   11   2   11   0.6527363201
2   11   2   12   0.0000000000
2   11   3   8   -0.0271411265
2   11   3   9   -0.0000000000
2   11   3   10   0.0088104841
2   11   3   11   -0.0000000000
2   11   3   12   -0.0110789672
2   11   4   9   0.0307657340
2   11   4   11   0.0058980359
2   11   5   8   0.0140130028
2   11   5   9   0.0000000000
2   11   5   10   0.0017571399
2   11   5   12   -0.0146266511
2   11   6   13   -0.0104638574
2   11   7   14   -0.0104638574
2   12   1   8   -0.0000000000
2   12   1   9   0.0552542113
2   12   1   11   0.2347836303
2   12   2   8   0.0666926534
2   12   2   9   0.0000000000
2   12   2   10   0.0696394587
2   12   2   11   0.0000000000
2   12   2   12   0.6698809786
2   12   3   9   -0.0041659019
2   12   3   11   -0.0112952844
2   12   4   8   0.0142609378
2   12   4   9   0.0000000000
2   12   4   10   0.0053789358
2   12   4   12   0.0052395351
2   12   5   9   0.0161364906
2   12   5   10   0.0000000000
2   12   5   11   -0.0148238273
2   13   2   13   0.6329664517
2   13   4   13   0.0069683023
2   13   6   9   0.0112096672
2   13   6   10   0.0000000000
2   13   6   11   -0.0109746418
2   14   2   14   0.6329664517
2   14   4   14   0.0069683023
2   14   7   9   0.0112096672
2   14   7   10   0.0000000000
2   14   7   11   -0.0109746418
3   8   1   8   -0.1910320837
3   8   1   9   0.0000000000
3   8   1   10   0.0311156884
3   8   1   11   0.0000000000
3   8   1   12   -0.0038656886
3   8   2   8   0.0000000000
3   8   2   9   -0.1961603770
3   8   2   11   -0.0271411265
3   8   3   8   0.7440633107
3   8   3   10   -0.0003051075
3   8   3   11   -0.0000000000
3   8   3   12   0.0222298923
3   8   4   8   0.0000000000
3   8   4   9   -0.2232665609
3   8   4   11   -0.0054788700
3   8   5   8   0.0696763049
3   8   5   10   0.0067066910
3   8   5   12   0.0152479003
3   8   6   13   0.0138410946
3   8   7   14   0.0138410946
3   9   1   8   0.0000000000
3   9   1   9   -0.1910358749
3   9   1   11   -0.0270590084
3   9   2   8   -0.1961249109
3   9   2   9   -0.0000000001
3   9   2   10   0.0310224731
3   9   2   11   -0.0000000000
3   9   2   12   -0.0041659019
3   9   3   9   0.7440751692
3   9   3   11   0.0153834906
3   9   3   12   0.0000000000
3   9   4   8   -0.2233017501
3   9   4   9   -0.0000000000
3   9   4   10   0.0084059150
3   9   4   12   0.0013783575
3   9   5   9   0.0696394587
3   9   5   11   0.0052392299
3   9   5   12   0.0000000000
3   9   6   13   0.0000000000
3   9   7   14   0.0000000000
3   10   1   8   0.0299126271
3   10   1   10   -0.0003051075
3   10   1   12   0.0070109012
3   10   2   9   0.0297677996
3   10   2   11   0.0088104841
3   10   3   8   -0.0003051075
3   10   3   10   0.6880254178
3   10   3   12   0.1175130744
3   10   4   9   0.0088104841
3   10   4   11   0.0873658038
3   10   5   8   0.0070109012
3   10   5   10   0.1175130744
3   10   5   12   0.0686621401
3   10   6   13   0.0817242309
3   10   7   14   0.0817242309
3   11   1   8   0.0000000000
3   11   1   9   -0.0264241166
3   11   1   11   -0.0112083834
3   11   1   12   0.0000000000
3   11   2   8   -0.0265332222
3   11   2   9   -0.0000000000
3   11   2   10   0.0084059150
3   11   2   11   -0.0000000000
3   11   2   12   -0.0112952844
3   11   3   8   -0.0000000000
3   11   3   9   0.0153834906
3   11   3   11   0.4986293568
3   11   4   8   -0.0052688402
3   11   4   10   0.0890684555
3   11   4   12   -0.1053186748
3   11   5   9   0.0053789358
3   11   5   11   0.0003722214
3   12   1   8   -0.0043041185
3   12   1   10   0.0067066910
3   12   1   11   0.0000000000
3   12   1   12   -0.0073236682
3   12   2   9   -0.0046148570
3   12   2   11   -0.0110789672
3   12   3   8   0.0222298923
3   12   3   9   0.0000000000
3   12   3   10   0.1175130744
3   12   3   12   0.5336083457
3   12   4   9   0.0017571399
3   12   4   11   -0.1065920603
3   12   5   8   0.0156153120
3   12   5   9   0.0000000000
3   12   5   10   0.0708575110
3   12   5   12   0.0240151698
3   12   6   13   -0.0080452950
3   12   7   14   -0.0080452950
3   13   1   13   -0.0019943117
3   13   3   13   0.5570077684
3   13   5   13   0.0497268338
3   13   6   8   0.0142675402
3   13   6   9   0.0000000000
3   13   6   10   0.0838894754
3   13   6   12   -0.0082284698
3   14   1   14   -0.0019943117
3   14   3   14   0.5570077684
3   14   5   14   0.0497268338
3   14   7   8   0.0142675402
3   14   7   9   0.0000000000
3   14   7   10   0.0838894754
3   14   7   12   -0.0082284698
4   8   1   8   -0.0000000001
4   8   1   9   0.1899833158
4   8   1   10   0.0000000000
4   8   1   11   0.0306939621
4   8   1   12   -0.0000000000
4   8   2   8   0.1942379575
4   8   2   9   0.0000000000
4   8   2   10   -0.0270590084
4   8   2   12   0.0142609378
4   8   3   8   0.0000000000
4   8   3   9   -0.2233017501
4   8   3   11   -0.0052688402
4   8   4   8   0.6527520528
4   8   4   10   -0.0112083834
4   8   4   12   -0.0041530920
4   8   5   8   -0.0000000000
4   8   5   9   0.2347836303
4   8   5   10   0.0000000000
4   8   5   11   -0.0012600753
4   8   5   12   0.0000000000
4   9   1   8   0.1900145747
4   9   1   9   0.0000000000
4   9   1   10   -0.0271411265
4   9   1   12   0.0140130028
4   9   2   8   0.0000000000
4   9   2   9   0.1943054638
4   9   2   10   -0.0000000000
4   9   2   11   0.0307657340
4   9   2   12   0.0000000000
4   9   3   8   -0.2232665609
4   9   3   9   -0.0000000000
4   9   3   10   0.0088104841
4   9   3   12   0.0017571399
4   9   4   9   0.6527363201
4   9   4   10   -0.0000000000
4   9   4   11   0.0058980359
4   9   5   8   0.2347767489
4   9   5   9   0.0000000000
4   9   5   10   -0.0110789672
4   9   5   12   -0.0146266511
4   9   6   13   -0.0104638574
4   9   7   14   -0.0104638574
4   10   1   8   0.0000000000
4   10   1   9   -0.0265332222
4   10   1   10   -0.0000000000
4   10   1   11   -0.0052688402
4   10   2   8   -0.0264241166
4   10   2   9   -0.0000000000
4   10   2   10   0.0153834906
4   10   2   12   0.0053789358
4   10   3   9   0.0084059150
4   10   3   11   0.0890684555
4   10   4   8   -0.0112083834
4   10   4   9   -0.0000000000
4   10   4   10   0.4986293568
4   10   4   12   0.0003722214
4   10   5   8   0.0000000000
4   10   5   9   -0.0112952844
4   10   5   11   -0.1053186748
4   11   1   8   0.0296506515
4   11   1   10   -0.0054788700
4   11   1   12   -0.0014600705
4   11   2   9   0.0297355421
4   11   2   11   0.0058980359
4   11   3   8   -0.0054788700
4   11   3   10   0.0873658038
4   11   3   12   -0.1065920603
4   11   4   9   0.0058980359
4   11   4   11   0.5115325460
4   11   5   8   -0.0014600705
4   11   5   10   -0.1065920603
4   11   5   12   0.1739669100
4   11   6   13   0.0438557212
4   11   7   14   0.0438557212
4   12   1   8   -0.0000000000
4   12   1   9   0.0132315906
4   12   1   11   -0.0012600753
4   12   2   8   0.0134756087
4   12   2   9   0.0000000000
4   12   2   10   0.0052392299
4   12   2   12   0.0052395351
4   12   3   9   0.0013783575
4   12   3   11   -0.1053186748
4   12   4   8   -0.0041530920
4   12   4   10   0.0003722214
4   12   4   12   0.5129717352
4   12   5   8   0.0000000000
4   12   5   9   -0.0148238273
4   12   5   11   0.1737361014
4   13   2   13   0.0069683023
4   13   4   13   0.4688616518
4   13   6   8   0.0000000000
4   13   6   9   -0.0109746418
4   13   6   11   0.0459524615
4   14   2   14   0.0069683023
4   14   4   14   0.4688616518
4   14   7   8   0.0000000000
4   14   7   9   -0.0109746418
4   14   7   11   0.0459524615
5   8   1   8   0.0666847117
5   8   1   9   -0.0000000000
5   8   1   10   -0.0038656886
5   8   1   11   -0.0000000000
5   8   1   12   0.0167935483
5   8   2   8   -0.0000000000
5   8   2   9   0.0552543648
5   8   2   11   0.0140130028
5   8   3   8   0.0696763049
5   8   3   10   0.0070109012
5   8   3   12   0.0156153120
5   8   4   8   -0.0000000000
5   8   4   9   0.2347767489
5   8   4   10   0.0000000000
5   8   4   11   -0.0014600705
5   8   4   12   0.0000000000
5   8   5   8   0.6698783929
5   8   5   10   -0.0073236682
5   8   5   12   -0.0010118973
5   8   6   13   -0.0031632084
5   8   7   14   -0.0031632084
5   9   1   8   -0.0000000000
5   9   1   9   0.0666926534
5   9   1   11   0.0142609378
5   9   2   8   0.0552542113
5   9   2   9   0.0000000000
5   9   2   10   -0.0041659019
5   9   2   11   0.0000000000
5   9   2   12   0.0161364906
5   9   3   9   0.0696394587
5   9   3   11   0.0053789358
5   9   3   12   0.0000000000
5   9   4   8   0.2347836303
5   9   4   9   0.0000000000
5   9   4   10   -0.0112952844
5   9   4   12   -0.0148238273
5   9   5   9   0.6698809786
5   9   5   11   0.0052395351
5   10   1   8   -0.0043041185
5   10   1   10   0.0222298923
5   10   1   12   0.0156153120
5   10   2   9   -0.0046148570
5   10   2   10   0.0000000000
5   10   2   11   0.0017571399
5   10   2   12   0.0000000000
5   10   3   8   0.0067066910
5   10   3   10   0.1175130744
5   10   3   12   0.0708575110
5   10   4   8   0.0000000000
5   10   4   9   -0.0110789672
5   10   4   11   -0.1065920603
5   10   5   8   -0.0073236682
5   10   5   10   0.5336083457
5   10   5   12   0.0240151698
5   10   6   13   -0.0080452950
5   10   7   14   -0.0080452950
5   11   1   8   -0.0000000000
5   11   1   9   0.0134756087
5   11   1   11   -0.0041530920
5   11   1   12   0.0000000000
5   11   2   8   0.0132315906
5   11   2   9   0.0000000000
5   11   2   10   0.0013783575
5   11   2   12   -0.0148238273
5   11   3   9   0.0052392299
5   11   3   11   0.0003722214
5   11   4   8   -0.0012600753
5   11   4   10   -0.1053186748
5   11   4   12   0.1737361014
5   11   5   9   0.0052395351
5   11   5   11   0.5129717352
5   12   1   8   0.0154886389
5   12   1   10   0.0152479003
5   12   1   11   0.0000000000
5   12   1   12   -0.0010118973
5   12   2   9   0.0148066310
5   12   2   10   0.0000000000
5   12   2   11   -0.0146266511
5   12   3   8   0.0152479003
5   12   3   9   0.0000000000
5   12   3   10   0.0686621401
5   12   3   12   0.0240151698
5   12   4   8   0.0000000000
5   12   4   9   -0.0146266511
5   12   4   11   0.1739669100
5   12   5   8   -0.0010118973
5   12   5   10   0.0240151698
5   12   5   12   0.5360666881
5   12   6   13   0.0182596931
5   12   7   14   0.0182596931
5   13   1   13   0.0079460388
5   13   3   13   0.0497268338
5   13   5   13   0.4723329103
5   13   6   8   -0.0034036805
5   13   6   10   -0.0082284698
5   13   6   12   0.0204070750
5   14   1   14   0.0079460388
5   14   3   14   0.0497268338
5   14   5   14   0.4723329103
5   14   7   8   -0.0034036805
5   14   7   10   -0.0082284698
5   14   7   12   0.0204070750
6   8   1   13   0.0115114239
6   8   3   13   0.0142675402
6   8   4   13   0.0000000000
6   8   5   13   -0.0034036805
6   8   6   8   0.6329696230
6   8   6   10   -0.0019943117
6   8   6   12   0.0079460388
6   9   2   13   0.0112096672
6   9   3   13   0.0000000000
6   9   4   13   -0.0109746418
6   9   6   9   0.6329664517
6   9   6   11   0.0069683023
6   10   1   13   0.0142675402
6   10   2   13   0.0000000000
6   10   3   13   0.0838894754
6   10   5   13   -0.0082284698
6   10   6   8   -0.0019943117
6   10   6   10   0.5570077684
6   10   6   12   0.0497268338
6   11   1   13   0.0000000000
6   11   2   13   -0.0109746418
6   11   4   13   0.0459524615
6   11   6   9   0.0069683023
6   11   6   11   0.4688616518
6   12   1   13   -0.0034036805
6   12   3   13   -0.0082284698
6   12   5   13   0.0204070750
6   12   6   8   0.0079460388
6   12   6   10   0.0497268338
6   12   6   12   0.4723329103
6   13   1   8   0.0102152123
6   13   1   10   0.0138410946
6   13   1   12   -0.0031632084
6   13   2   9   0.0098931828
6   13   2   10   0.0000000000
6   13   2   11   -0.0104638574
6   13   3   8   0.0138410946
6   13   3   9   0.0000000000
6   13   3   10   0.0817242309
6   13   3   12   -0.0080452950
6   13   4   9   -0.0104638574
6   13   4   11   0.0438557212
6   13   5   8   -0.0031632084
6   13   5   10   -0.0080452950
6   13   5   12   0.0182596931
6   13   6   13   0.5121039472
6   13   7   14   0.0168368673
6   14   6   14   0.4765892320
6   14   7   13   0.0186778480
7   8   1   14   0.0115114239
7   8   3   14   0.0142675402
7   8   4   14   0.0000000000
7   8   5   14   -0.0034036805
7   8   7   8   0.6329696230
7   8   7   10   -0.0019943117
7   8   7   12   0.0079460388
7   9   2   14   0.0112096672
7   9   3   14   0.0000000000
7   9   4   14   -0.0109746418
7   9   7   9   0.6329664517
7   9   7   11   0.0069683023
7   10   1   14   0.0142675402
7   10   2   14   0.0000000000
7   10   3   14   0.0838894754
7   10   5   14   -0.0082284698
7   10   7   8   -0.0019943117
7   10   7   10   0.5570077684
7   10   7   12   0.0497268338
7   11   1   14   0.0000000000
7   11   2   14   -0.0109746418
7   11   4   14   0.0459524615
7   11   7   9   0.0069683023
7   11   7   11   0.4688616518
7   12   1   14   -0.0034036805
7   12   3   14   -0.0082284698
7   12   5   14   0.0204070750
7   12   7   8   0.0079460388
7   12   7   10   0.0497268338
7   12   7   12   0.4723329103
7   13   6   14   0.0186778480
7   13   7   13   0.4765892320
7   14   1   8   0.0102152123
7   14   1   10   0.0138410946
7   14   1   12   -0.0031632084
7   14   2   9   0.0098931828
7   14   2   10   0.0000000000
7   14   2   11   -0.0104638574
7   14   3   8   0.0138410946
7   14   3   9   0.0000000000
7   14   3   10   0.0817242309
7   14   3   12   -0.0080452950
7   14   4   9   -0.0104638574
7   14   4   11   0.0438557212
7   14   5   8   -0.0031632084
7   14   5   10   -0.0080452950
7   14   5   12   0.0182596931
7   14   6   13   0.0168368673
7   14   7   14   0.5121039472

End IJKL Block
Begin IJAB Block
1   8   1   7   0.0128107214
1   8   1   11   -0.0000000000
1   8   1   12   -0.0000000000
1   8   2   8   0.0128107214
1   8   2   11   0.0000000000
1   8   2   12   -0.0000000000
1   8   3   9   0.0190733600
1   8   3   10   -0.0000000000
1   8   4   9   -0.0000000000
1   8   4   10   0.0135783149
1   8   5   7   -0.0000000000
1   8   5   8   0.0000000000
1   8   5   11   0.0211493798
1   8   6   7   -0.0000000000
1   8   6   8   -0.0000000000
1   8   6   12   0.0211493798
1   9   1   11   0.0123226327
1   9   1   12   0.0107793952
1   9   2   11   -0.0107793952
1   9   2   12   0.0123226327
1   9   3   10   0.0075468136
1   9   4   9   0.0078468013
1   9   5   7   0.0125481277
1   9   5   8   -0.0109766501
1   9   6   7   0.0109766501
1   9   6   8   0.0125481277
1   10   1   7   0.0116152952
1   10   2   8   0.0116152952
1   10   3   9   0.0028701719
1   10   4   10   0.0080398742
1   10   5   11   0.0108983751
1   10   6   12   0.0108983751
1   11   1   7   0.0000000000
1   11   1   11   -0.0066602618
1   11   1   12   -0.0058261571
1   11   2   8   0.0000000000
1   11   2   11   0.0058261571
1   11   2   12   -0.0066602618
1   11   3   10   -0.0046263012
1   11   4   9   -0.0068792590
1   11   5   7   -0.0122563849
1   11   5   8   0.0107214440
1   11   6   7   -0.0107214440
1   11   6   8   -0.0122563849
1   12   1   7   -0.0060958335
1   12   2   8   -0.0060958335
1   12   3   9   -0.0008486152
1   12   4   10   0.0030758698
1   12   5   11   -0.0020154099
1   12   6   12   -0.0020154099
1   13   1   9   0.0057487528
1   13   2   9   0.0057569596
1   13   3   7   -0.0022718290
1   13   3   8   -0.0022750722
1   13   4   11   0.0001914585
1   13   4   12   0.0028971770
1   13   5   10   -0.0002131050
1   13   6   10   -0.0032247342
1   14   1   9   0.0057569596
1   14   2   9   -0.0057487528
1   14   3   7   -0.0022750722
1   14   3   8   0.0022718290
1   14   4   11   0.0028971770
1   14   4   12   -0.0001914585
1   14   5   10   -0.0032247342
1   14   6   10   0.0002131050
2   8   1   11   0.0125481277
2   8   1   12   0.0109766501
2   8   2   11   -0.0109766501
2   8   2   12   0.0125481277
2   8   3   10   0.0078468013
2   8   4   9   0.0075468136
2   8   5   7   0.0123226327
2   8   5   8   -0.0107793952
2   8   6   7   0.0107793952
2   8   6   8   0.0123226327
2   9   1   7   0.0130433485
2   9   1   11   0.0000000000
2   9   1   12   0.0000000000
2   9   2   8   0.0130433485
2   9   2   11   -0.0000000000
2   9   2   12   0.0000000000
2   9   3   9   0.0192467846
2   9   3   10   0.0000000000
2   9   4   9   0.0000000000
2   9   4   10   0.0131148974
2   9   5   7   0.0000000000
2   9   5   8   -0.0000000000
2   9   5   11   0.0207791786
2   9   6   7   0.0000000000
2   9   6   8   0.0000000000
2   9   6   12   0.0207791786
2   10   1   7   0.0000000000
2   10   1   11   0.0069334913
2   10   1   12   0.0060651685
2   10   2   8   0.0000000000
2   10   2   11   -0.0060651685
2   10   2   12   0.0069334913
2   10   3   10   0.0047501624
2   10   4   9   0.0069572157
2   10   5   7   0.0099232063
2   10   5   8   -0.0086804635
2   10   5   11   0.0000000000
2   10   6   7   0.0086804635
2   10   6   8   0.0099232063
2   10   6   12   0.0000000000
2   11   1   7   -0.0146807636
2   11   2   8   -0.0146807636
2   11   3   9   -0.0030875049
2   11   4   10   -0.0044444698
2   11   5   7   -0.0000000000
2   11   5   11   -0.0099502653
2   11   6   8   -0.0000000000
2   11   6   12   -0.0099502653
2   12   1   11   -0.0014186388
2   12   1   12   -0.0012409741
2   12   2   11   0.0012409741
2   12   2   12   -0.0014186388
2   12   3   10   -0.0014054915
2   12   4   9   -0.0000315333
2   12   5   7   -0.0047884055
2   12   5   8   0.0041887246
2   12   6   7   -0.0041887246
2   12   6   8   -0.0047884055
2   13   1   10   -0.0022014555
2   13   2   10   -0.0022045983
2   13   3   11   -0.0000811419
2   13   3   12   -0.0012278507
2   13   4   7   -0.0024709303
2   13   4   8   -0.0024744577
2   13   5   9   0.0005811220
2   13   6   9   0.0087936180
2   14   1   10   -0.0022045983
2   14   2   10   0.0022014555
2   14   3   11   -0.0012278507
2   14   3   12   0.0000811419
2   14   4   7   -0.0024744577
2   14   4   8   0.0024709303
2   14   5   9   0.0087936180
2   14   6   9   -0.0005811220
3   8   1   7   0.0116152952
3   8   2   8   0.0116152952
3   8   3   9   0.0028701719
3   8   4   10   0.0080398742
3   8   5   11   0.0108983751
3   8   6   12   0.0108983751
3   9   1   7   0.0000000000
3   9   1   11   0.0099232063
3   9   1   12   0.0086804635
3   9   2   8   0.0000000000
3   9   2   11   -0.0086804635
3   9   2   12   0.0099232063
3   9   3   10   0.0069572157
3   9   4   9   0.0047501624
3   9   5   7   0.0069334913
3   9   5   8   -0.0060651685
3   9   5   11   0.0000000000
3   9   6   7   0.0060651685
3   9   6   8   0.0069334913
3   9   6   12   0.0000000000
3   10   1   7   0.0431717308
3   10   2   8   0.0431717308
3   10   3   9   0.0756249468
3   10   4   10   0.0300034779
3   10   5   11   0.0229707246
3   10   6   12   0.0229707246
3   11   1   11   -0.0145519278
3   11   1   12   -0.0127295023
3   11   2   11   0.0127295023
3   11   2   12   -0.0145519278
3   11   3   10   0.0105162035
3   11   4   9   -0.0055541888
3   11   5   7   -0.0153913143
3   11   5   8   0.0134637674
3   11   6   7   -0.0134637674
3   11   6   8   -0.0153913143
3   12   1   7   -0.0219695178
3   12   2   8   -0.0219695178
3   12   3   9   0.0348115478
3   12   4   10   0.0154325703
3   12   5   11   -0.0030270499
3   12   6   12   -0.0030270499
3   13   1   9   0.0216473427
3   13   2   9   0.0216782463
3   13   3   7   0.0490565006
3   13   3   8   0.0491265334
3   13   4   11   0.0010828402
3   13   4   12   0.0163856864
3   13   5   10   0.0000048276
3   13   6   10   0.0000730518
3   14   1   9   0.0216782463
3   14   2   9   -0.0216473427
3   14   3   7   0.0491265334
3   14   3   8   -0.0490565006
3   14   4   11   0.0163856864
3   14   4   12   -0.0010828402
3   14   5   10   0.0000730518
3   14   6   10   -0.0000048276
4   8   1   7   0.0000000000
4   8   1   11   -0.0122563849
4   8   1   12   -0.0107214440
4   8   2   8   0.0000000000
4   8   2   11   0.0107214440
4   8   2   12   -0.0122563849
4   8   3   10   -0.0068792590
4   8   4   9   -0.0046263012
4   8   5   7   -0.0066602618
4   8   5   8   0.0058261571
4   8   6   7   -0.0058261571
4   8   6   8   -0.0066602618
4   9   1   7   -0.0146807636
4   9   1   11   -0.0000000000
4   9   2   8   -0.0146807636
4   9   2   12   -0.0000000000
4   9   3   9   -0.0030875049
4   9   4   10   -0.0044444698
4   9   5   11   -0.0099502653
4   9   6   12   -0.0099502653
4   10   1   11   -0.0153913143
4   10   1   12   -0.0134637674
4   10   2   11   0.0134637674
4   10   2   12   -0.0153913143
4   10   3   10   -0.0055541888
4   10   4   9   0.0105162035
4   10   5   7   -0.0145519278
4   10   5   8   0.0127295023
4   10   6   7   -0.0127295023
4   10   6   8   -0.0145519278
4   11   1   7   0.0745727797
4   11   2   8   0.0745727797
4   11   3   9   0.0428058047
4   11   4   10   0.0230552252
4   11   5   11   0.0176116453
4   11   6   12   0.0176116453
4   12   1   11   0.0027917328
4   12   1   12   0.0024421073
4   12   2   11   -0.0024421073
4   12   2   12   0.0027917328
4   12   3   10   -0.0312806267
4   12   4   9   -0.0050613566
4   12   5   7   0.0071855185
4   12   5   8   -0.0062856327
4   12   6   7   0.0062856327
4   12   6   8   0.0071855185
4   13   1   10   0.0125896671
4   13   2   10   0.0126076401
4   13   3   11   -0.0017165461
4   13   3   12   -0.0259750127
4   13   4   7   0.0114650451
4   13   4   8   0.0114814125
4   13   5   9   -0.0007472182
4   13   6   9   -0.0113070082
4   14   1   10   0.0126076401
4   14   2   10   -0.0125896671
4   14   3   11   -0.0259750127
4   14   3   12   0.0017165461
4   14   4   7   0.0114814125
4   14   4   8   -0.0114650451
4   14   5   9   -0.0113070082
4   14   6   9   0.0007472182
5   8   1   7   -0.0060958335
5   8   2   8   -0.0060958335
5   8   3   9   -0.0008486152
5   8   4   10   0.0030758698
5   8   5   11   -0.0020154099
5   8   6   12   -0.0020154099
5   9   1   11   -0.0047884055
5   9   1   12   -0.0041887246
5   9   2   11   0.0041887246
5   9   2   12   -0.0047884055
5   9   3   10   -0.0000315333
5   9   4   9   -0.0014054915
5   9   5   7   -0.0014186388
5   9   5   8   0.0012409741
5   9   6   7   -0.0012409741
5   9   6   8   -0.0014186388
5   10   1   7   -0.0219695178
5   10   2   8   -0.0219695178
5   10   3   9   0.0348115478
5   10   4   10   0.0154325703
5   10   5   11   -0.0030270499
5   10   6   12   -0.0030270499
5   11   1   11   0.0071855185
5   11   1   12   0.0062856327
5   11   2   11   -0.0062856327
5   11   2   12   0.0071855185
5   11   3   10   -0.0050613566
5   11   4   9   -0.0312806267
5   11   5   7   0.0027917328
5   11   5   8   -0.0024421073
5   11   6   7   0.0024421073
5   11   6   8   0.0027917328
5   12   1   7   0.0363061863
5   12   2   8   0.0363061863
5   12   3   9   0.0644911389
5   12   4   10   0.0593400345
5   12   5   11   0.0094235175
5   12   6   12   0.0094235175
5   13   1   9   -0.0008004440
5   13   2   9   -0.0008015867
5   13   3   7   0.0443113798
5   13   3   8   0.0443746385
5   13   4   11   0.0028892945
5   13   4   12   0.0437212020
5   13   5   10   0.0002543439
5   13   6   10   0.0038487675
5   14   1   9   -0.0008015867
5   14   2   9   0.0008004440
5   14   3   7   0.0443746385
5   14   3   8   -0.0443113798
5   14   4   11   0.0437212020
5   14   4   12   -0.0028892945
5   14   5   10   0.0038487675
5   14   6   10   -0.0002543439
6   8   1   9   -0.0022718290
6   8   2   9   -0.0022750722
6   8   3   7   0.0057487528
6   8   3   8   0.0057569596
6   8   4   11   -0.0002131050
6   8   4   12   -0.0032247342
6   8   5   10   0.0001914585
6   8   6   10   0.0028971770
6   9   1   10   -0.0024709303
6   9   2   10   -0.0024744577
6   9   3   11   0.0005811220
6   9   3   12   0.0087936180
6   9   4   7   -0.0022014555
6   9   4   8   -0.0022045983
6   9   5   9   -0.0000811419
6   9   6   9   -0.0012278507
6   10   1   9   0.0490565006
6   10   2   9   0.0491265334
6   10   3   7   0.0216473427
6   10   3   8   0.0216782463
6   10   4   11   0.0000048276
6   10   4   12   0.0000730518
6   10   5   10   0.0010828402
6   10   6   10   0.0163856864
6   11   1   10   0.0114650451
6   11   2   10   0.0114814125
6   11   3   11   -0.0007472182
6   11   3   12   -0.0113070082
6   11   4   7   0.0125896671
6   11   4   8   0.0126076401
6   11   5   9   -0.0017165461
6   11   6   9   -0.0259750127
6   12   1   9   0.0443113798
6   12   2   9   0.0443746385
6   12   3   7   -0.0008004440
6   12   3   8   -0.0008015867
6   12   4   11   0.0002543439
6   12   4   12   0.0038487675
6   12   5   10   0.0028892945
6   12   6   10   0.0437212020
6   13   1   7   0.0831098551
6   13   1   8   0.0644785025
6   13   2   7   0.0644785025
6   13   2   8   0.0832938221
6   13   3   9   0.0252025268
6   13   4   10   0.0140242456
6   13   5   11   0.0065117436
6   13   5   12   0.0038912205
6   13   6   11   0.0038912205
6   13   6   12   0.0651370789
6   14   1   7   0.0644785025
6   14   1   8   -0.0480297494
6   14   2   7   0.0482137164
6   14   2   8   -0.0644785025
6   14   5   11   0.0038912205
6   14   5   12   0.0075244423
6   14   6   11   0.0511008930
6   14   6   12   -0.0038912205
7   8   1   9   -0.0022750722
7   8   2   9   0.0022718290
7   8   3   7   0.0057569596
7   8   3   8   -0.0057487528
7   8   4   11   -0.0032247342
7   8   4   12   0.0002131050
7   8   5   10   0.0028971770
7   8   6   10   -0.0001914585
7   9   1   10   -0.0024744577
7   9   2   10   0.0024709303
7   9   3   11   0.0087936180
7   9   3   12   -0.0005811220
7   9   4   7   -0.0022045983
7   9   4   8   0.0022014555
7   9   5   9   -0.0012278507
7   9   6   9   0.0000811419
7   10   1   9   0.0491265334
7   10   2   9   -0.0490565006
7   10   3   7   0.0216782463
7   10   3   8   -0.0216473427
7   10   4   11   0.0000730518
7   10   4   12   -0.0000048276
7   10   5   10   0.0163856864
7   10   6   10   -0.0010828402
7   11   1   10   0.0114814125
7   11   2   10   -0.0114650451
7   11   3   11   -0.0113070082
7   11   3   12   0.0007472182
7   11   4   7   0.0126076401
7   11   4   8   -0.0125896671
7   11   5   9   -0.0259750127
7   11   6   9   0.0017165461
7   12   1   9   0.0443746385
7   12   2   9   -0.0443113798
7   12   3   7   -0.0008015867
7   12   3   8   0.0008004440
7   12   4   11   0.0038487675
7   12   4   12   -0.0002543439
7   12   5   10   0.0437212020
7   12   6   10   -0.0028892945
7   13   1   7   0.0644785025
7   13   1   8   0.0482137164
7   13   2   7   -0.0480297494
7   13   2   8   -0.0644785025
7   13   5   11   0.0038912205
7   13   5   12   0.0511008930
7   13   6   11   0.0075244423
7   13   6   12   -0.0038912205
7   14   1   7   0.0832938221
7   14   1   8   -0.0644785025
7   14   2   7   -0.0644785025
7   14   2   8   0.0831098551
7   14   3   9   0.0252025268
7   14   4   10   0.0140242456
7   14   5   11   0.0651370789
7   14   5   12   -0.0038912205
7   14   6   11   -0.0038912205
7   14   6   12   0.0065117436

End IJAB Block
Begin ABCD Block
1   7   1   7   0.4869957224
1   7   2   8   0.0186114783
1   7   3   9   0.0258232144
1   7   4   10   0.0083494143
1   7   5   11   0.0373497378
1   7   5   12   0.0263179310
1   7   6   11   0.0263179310
1   7   6   12   0.0302859652
1   8   1   8   0.4497727659
1   8   2   7   0.0186114783
1   8   5   11   -0.0263179310
1   8   5   12   0.0228217636
1   8   6   11   -0.0157579910
1   8   6   12   0.0263179310
1   9   1   9   0.4171833664
1   9   3   7   0.0258232144
1   9   4   11   0.0014635155
1   9   4   12   0.0012802306
1   9   5   10   0.0105637752
1   9   6   10   0.0092408100
1   10   1   10   0.3883927382
1   10   3   11   0.0069461137
1   10   3   12   0.0060762100
1   10   4   7   0.0083494143
1   10   5   9   0.0105637752
1   10   6   9   0.0092408100
1   11   1   11   0.4282117234
1   11   1   12   0.0137609390
1   11   2   11   -0.0137609390
1   11   2   12   0.0018467284
1   11   3   10   0.0069461137
1   11   4   9   0.0014635155
1   11   5   7   0.0373497378
1   11   5   8   -0.0263179310
1   11   6   7   0.0263179310
1   11   6   8   -0.0157579910
1   12   1   11   0.0137609390
1   12   1   12   0.4245182665
1   12   2   11   0.0018467284
1   12   2   12   0.0137609390
1   12   3   10   0.0060762100
1   12   4   9   0.0012802306
1   12   5   7   0.0263179310
1   12   5   8   0.0228217636
1   12   6   7   0.0302859652
1   12   6   8   0.0263179310
2   7   1   8   0.0186114783
2   7   2   7   0.4497727659
2   7   5   11   -0.0263179310
2   7   5   12   -0.0157579910
2   7   6   11   0.0228217636
2   7   6   12   0.0263179310
2   8   1   7   0.0186114783
2   8   2   8   0.4869957224
2   8   3   9   0.0258232144
2   8   4   10   0.0083494143
2   8   5   11   0.0302859652
2   8   5   12   -0.0263179310
2   8   6   11   -0.0263179310
2   8   6   12   0.0373497378
2   9   2   9   0.4171833664
2   9   3   8   0.0258232144
2   9   4   11   -0.0012802306
2   9   4   12   0.0014635155
2   9   5   10   -0.0092408100
2   9   6   10   0.0105637752
2   10   2   10   0.3883927382
2   10   3   11   -0.0060762100
2   10   3   12   0.0069461137
2   10   4   8   0.0083494143
2   10   5   9   -0.0092408100
2   10   6   9   0.0105637752
2   11   1   11   -0.0137609390
2   11   1   12   0.0018467284
2   11   2   11   0.4245182665
2   11   2   12   -0.0137609390
2   11   3   10   -0.0060762100
2   11   4   9   -0.0012802306
2   11   5   7   -0.0263179310
2   11   5   8   0.0302859652
2   11   6   7   0.0228217636
2   11   6   8   -0.0263179310
2   12   1   11   0.0018467284
2   12   1   12   0.0137609390
2   12   2   11   -0.0137609390
2   12   2   12   0.4282117234
2   12   3   10   0.0069461137
2   12   4   9   0.0014635155
2   12   5   7   -0.0157579910
2   12   5   8   -0.0263179310
2   12   6   7   0.0263179310
2   12   6   8   0.0373497378
3   7   1   9   0.0258232144
3   7   3   7   0.4171833664
3   7   4   11   0.0105637752
3   7   4   12   0.0092408100
3   7   5   10   0.0014635155
3   7   6   10   0.0012802306
3   8   2   9   0.0258232144
3   8   3   8   0.4171833664
3   8   4   11   -0.0092408100
3   8   4   12   0.0105637752
3   8   5   10   -0.0012802306
3   8   6   10   0.0014635155
3   9   1   7   0.0258232144
3   9   2   8   0.0258232144
3   9   3   9   0.4186420369
3   9   4   10   0.0634756805
3   9   5   11   0.0139160497
3   9   6   12   0.0139160497
3   10   1   11   0.0069461137
3   10   1   12   0.0060762100
3   10   2   11   -0.0060762100
3   10   2   12   0.0069461137
3   10   3   10   0.3870770908
3   10   4   9   0.0634756805
3   10   5   7   0.0014635155
3   10   5   8   -0.0012802306
3   10   6   7   0.0012802306
3   10   6   8   0.0014635155
3   11   1   10   0.0069461137
3   11   2   10   -0.0060762100
3   11   3   11   0.3871266170
3   11   4   7   0.0105637752
3   11   4   8   -0.0092408100
3   11   5   9   0.0139160497
3   12   1   10   0.0060762100
3   12   2   10   0.0069461137
3   12   3   12   0.3871266170
3   12   4   7   0.0092408100
3   12   4   8   0.0105637752
3   12   6   9   0.0139160497
4   7   1   10   0.0083494143
4   7   3   11   0.0105637752
4   7   3   12   0.0092408100
4   7   4   7   0.3883927382
4   7   5   9   0.0069461137
4   7   6   9   0.0060762100
4   8   2   10   0.0083494143
4   8   3   11   -0.0092408100
4   8   3   12   0.0105637752
4   8   4   8   0.3883927382
4   8   5   9   -0.0060762100
4   8   6   9   0.0069461137
4   9   1   11   0.0014635155
4   9   1   12   0.0012802306
4   9   2   11   -0.0012802306
4   9   2   12   0.0014635155
4   9   3   10   0.0634756805
4   9   4   9   0.3870770908
4   9   5   7   0.0069461137
4   9   5   8   -0.0060762100
4   9   6   7   0.0060762100
4   9   6   8   0.0069461137
4   10   1   7   0.0083494143
4   10   2   8   0.0083494143
4   10   3   9   0.0634756805
4   10   4   10   0.3714684283
4   10   5   11   0.0134397611
4   10   6   12   0.0134397611
4   11   1   9   0.0014635155
4   11   2   9   -0.0012802306
4   11   3   7   0.0105637752
4   11   3   8   -0.0092408100
4   11   4   11   0.3659295166
4   11   5   10   0.0134397611
4   12   1   9   0.0012802306
4   12   2   9   0.0014635155
4   12   3   7   0.0092408100
4   12   3   8   0.0105637752
4   12   4   12   0.3659295166
4   12   6   10   0.0134397611
5   7   1   11   0.0373497378
5   7   1   12   0.0263179310
5   7   2   11   -0.0263179310
5   7   2   12   -0.0157579910
5   7   3   10   0.0014635155
5   7   4   9   0.0069461137
5   7   5   7   0.4282117234
5   7   5   8   -0.0137609390
5   7   6   7   0.0137609390
5   7   6   8   0.0018467284
5   8   1   11   -0.0263179310
5   8   1   12   0.0228217636
5   8   2   11   0.0302859652
5   8   2   12   -0.0263179310
5   8   3   10   -0.0012802306
5   8   4   9   -0.0060762100
5   8   5   7   -0.0137609390
5   8   5   8   0.4245182665
5   8   6   7   0.0018467284
5   8   6   8   -0.0137609390
5   9   1   10   0.0105637752
5   9   2   10   -0.0092408100
5   9   3   11   0.0139160497
5   9   4   7   0.0069461137
5   9   4   8   -0.0060762100
5   9   5   9   0.3871266170
5   10   1   9   0.0105637752
5   10   2   9   -0.0092408100
5   10   3   7   0.0014635155
5   10   3   8   -0.0012802306
5   10   4   11   0.0134397611
5   10   5   10   0.3659295166
5   11   1   7   0.0373497378
5   11   1   8   -0.0263179310
5   11   2   7   -0.0263179310
5   11   2   8   0.0302859652
5   11   3   9   0.0139160497
5   11   4   10   0.0134397611
5   11   5   11   0.4255919184
5   11   6   12   0.0159045752
5   12   1   7   0.0263179310
5   12   1   8   0.0228217636
5   12   2   7   -0.0157579910
5   12   2   8   -0.0263179310
5   12   5   12   0.3937827681
5   12   6   11   0.0159045752
6   7   1   11   0.0263179310
6   7   1   12   0.0302859652
6   7   2   11   0.0228217636
6   7   2   12   0.0263179310
6   7   3   10   0.0012802306
6   7   4   9   0.0060762100
6   7   5   7   0.0137609390
6   7   5   8   0.0018467284
6   7   6   7   0.4245182665
6   7   6   8   0.0137609390
6   8   1   11   -0.0157579910
6   8   1   12   0.0263179310
6   8   2   11   -0.0263179310
6   8   2   12   0.0373497378
6   8   3   10   0.0014635155
6   8   4   9   0.0069461137
6   8   5   7   0.0018467284
6   8   5   8   -0.0137609390
6   8   6   7   0.0137609390
6   8   6   8   0.4282117234
6   9   1   10   0.0092408100
6   9   2   10   0.0105637752
6   9   3   12   0.0139160497
6   9   4   7   0.0060762100
6   9   4   8   0.0069461137
6   9   6   9   0.3871266170
6   10   1   9   0.0092408100
6   10   2   9   0.0105637752
6   10   3   7   0.0012802306
6   10   3   8   0.0014635155
6   10   4   12   0.0134397611
6   10   6   10   0.3659295166
6   11   1   7   0.0263179310
6   11   1   8   -0.0157579910
6   11   2   7   0.0228217636
6   11   2   8   -0.0263179310
6   11   5   12   0.0159045752
6   11   6   11   0.3937827681
6   12   1   7   0.0302859652
6   12   1   8   0.0263179310
6   12   2   7   0.0263179310
6   12   2   8   0.0373497378
6   12   3   9   0.0139160497
6   12   4   10   0.0134397611
6   12   5   11   0.0159045752
6   12   6   12   0.4255919184

End ABCD Block
Begin AIJB Block
1   8   1   7   0.0125305246
1   8   1   11   -0.0000000000
1   8   1   12   -0.0000000000
1   8   2   11   0.0122281469
1   8   2   12   0.0106967425
1   8   3   7   0.0111851483
1   8   4   7   0.0000000000
1   8   4   11   -0.0122003297
1   8   4   12   -0.0106724089
1   8   5   7   -0.0058986677
1   8   6   9   -0.0028038718
1   8   7   9   -0.0028078746
1   9   1   11   0.0120049075
1   9   1   12   0.0105014607
1   9   2   7   0.0127693516
1   9   2   11   0.0000000000
1   9   2   12   0.0000000000
1   9   3   7   0.0000000000
1   9   3   11   0.0097556242
1   9   3   12   0.0085338687
1   9   4   7   -0.0142430411
1   9   4   11   -0.0000000000
1   9   5   11   -0.0047314415
1   9   5   12   -0.0041388946
1   9   6   10   -0.0023004946
1   9   7   10   -0.0023037787
1   10   1   7   0.0111851483
1   10   2   7   0.0000000000
1   10   2   11   0.0066580046
1   10   2   12   0.0058241826
1   10   3   7   0.0403544302
1   10   4   11   -0.0139377946
1   10   4   12   -0.0121922807
1   10   5   7   -0.0204274268
1   10   6   9   0.0486513435
1   10   7   9   0.0487207978
1   11   1   7   0.0000000000
1   11   1   11   -0.0062478468
1   11   1   12   -0.0054653913
1   11   2   7   -0.0142430411
1   11   3   11   -0.0121426631
1   11   3   12   -0.0106219643
1   11   4   7   0.0708156608
1   11   5   11   0.0057399879
1   11   5   12   0.0050211347
1   11   6   10   0.0114233961
1   11   7   10   0.0114397041
1   12   1   7   -0.0058986677
1   12   2   11   -0.0012700787
1   12   2   12   -0.0011110191
1   12   3   7   -0.0204274268
1   12   4   11   0.0011029624
1   12   4   12   0.0009648318
1   12   5   7   0.0316565473
1   12   6   9   0.0440735779
1   12   7   9   0.0441364971
1   13   1   9   0.0052864879
1   13   2   10   -0.0021846123
1   13   3   9   0.0187066127
1   13   4   10   0.0124629088
1   13   5   9   -0.0019615663
1   13   6   7   0.0819678880
1   13   6   8   0.0660769863
1   13   7   7   0.0660769863
1   13   7   8   0.0504079747
1   14   1   9   0.0052940348
1   14   2   10   -0.0021877310
1   14   3   9   0.0187333181
1   14   4   10   0.0124807008
1   14   5   9   -0.0019643666
1   14   6   7   0.0660769863
1   14   6   8   -0.0502194470
1   14   7   7   0.0821564158
1   14   7   8   -0.0660769863
2   8   1   8   0.0125305246
2   8   1   11   0.0000000000
2   8   1   12   -0.0000000000
2   8   2   11   -0.0106967425
2   8   2   12   0.0122281469
2   8   3   8   0.0111851483
2   8   4   8   0.0000000000
2   8   4   11   0.0106724089
2   8   4   12   -0.0122003297
2   8   5   8   -0.0058986677
2   8   6   9   -0.0028078746
2   8   7   9   0.0028038718
2   9   1   11   -0.0105014607
2   9   1   12   0.0120049075
2   9   2   8   0.0127693516
2   9   2   11   -0.0000000000
2   9   2   12   0.0000000000
2   9   3   8   0.0000000000
2   9   3   11   -0.0085338687
2   9   3   12   0.0097556242
2   9   4   8   -0.0142430411
2   9   4   12   -0.0000000000
2   9   5   11   0.0041388946
2   9   5   12   -0.0047314415
2   9   6   10   -0.0023037787
2   9   7   10   0.0023004946
2   10   1   8   0.0111851483
2   10   2   8   0.0000000000
2   10   2   11   -0.0058241826
2   10   2   12   0.0066580046
2   10   3   8   0.0403544302
2   10   4   11   0.0121922807
2   10   4   12   -0.0139377946
2   10   5   8   -0.0204274268
2   10   6   9   0.0487207978
2   10   7   9   -0.0486513435
2   11   1   8   0.0000000000
2   11   1   11   0.0054653913
2   11   1   12   -0.0062478468
2   11   2   8   -0.0142430411
2   11   3   11   0.0106219643
2   11   3   12   -0.0121426631
2   11   4   8   0.0708156608
2   11   5   11   -0.0050211347
2   11   5   12   0.0057399879
2   11   6   10   0.0114397041
2   11   7   10   -0.0114233961
2   12   1   8   -0.0058986677
2   12   2   11   0.0011110191
2   12   2   12   -0.0012700787
2   12   3   8   -0.0204274268
2   12   4   11   -0.0009648318
2   12   4   12   0.0011029624
2   12   5   8   0.0316565473
2   12   6   9   0.0441364971
2   12   7   9   -0.0440735779
2   13   1   9   0.0052940348
2   13   2   10   -0.0021877310
2   13   3   9   0.0187333181
2   13   4   10   0.0124807008
2   13   5   9   -0.0019643666
2   13   6   7   0.0660769863
2   13   6   8   0.0821564158
2   13   7   7   -0.0502194470
2   13   7   8   -0.0660769863
2   14   1   9   -0.0052864879
2   14   2   10   0.0021846123
2   14   3   9   -0.0187066127
2   14   4   10   -0.0124629088
2   14   5   9   0.0019615663
2   14   6   7   0.0504079747
2   14   6   8   -0.0660769863
2   14   7   7   -0.0660769863
2   14   7   8   0.0819678880
3   8   1   9   0.0184650200
3   8   1   10   -0.0000000000
3   8   2   10   0.0073345004
3   8   3   9   0.0018693741
3   8   4   10   -0.0067494919
3   8   5   9   -0.0013773338
3   8   6   7   0.0052864879
3   8   6   8   0.0052940348
3   8   7   7   0.0052940348
3   8   7   8   -0.0052864879
3   9   1   10   0.0070290127
3   9   2   9   0.0186862794
3   9   2   10   0.0000000000
3   9   3   10   0.0068106507
3   9   4   9   -0.0031693329
3   9   5   10   0.0000976189
3   9   6   11   0.0005868705
3   9   6   12   0.0088806047
3   9   7   11   0.0088806047
3   9   7   12   -0.0005868705
3   10   1   9   0.0018693741
3   10   2   10   0.0045122937
3   10   3   9   0.0667248996
3   10   4   10   -0.0056213192
3   10   5   9   0.0315132880
3   10   6   7   0.0187066127
3   10   6   8   0.0187333181
3   10   7   7   0.0187333181
3   10   7   8   -0.0187066127
3   11   1   10   -0.0043816181
3   11   2   9   -0.0031693329
3   11   3   10   0.0115017217
3   11   4   9   0.0424734212
3   11   5   10   -0.0066566020
3   11   6   11   -0.0007811027
3   11   6   12   -0.0118197540
3   11   7   11   -0.0118197540
3   11   7   12   0.0007811027
3   12   1   9   -0.0013773338
3   12   2   10   -0.0012144923
3   12   3   9   0.0315132880
3   12   4   10   -0.0337188788
3   12   5   9   0.0609033736
3   12   6   7   -0.0019615663
3   12   6   8   -0.0019643666
3   12   7   7   -0.0019643666
3   12   7   8   0.0019615663
3   13   1   7   -0.0028038718
3   13   1   8   -0.0028078746
3   13   2   11   -0.0000832775
3   13   2   12   -0.0012601665
3   13   3   7   0.0486513435
3   13   3   8   0.0487207978
3   13   4   11   -0.0017900738
3   13   4   12   -0.0270876440
3   13   5   7   0.0440735779
3   13   5   8   0.0441364971
3   13   6   9   0.0238508158
3   14   1   7   -0.0028078746
3   14   1   8   0.0028038718
3   14   2   11   -0.0012601665
3   14   2   12   0.0000832775
3   14   3   7   0.0487207978
3   14   3   8   -0.0486513435
3   14   4   11   -0.0270876440
3   14   4   12   0.0017900738
3   14   5   7   0.0441364971
3   14   5   8   -0.0440735779
3   14   7   9   0.0238508158
4   8   1   9   -0.0000000000
4   8   1   10   0.0131439933
4   8   2   9   0.0070290127
4   8   3   10   0.0076598988
4   8   4   9   -0.0043816181
4   8   5   10   0.0031225025
4   8   6   11   -0.0002211619
4   8   6   12   -0.0033466529
4   8   7   11   -0.0033466529
4   8   7   12   0.0002211619
4   9   1   9   0.0073345004
4   9   2   9   0.0000000000
4   9   2   10   0.0126887951
4   9   3   9   0.0045122937
4   9   4   10   -0.0041069198
4   9   5   9   -0.0012144923
4   9   6   7   -0.0021846123
4   9   6   8   -0.0021877310
4   9   7   7   -0.0021877310
4   9   7   8   0.0021846123
4   10   1   10   0.0076598988
4   10   2   9   0.0068106507
4   10   3   10   0.0285472869
4   10   4   9   0.0115017217
4   10   5   10   0.0171435004
4   10   6   11   0.0000095824
4   10   6   12   0.0001450023
4   10   7   11   0.0001450023
4   10   7   12   -0.0000095824
4   11   1   9   -0.0067494919
4   11   2   10   -0.0041069198
4   11   3   9   -0.0056213192
4   11   4   10   0.0206453303
4   11   5   9   -0.0337188788
4   11   6   7   0.0124629088
4   11   6   8   0.0124807008
4   11   7   7   0.0124807008
4   11   7   8   -0.0124629088
4   12   1   10   0.0031225025
4   12   2   9   0.0000976189
4   12   3   10   0.0171435004
4   12   4   9   -0.0066566020
4   12   5   10   0.0593169656
4   12   6   11   0.0002512888
4   12   6   12   0.0038025374
4   12   7   11   0.0038025374
4   12   7   12   -0.0002512888
4   13   1   11   0.0001796697
4   13   1   12   0.0027187862
4   13   2   7   -0.0023004946
4   13   2   8   -0.0023037787
4   13   3   11   0.0011763337
4   13   3   12   0.0178004444
4   13   4   7   0.0114233961
4   13   4   8   0.0114397041
4   13   5   11   0.0030522954
4   13   5   12   0.0461877540
4   13   6   10   0.0144162487
4   14   1   11   0.0027187862
4   14   1   12   -0.0001796697
4   14   2   7   -0.0023037787
4   14   2   8   0.0023004946
4   14   3   11   0.0178004444
4   14   3   12   -0.0011763337
4   14   4   7   0.0114397041
4   14   4   8   -0.0114233961
4   14   5   11   0.0461877540
4   14   5   12   -0.0030522954
4   14   7   10   0.0144162487
5   8   1   7   -0.0000000000
5   8   1   8   0.0000000000
5   8   1   11   0.0207729308
5   8   2   7   0.0120049075
5   8   2   8   -0.0105014607
5   8   3   11   0.0105847398
5   8   4   7   -0.0062478468
5   8   4   8   0.0054653913
5   8   5   11   -0.0017549655
5   8   6   10   0.0001796697
5   8   7   10   0.0027187862
5   9   1   7   0.0122281469
5   9   1   8   -0.0106967425
5   9   2   7   0.0000000000
5   9   2   8   -0.0000000000
5   9   2   11   0.0204064108
5   9   3   7   0.0066580046
5   9   3   8   -0.0058241826
5   9   4   11   -0.0097018079
5   9   5   7   -0.0012700787
5   9   5   8   0.0011110191
5   9   6   9   -0.0000832775
5   9   7   9   -0.0012601665
5   10   1   11   0.0105847398
5   10   2   7   0.0097556242
5   10   2   8   -0.0085338687
5   10   3   11   0.0220863183
5   10   4   7   -0.0121426631
5   10   4   8   0.0106219643
5   10   5   11   -0.0004257780
5   10   6   10   0.0011763337
5   10   7   10   0.0178004444
5   11   1   7   -0.0122003297
5   11   1   8   0.0106724089
5   11   2   7   -0.0000000000
5   11   2   11   -0.0097018079
5   11   3   7   -0.0139377946
5   11   3   8   0.0121922807
5   11   4   11   0.0166907112
5   11   5   7   0.0011029624
5   11   5   8   -0.0009648318
5   11   6   9   -0.0017900738
5   11   7   9   -0.0270876440
5   12   1   11   -0.0017549655
5   12   2   7   -0.0047314415
5   12   2   8   0.0041388946
5   12   3   11   -0.0004257780
5   12   4   7   0.0057399879
5   12   4   8   -0.0050211347
5   12   5   11   0.0097226376
5   12   6   10   0.0030522954
5   12   7   10   0.0461877540
5   13   1   10   -0.0002211619
5   13   2   9   0.0005868705
5   13   3   10   0.0000095824
5   13   4   9   -0.0007811027
5   13   5   10   0.0002512888
5   13   6   11   0.0085852563
5   13   6   12   0.0041853133
5   13   7   11   0.0041853133
5   13   7   12   0.0550240506
5   14   1   10   -0.0033466529
5   14   2   9   0.0088806047
5   14   3   10   0.0001450023
5   14   4   9   -0.0118197540
5   14   5   10   0.0038025374
5   14   6   11   0.0041853133
5   14   6   12   0.0080321032
5   14   7   11   0.0716414100
5   14   7   12   -0.0041853133
6   8   1   7   -0.0000000000
6   8   1   8   -0.0000000000
6   8   1   12   0.0207729308
6   8   2   7   0.0105014607
6   8   2   8   0.0120049075
6   8   3   12   0.0105847398
6   8   4   7   -0.0054653913
6   8   4   8   -0.0062478468
6   8   5   12   -0.0017549655
6   8   6   10   0.0027187862
6   8   7   10   -0.0001796697
6   9   1   7   0.0106967425
6   9   1   8   0.0122281469
6   9   2   7   0.0000000000
6   9   2   8   0.0000000000
6   9   2   12   0.0204064108
6   9   3   7   0.0058241826
6   9   3   8   0.0066580046
6   9   4   12   -0.0097018079
6   9   5   7   -0.0011110191
6   9   5   8   -0.0012700787
6   9   6   9   -0.0012601665
6   9   7   9   0.0000832775
6   10   1   12   0.0105847398
6   10   2   7   0.0085338687
6   10   2   8   0.0097556242
6   10   3   12   0.0220863183
6   10   4   7   -0.0106219643
6   10   4   8   -0.0121426631
6   10   5   12   -0.0004257780
6   10   6   10   0.0178004444
6   10   7   10   -0.0011763337
6   11   1   7   -0.0106724089
6   11   1   8   -0.0122003297
6   11   2   8   -0.0000000000
6   11   2   12   -0.0097018079
6   11   3   7   -0.0121922807
6   11   3   8   -0.0139377946
6   11   4   12   0.0166907112
6   11   5   7   0.0009648318
6   11   5   8   0.0011029624
6   11   6   9   -0.0270876440
6   11   7   9   0.0017900738
6   12   1   12   -0.0017549655
6   12   2   7   -0.0041388946
6   12   2   8   -0.0047314415
6   12   3   12   -0.0004257780
6   12   4   7   0.0050211347
6   12   4   8   0.0057399879
6   12   5   12   0.0097226376
6   12   6   10   0.0461877540
6   12   7   10   -0.0030522954
6   13   1   10   -0.0033466529
6   13   2   9   0.0088806047
6   13   3   10   0.0001450023
6   13   4   9   -0.0118197540
6   13   5   10   0.0038025374
6   13   6   11   0.0041853133
6   13   6   12   0.0716414100
6   13   7   11   0.0080321032
6   13   7   12   -0.0041853133
6   14   1   10   0.0002211619
6   14   2   9   -0.0005868705
6   14   3   10   -0.0000095824
6   14   4   9   0.0007811027
6   14   5   10   -0.0002512888
6   14   6   11   0.0550240506
6   14   6   12   -0.0041853133
6   14   7   11   -0.0041853133
6   14   7   12   0.0085852563

1   8   8   1   -0.6197920155
1   8   8   5   0.0000000000
1   8   8   6   0.0000000000
1   8   9   5   -0.1424343455
1   8   9   6   -0.1245964350
1   8   10   1   0.0044086328
1   8   11   5   -0.0042439444
1   8   11   6   -0.0037124497
1   8   12   1   -0.0027105700
1   8   13   3   -0.0057656543
1   8   14   3   -0.0057738853
1   9   8   5   -0.1424332018
1   9   8   6   -0.1245954345
1   9   9   1   -0.6198016001
1   9   9   5   -0.0000000000
1   9   9   6   -0.0000000000
1   9   10   5   0.0049463529
1   9   10   6   0.0043268914
1   9   11   1   -0.0052042550
1   9   12   5   -0.0008720010
1   9   12   6   -0.0007627951
1   9   13   4   0.0015123253
1   9   14   4   0.0015144842
1   10   8   1   0.0044086328
1   10   9   5   0.0049887258
1   10   9   6   0.0043639576
1   10   10   1   -0.5156136638
1   10   11   5   0.0371062786
1   10   11   6   0.0324592360
1   10   12   1   -0.0258470108
1   10   13   3   -0.0287976026
1   10   14   3   -0.0288387139
1   11   8   5   -0.0042339867
1   11   8   6   -0.0037037391
1   11   9   1   -0.0052042550
1   11   10   5   0.0366454095
1   11   10   6   0.0320560843
1   11   11   1   -0.4791856417
1   11   12   5   -0.0340927733
1   11   12   6   -0.0298231301
1   11   13   4   -0.0056973873
1   11   14   4   -0.0057055209
1   12   8   1   -0.0027105700
1   12   9   5   -0.0008445312
1   12   9   6   -0.0007387655
1   12   10   1   -0.0258470108
1   12   11   5   -0.0338208317
1   12   11   6   -0.0295852454
1   12   12   1   -0.4808456220
1   12   13   3   -0.0012200365
1   12   14   3   -0.0012217782
1   13   8   3   -0.0056215389
1   13   9   4   0.0015534082
1   13   10   3   -0.0289309449
1   13   11   4   -0.0056492403
1   13   12   3   -0.0018852062
1   13   13   1   -0.4800273029
1   13   13   2   -0.0180705040
1   13   14   1   -0.0180705040
1   13   14   2   0.0011706122
1   14   8   3   -0.0056295642
1   14   9   4   0.0015556258
1   14   10   3   -0.0289722465
1   14   11   4   -0.0056573051
1   14   12   3   -0.0018878975
1   14   13   1   -0.0180705040
1   14   13   2   -0.0012221701
1   14   14   1   -0.4800788608
1   14   14   2   0.0180705040
2   8   8   2   -0.6197920155
2   8   8   5   -0.0000000000
2   8   8   6   0.0000000000
2   8   9   5   0.1245964350
2   8   9   6   -0.1424343455
2   8   10   2   0.0044086328
2   8   11   5   0.0037124497
2   8   11   6   -0.0042439444
2   8   12   2   -0.0027105700
2   8   13   3   -0.0057738853
2   8   14   3   0.0057656543
2   9   8   5   0.1245954345
2   9   8   6   -0.1424332018
2   9   9   2   -0.6198016001
2   9   9   5   0.0000000000
2   9   9   6   -0.0000000000
2   9   10   5   -0.0043268914
2   9   10   6   0.0049463529
2   9   11   2   -0.0052042550
2   9   12   5   0.0007627951
2   9   12   6   -0.0008720010
2   9   13   4   0.0015144842
2   9   14   4   -0.0015123253
2   10   8   2   0.0044086328
2   10   9   5   -0.0043639576
2   10   9   6   0.0049887258
2   10   10   2   -0.5156136638
2   10   11   5   -0.0324592360
2   10   11   6   0.0371062786
2   10   12   2   -0.0258470108
2   10   13   3   -0.0288387139
2   10   14   3   0.0287976026
2   11   8   5   0.0037037391
2   11   8   6   -0.0042339867
2   11   9   2   -0.0052042550
2   11   10   5   -0.0320560843
2   11   10   6   0.0366454095
2   11   11   2   -0.4791856417
2   11   12   5   0.0298231301
2   11   12   6   -0.0340927733
2   11   13   4   -0.0057055209
2   11   14   4   0.0056973873
2   12   8   2   -0.0027105700
2   12   9   5   0.0007387655
2   12   9   6   -0.0008445312
2   12   10   2   -0.0258470108
2   12   11   5   0.0295852454
2   12   11   6   -0.0338208317
2   12   12   2   -0.4808456220
2   12   13   3   -0.0012217782
2   12   14   3   0.0012200365
2   13   8   3   -0.0056295642
2   13   9   4   0.0015556258
2   13   10   3   -0.0289722465
2   13   11   4   -0.0056573051
2   13   12   3   -0.0018878975
2   13   13   1   -0.0180705040
2   13   13   2   -0.4800788608
2   13   14   1   -0.0012221701
2   13   14   2   0.0180705040
2   14   8   3   0.0056215389
2   14   9   4   -0.0015534082
2   14   10   3   0.0289309449
2   14   11   4   0.0056492403
2   14   12   3   0.0018852062
2   14   13   1   0.0011706122
2   14   13   2   0.0180705040
2   14   14   1   0.0180705040
2   14   14   2   -0.4800273029
3   8   8   3   -0.5641976312
3   8   8   4   0.0000000000
3   8   9   4   -0.0230437851
3   8   10   3   0.0019631334
3   8   11   4   -0.0051011435
3   8   12   3   -0.0104848706
3   8   13   1   -0.0056215389
3   8   13   2   -0.0056295642
3   8   14   1   -0.0056295642
3   8   14   2   0.0056215389
3   9   8   4   -0.0230426470
3   9   9   3   -0.5641918514
3   9   9   4   -0.0000000000
3   9   10   4   0.0002585015
3   9   11   3   -0.0086816776
3   9   12   4   -0.0072795178
3   9   13   5   -0.0004288987
3   9   13   6   -0.0064901540
3   9   14   5   -0.0064901540
3   9   14   6   0.0004288987
3   10   8   3   0.0019631334
3   10   9   4   0.0003621885
3   10   10   3   -0.4930591391
3   10   11   4   -0.0228279432
3   10   12   3   -0.0461948545
3   10   13   1   -0.0289309449
3   10   13   2   -0.0289722465
3   10   14   1   -0.0289722465
3   10   14   2   0.0289309449
3   11   8   4   -0.0050949831
3   11   9   3   -0.0086816776
3   11   10   4   -0.0231343340
3   11   11   3   -0.4284734599
3   11   12   4   0.0551854267
3   11   13   5   0.0011122084
3   11   13   6   0.0168300906
3   11   14   5   0.0168300906
3   11   14   6   -0.0011122084
3   12   8   3   -0.0104848706
3   12   9   4   -0.0070648730
3   12   10   3   -0.0461948545
3   12   11   4   0.0553071669
3   12   12   3   -0.4492258583
3   12   13   1   -0.0018852062
3   12   13   2   -0.0018878975
3   12   14   1   -0.0018878975
3   12   14   2   0.0018852062
3   13   8   1   -0.0057656543
3   13   8   2   -0.0057738853
3   13   9   5   -0.0004222260
3   13   9   6   -0.0063891827
3   13   10   1   -0.0287976026
3   13   10   2   -0.0288387139
3   13   11   5   0.0011146460
3   13   11   6   0.0168669771
3   13   12   1   -0.0012200365
3   13   12   2   -0.0012217782
3   13   13   3   -0.4327388373
3   14   8   1   -0.0057738853
3   14   8   2   0.0057656543
3   14   9   5   -0.0063891827
3   14   9   6   0.0004222260
3   14   10   1   -0.0288387139
3   14   10   2   0.0287976026
3   14   11   5   0.0168669771
3   14   11   6   -0.0011146460
3   14   12   1   -0.0012217782
3   14   12   2   0.0012200365
3   14   14   3   -0.4327388373
4   8   8   3   0.0000000000
4   8   8   4   -0.5133306910
4   8   9   3   -0.0230426470
4   8   9   4   0.0000000000
4   8   10   4   0.0034318347
4   8   11   3   -0.0050949831
4   8   12   4   -0.0049128770
4   8   13   5   0.0000169880
4   8   13   6   0.0002570649
4   8   14   5   0.0002570649
4   8   14   6   -0.0000169880
4   9   8   3   -0.0230437851
4   9   8   4   0.0000000000
4   9   9   3   -0.0000000000
4   9   9   4   -0.5133429710
4   9   10   3   0.0003621885
4   9   11   4   -0.0060246016
4   9   12   3   -0.0070648730
4   9   13   1   0.0015534082
4   9   13   2   0.0015556258
4   9   14   1   0.0015556258
4   9   14   2   -0.0015534082
4   10   8   4   0.0034318347
4   10   9   3   0.0002585015
4   10   10   4   -0.4439201971
4   10   11   3   -0.0231343340
4   10   12   4   -0.0312577622
4   10   13   5   -0.0007489718
4   10   13   6   -0.0113335447
4   10   14   5   -0.0113335447
4   10   14   6   0.0007489718
4   11   8   3   -0.0051011435
4   11   9   4   -0.0060246016
4   11   10   3   -0.0228279432
4   11   11   4   -0.4033959052
4   11   12   3   0.0553071669
4   11   13   1   -0.0056492403
4   11   13   2   -0.0056573051
4   11   14   1   -0.0056573051
4   11   14   2   0.0056492403
4   12   8   4   -0.0049128770
4   12   9   3   -0.0072795178
4   12   10   4   -0.0312577622
4   12   11   3   0.0551854267
4   12   12   4   -0.4219731488
4   12   13   5   -0.0005927581
4   12   13   6   -0.0089696969
4   12   14   5   -0.0089696969
4   12   14   6   0.0005927581
4   13   8   5   0.0000125719
4   13   8   6   0.0001902399
4   13   9   1   0.0015123253
4   13   9   2   0.0015144842
4   13   10   5   -0.0007384488
4   13   10   6   -0.0111743096
4   13   11   1   -0.0056973873
4   13   11   2   -0.0057055209
4   13   12   5   -0.0005949173
4   13   12   6   -0.0090023703
4   13   13   4   -0.3991997235
4   14   8   5   0.0001902399
4   14   8   6   -0.0000125719
4   14   9   1   0.0015144842
4   14   9   2   -0.0015123253
4   14   10   5   -0.0111743096
4   14   10   6   0.0007384488
4   14   11   1   -0.0057055209
4   14   11   2   0.0056973873
4   14   12   5   -0.0090023703
4   14   12   6   0.0005949173
4   14   14   4   -0.3991997235
5   8   8   1   0.0000000000
5   8   8   2   -0.0000000000
5   8   8   5   -0.6021452806
5   8   9   1   -0.1424332018
5   8   9   2   0.1245954345
5   8   10   5   0.0060370171
5   8   11   1   -0.0042339867
5   8   11   2   0.0037037391
5   8   12   5   -0.0069210664
5   8   13   4   0.0000125719
5   8   14   4   0.0001902399
5   9   8   1   -0.1424343455
5   9   8   2   0.1245964350
5   9   9   1   -0.0000000000
5   9   9   2   0.0000000000
5   9   9   5   -0.6021572088
5   9   10   1   0.0049887258
5   9   10   2   -0.0043639576
5   9   11   5   -0.0092614917
5   9   12   1   -0.0008445312
5   9   12   2   0.0007387655
5   9   13   3   -0.0004222260
5   9   14   3   -0.0063891827
5   10   8   5   0.0060370171
5   10   9   1   0.0049463529
5   10   9   2   -0.0043268914
5   10   10   5   -0.4843750878
5   10   11   1   0.0366454095
5   10   11   2   -0.0320560843
5   10   12   5   -0.0366552162
5   10   13   4   -0.0007384488
5   10   14   4   -0.0111743096
5   11   8   1   -0.0042439444
5   11   8   2   0.0037124497
5   11   9   5   -0.0092614917
5   11   10   1   0.0371062786
5   11   10   2   -0.0324592360
5   11   11   5   -0.4244536175
5   11   12   1   -0.0338208317
5   11   12   2   0.0295852454
5   11   13   3   0.0011146460
5   11   14   3   0.0168669771
5   12   8   5   -0.0069210664
5   12   9   1   -0.0008720010
5   12   9   2   0.0007627951
5   12   10   5   -0.0366552162
5   12   11   1   -0.0340927733
5   12   11   2   0.0298231301
5   12   12   5   -0.4281240279
5   12   13   4   -0.0005949173
5   12   14   4   -0.0090023703
5   13   8   4   0.0000169880
5   13   9   3   -0.0004288987
5   13   10   4   -0.0007489718
5   13   11   3   0.0011122084
5   13   12   4   -0.0005927581
5   13   13   5   -0.4281140700
5   13   13   6   -0.0019756232
5   13   14   5   -0.0019756232
5   13   14   6   -0.0148527137
5   14   8   4   0.0002570649
5   14   9   3   -0.0064901540
5   14   10   4   -0.0113335447
5   14   11   3   0.0168300906
5   14   12   4   -0.0089696969
5   14   13   5   -0.0019756232
5   14   13   6   -0.0149121299
5   14   14   5   -0.4578789137
5   14   14   6   0.0019756232
6   8   8   1   0.0000000000
6   8   8   2   0.0000000000
6   8   8   6   -0.6021452806
6   8   9   1   -0.1245954345
6   8   9   2   -0.1424332018
6   8   10   6   0.0060370171
6   8   11   1   -0.0037037391
6   8   11   2   -0.0042339867
6   8   12   6   -0.0069210664
6   8   13   4   0.0001902399
6   8   14   4   -0.0000125719
6   9   8   1   -0.1245964350
6   9   8   2   -0.1424343455
6   9   9   1   -0.0000000000
6   9   9   2   -0.0000000000
6   9   9   6   -0.6021572088
6   9   10   1   0.0043639576
6   9   10   2   0.0049887258
6   9   11   6   -0.0092614917
6   9   12   1   -0.0007387655
6   9   12   2   -0.0008445312
6   9   13   3   -0.0063891827
6   9   14   3   0.0004222260
6   10   8   6   0.0060370171
6   10   9   1   0.0043268914
6   10   9   2   0.0049463529
6   10   10   6   -0.4843750878
6   10   11   1   0.0320560843
6   10   11   2   0.0366454095
6   10   12   6   -0.0366552162
6   10   13   4   -0.0111743096
6   10   14   4   0.0007384488
6   11   8   1   -0.0037124497
6   11   8   2   -0.0042439444
6   11   9   6   -0.0092614917
6   11   10   1   0.0324592360
6   11   10   2   0.0371062786
6   11   11   6   -0.4244536175
6   11   12   1   -0.0295852454
6   11   12   2   -0.0338208317
6   11   13   3   0.0168669771
6   11   14   3   -0.0011146460
6   12   8   6   -0.0069210664
6   12   9   1   -0.0007627951
6   12   9   2   -0.0008720010
6   12   10   6   -0.0366552162
6   12   11   1   -0.0298231301
6   12   11   2   -0.0340927733
6   12   12   6   -0.4281240279
6   12   13   4   -0.0090023703
6   12   14   4   0.0005949173
6   13   8   4   0.0002570649
6   13   9   3   -0.0064901540
6   13   10   4   -0.0113335447
6   13   11   3   0.0168300906
6   13   12   4   -0.0089696969
6   13   13   5   -0.0019756232
6   13   13   6   -0.4578789137
6   13   14   5   -0.0149121299
6   13   14   6   0.0019756232
6   14   8   4   -0.0000169880
6   14   9   3   0.0004288987
6   14   10   4   0.0007489718
6   14   11   3   -0.0011122084
6   14   12   4   0.0005927581
6   14   13   5   -0.0148527137
6   14   13   6   0.0019756232
6   14   14   5   0.0019756232
6   14   14   6   -0.4281140700

End AIJB Block
Begin IJKA Block
1   8   1   9   0.0000000000
1   8   1   10   0.0208366065
1   8   2   9   -0.1263907840
1   8   2   10   -0.0000000000
1   8   3   9   -0.0000000000
1   8   3   10   0.0026272285
1   8   4   9   -0.0156872353
1   8   4   10   -0.0000000000
1   8   5   10   0.0142702527
1   8   6   7   -0.0000000000
1   8   6   8   -0.0000000000
1   8   6   11   0.0010178613
1   8   6   12   0.0154024173
1   8   7   7   -0.0000000000
1   8   7   8   0.0000000000
1   8   7   11   0.0154024173
1   8   7   12   -0.0010178613
1   9   1   9   -0.1199088873
1   9   2   9   -0.0000000000
1   9   2   10   0.0113189073
1   9   3   9   0.0228072329
1   9   4   10   0.0073686292
1   9   5   9   0.0032721252
1   9   6   7   0.0085652903
1   9   6   8   0.0085775180
1   9   7   7   0.0085775180
1   9   7   8   -0.0085652903
1   10   1   9   -0.0000000000
1   10   1   10   0.0553193342
1   10   2   9   0.1658136245
1   10   3   10   0.0021928825
1   10   4   9   0.0078195589
1   10   5   10   0.0088725888
1   10   6   11   0.0005631243
1   10   6   12   0.0085212743
1   10   7   11   0.0085212743
1   10   7   12   -0.0005631243
1   11   1   9   -0.1072928802
1   11   1   10   -0.0000000000
1   11   2   10   0.0580354755
1   11   3   9   0.0005546528
1   11   4   10   0.0002127471
1   11   5   9   -0.0093119472
1   11   6   7   -0.0096185950
1   11   6   8   -0.0096323265
1   11   7   7   -0.0096323265
1   11   7   8   0.0096185950
1   12   1   9   -0.0000000000
1   12   1   10   0.1957747527
1   12   2   9   0.1229151073
1   12   3   10   -0.0037185278
1   12   4   9   0.0008521220
1   12   5   10   0.0048940985
1   12   6   11   -0.0000874346
1   12   6   12   -0.0013230730
1   12   7   11   -0.0013230730
1   12   7   12   0.0000874346
1   13   1   7   -0.0000000000
1   13   1   8   -0.0000000000
1   13   1   11   0.0147252829
1   13   1   12   0.2228250103
1   13   2   7   0.1618777626
1   13   2   8   0.1621088583
1   13   3   11   -0.0003014656
1   13   3   12   -0.0045618186
1   13   4   7   0.0008212369
1   13   4   8   0.0008224093
1   13   5   11   0.0003206808
1   13   5   12   0.0048525868
1   13   6   10   -0.0028419889
1   14   1   7   -0.0000000000
1   14   1   8   0.0000000000
1   14   1   11   0.2228250103
1   14   1   12   -0.0147252829
1   14   2   7   0.1621088583
1   14   2   8   -0.1618777626
1   14   3   11   -0.0045618186
1   14   3   12   0.0003014656
1   14   4   7   0.0008224093
1   14   4   8   -0.0008212369
1   14   5   11   0.0048525868
1   14   5   12   -0.0003206808
1   14   7   10   -0.0028419889
2   8   1   9   -0.1264083097
2   8   1   10   -0.0000000000
2   8   2   9   -0.0000000000
2   8   2   10   0.0208598377
2   8   3   9   0.0226193699
2   8   4   10   0.0075952659
2   8   5   9   0.0029011460
2   8   6   7   0.0083721730
2   8   6   8   0.0083841250
2   8   7   7   0.0083841250
2   8   7   8   -0.0083721730
2   9   1   9   -0.0000000000
2   9   1   10   0.0113141347
2   9   2   9   -0.1199752606
2   9   2   10   0.0000000000
2   9   3   9   0.0000000000
2   9   3   10   0.0023996256
2   9   4   9   -0.0155363435
2   9   4   10   0.0000000000
2   9   5   10   0.0137108060
2   9   6   7   0.0000000000
2   9   6   8   0.0000000000
2   9   6   11   0.0009954892
2   9   6   12   0.0150638800
2   9   7   7   0.0000000000
2   9   7   8   -0.0000000000
2   9   7   11   0.0150638800
2   9   7   12   -0.0009954892
2   10   1   9   0.1657592572
2   10   2   9   0.0000000000
2   10   2   10   0.0553347687
2   10   3   9   -0.0024826785
2   10   4   10   0.0044672347
2   10   5   9   0.0089075143
2   10   6   7   0.0075344939
2   10   6   8   0.0075452501
2   10   7   7   0.0075452501
2   10   7   8   -0.0075344939
2   11   1   10   0.0580271512
2   11   2   9   -0.1072540030
2   11   2   10   0.0000000000
2   11   3   10   -0.0039655111
2   11   4   9   -0.0069115242
2   11   5   10   -0.0040648560
2   11   6   11   -0.0005075703
2   11   6   12   -0.0076806231
2   11   7   11   -0.0076806231
2   11   7   12   0.0005075703
2   12   1   9   0.1228941495
2   12   2   9   0.0000000000
2   12   2   10   0.1957864902
2   12   3   9   -0.0016301426
2   12   4   10   0.0062695574
2   12   5   9   -0.0004720601
2   12   6   7   -0.0036821649
2   12   6   8   -0.0036874216
2   12   7   7   -0.0036874216
2   12   7   8   0.0036821649
2   13   1   7   0.1618467254
2   13   1   8   0.1620777768
2   13   2   7   0.0000000000
2   13   2   8   0.0000000000
2   13   2   11   0.0147262875
2   13   2   12   0.2228402120
2   13   3   7   -0.0033904997
2   13   3   8   -0.0033953400
2   13   4   11   0.0004456681
2   13   4   12   0.0067439114
2   13   5   7   -0.0022662871
2   13   5   8   -0.0022695224
2   13   6   9   0.0071523897
2   14   1   7   0.1620777768
2   14   1   8   -0.1618467254
2   14   2   7   0.0000000000
2   14   2   8   -0.0000000000
2   14   2   11   0.2228402120
2   14   2   12   -0.0147262875
2   14   3   7   -0.0033953400
2   14   3   8   0.0033904997
2   14   4   11   0.0067439114
2   14   4   12   -0.0004456681
2   14   5   7   -0.0022695224
2   14   5   8   0.0022662871
2   14   7   9   0.0071523897
3   8   1   9   -0.0000000000
3   8   1   10   0.0024886764
3   8   2   9   0.0233145679
3   8   3   10   0.0175868723
3   8   4   9   0.0059707731
3   8   5   10   0.0137127358
3   8   6   11   0.0011439351
3   8   6   12   0.0173101839
3   8   7   11   0.0173101839
3   8   7   12   -0.0011439351
3   9   1   9   0.0234736986
3   9   2   9   0.0000000000
3   9   2   10   0.0022924124
3   9   3   9   0.0080048774
3   9   3   10   0.0000000000
3   9   4   10   0.0026816823
3   9   5   9   0.0103708477
3   9   5   10   0.0000000000
3   9   6   7   0.0105456304
3   9   6   8   0.0105606853
3   9   6   12   0.0000000000
3   9   7   7   0.0105606853
3   9   7   8   -0.0105456304
3   9   7   11   0.0000000000
3   10   1   10   0.0019540352
3   10   2   9   -0.0016558404
3   10   3   10   0.0501105661
3   10   4   9   -0.0542085822
3   10   5   10   0.0298143463
3   10   6   11   0.0016173000
3   10   6   12   0.0244732069
3   10   7   11   0.0244732069
3   10   7   12   -0.0016173000
3   11   1   9   0.0005877837
3   11   2   10   -0.0037125384
3   11   3   9   -0.0926883197
3   11   4   10   -0.0136607379
3   11   5   9   -0.0338363796
3   11   6   7   -0.0440848340
3   11   6   8   -0.0441477692
3   11   7   7   -0.0441477692
3   11   7   8   0.0440848340
3   12   1   10   -0.0038707728
3   12   2   9   -0.0013686692
3   12   3   10   0.1225996481
3   12   4   9   -0.0527420782
3   12   5   10   0.0320478195
3   12   6   11   0.0004310974
3   12   6   12   0.0065234260
3   12   7   11   0.0065234260
3   12   7   12   -0.0004310974
3   13   1   11   -0.0003127052
3   13   1   12   -0.0047318985
3   13   2   7   -0.0028308177
3   13   2   8   -0.0028348589
3   13   3   11   0.0080423653
3   13   3   12   0.1216981792
3   13   4   7   -0.0723152007
3   13   4   8   -0.0724184374
3   13   5   11   0.0013412585
3   13   5   12   0.0202961080
3   13   6   10   -0.0213867047
3   14   1   11   -0.0047318985
3   14   1   12   0.0003127052
3   14   2   7   -0.0028348589
3   14   2   8   0.0028308177
3   14   3   11   0.1216981792
3   14   3   12   -0.0080423653
3   14   4   7   -0.0724184374
3   14   4   8   0.0723152007
3   14   5   11   0.0202961080
3   14   5   12   -0.0013412585
3   14   7   10   -0.0213867047
4   8   1   9   -0.0158441888
4   8   1   10   -0.0000000000
4   8   2   10   0.0077158841
4   8   3   9   0.0060705352
4   8   4   10   -0.0058452869
4   8   5   9   -0.0138305478
4   8   5   10   0.0000000000
4   8   6   7   -0.0086306261
4   8   6   8   -0.0086429472
4   8   6   12   0.0000000000
4   8   7   7   -0.0086429472
4   8   7   8   0.0086306261
4   8   7   11   0.0000000000
4   9   1   10   0.0074876319
4   9   2   9   -0.0156950148
4   9   2   10   0.0000000000
4   9   3   10   0.0025983665
4   9   4   9   -0.0102693463
4   9   5   9   -0.0000000000
4   9   5   10   -0.0137881016
4   9   6   11   -0.0008931852
4   9   6   12   -0.0135158018
4   9   7   11   -0.0135158018
4   9   7   12   0.0008931852
4   10   1   9   0.0075640540
4   10   2   10   0.0043892468
4   10   3   9   -0.0553331154
4   10   4   10   0.0073288588
4   10   5   9   0.0305434876
4   10   6   7   -0.0288238966
4   10   6   8   -0.0288650454
4   10   7   7   -0.0288650454
4   10   7   8   0.0288238966
4   11   1   10   0.0002421163
4   11   2   9   -0.0070734857
4   11   3   10   -0.0129459333
4   11   4   9   -0.0255376064
4   11   5   10   0.0128227004
4   11   6   11   0.0009860595
4   11   6   12   0.0149211888
4   11   7   11   0.0149211888
4   11   7   12   -0.0009860595
4   12   1   9   0.0006312949
4   12   2   10   0.0063756762
4   12   3   9   -0.0540363289
4   12   4   10   0.0728170985
4   12   5   9   0.0797274000
4   12   6   7   0.0193741952
4   12   6   8   0.0194018537
4   12   7   7   0.0194018537
4   12   7   8   -0.0193741952
4   13   1   7   0.0008460109
4   13   1   8   0.0008472187
4   13   2   11   0.0004575138
4   13   2   12   0.0069231615
4   13   3   7   -0.0726499457
4   13   3   8   -0.0727536603
4   13   4   11   0.0060168457
4   13   4   12   0.0910477381
4   13   5   7   0.0845434835
4   13   5   8   0.0846641772
4   13   6   9   -0.0204709293
4   14   1   7   0.0008472187
4   14   1   8   -0.0008460109
4   14   2   11   0.0069231615
4   14   2   12   -0.0004575138
4   14   3   7   -0.0727536603
4   14   3   8   0.0726499457
4   14   4   11   0.0910477381
4   14   4   12   -0.0060168457
4   14   5   7   0.0846641772
4   14   5   8   -0.0845434835
4   14   7   9   -0.0204709293
5   8   1   10   0.0142568960
5   8   2   9   0.0035535491
5   8   3   10   0.0135950743
5   8   4   9   -0.0139910602
5   8   4   10   0.0000000000
5   8   5   10   -0.0022100605
5   8   6   11   -0.0002693431
5   8   6   12   -0.0040757375
5   8   7   11   -0.0040757375
5   8   7   12   0.0002693431
5   9   1   9   0.0038949436
5   9   2   10   0.0137204873
5   9   3   9   0.0105209418
5   9   3   10   0.0000000000
5   9   4   9   -0.0000000000
5   9   4   10   -0.0137719866
5   9   5   9   -0.0067948728
5   9   6   7   -0.0027926365
5   9   6   8   -0.0027966232
5   9   7   7   -0.0027966232
5   9   7   8   0.0027926365
5   10   1   10   0.0084018485
5   10   2   9   0.0091119694
5   10   3   10   0.0297373442
5   10   4   9   0.0314149008
5   10   5   10   0.0249960992
5   10   6   11   0.0000725396
5   10   6   12   0.0010976788
5   10   7   11   0.0010976788
5   10   7   12   -0.0000725396
5   11   1   9   -0.0092894807
5   11   2   10   -0.0036932139
5   11   3   9   -0.0335204884
5   11   4   10   0.0127719044
5   11   5   9   -0.0221821200
5   11   6   7   0.0170095547
5   11   6   8   0.0170338375
5   11   7   7   0.0170338375
5   11   7   8   -0.0170095547
5   12   1   10   0.0047258194
5   12   2   9   -0.0004792962
5   12   3   10   0.0327875370
5   12   4   9   0.0810679175
5   12   5   10   0.0829374216
5   12   6   11   0.0003692968
5   12   6   12   0.0055882506
5   12   7   11   0.0055882506
5   12   7   12   -0.0003692968
5   13   1   11   0.0003194775
5   13   1   12   0.0048343776
5   13   2   7   -0.0019238383
5   13   2   8   -0.0019265848
5   13   3   11   0.0013979302
5   13   3   12   0.0211536731
5   13   4   7   0.0852233869
5   13   4   8   0.0853450512
5   13   5   11   0.0062999468
5   13   5   12   0.0953316633
5   13   6   10   0.0042591852
5   14   1   11   0.0048343776
5   14   1   12   -0.0003194775
5   14   2   7   -0.0019265848
5   14   2   8   0.0019238383
5   14   3   11   0.0211536731
5   14   3   12   -0.0013979302
5   14   4   7   0.0853450512
5   14   4   8   -0.0852233869
5   14   5   11   0.0953316633
5   14   5   12   -0.0062999468
5   14   7   10   0.0042591852
6   8   1   7   -0.0000000000
6   8   1   8   -0.0000000000
6   8   1   11   0.0010255810
6   8   1   12   0.0155192323
6   8   2   7   0.0090210960
6   8   2   8   0.0090339745
6   8   3   11   0.0011312378
6   8   3   12   0.0171180458
6   8   4   7   -0.0087066094
6   8   4   8   -0.0087190389
6   8   4   12   0.0000000000
6   8   5   11   -0.0002792836
6   8   5   12   -0.0042261575
6   8   6   10   0.0054571757
6   9   1   7   0.0091889442
6   9   1   8   0.0092020623
6   9   2   7   0.0000000000
6   9   2   8   0.0000000000
6   9   2   11   0.0010041200
6   9   2   12   0.0151944826
6   9   3   7   0.0107255538
6   9   3   8   0.0107408656
6   9   3   12   0.0000000000
6   9   4   11   -0.0008939187
6   9   4   12   -0.0135269007
6   9   5   7   -0.0028387489
6   9   5   8   -0.0028428015
6   9   6   9   0.0017903747
6   10   1   11   0.0005219182
6   10   1   12   0.0078977379
6   10   2   7   0.0077630872
6   10   2   8   0.0077741697
6   10   3   11   0.0015758098
6   10   3   12   0.0238453717
6   10   4   7   -0.0277233759
6   10   4   8   -0.0277629537
6   10   5   11   -0.0000128143
6   10   5   12   -0.0001939080
6   10   6   10   0.0116126940
6   11   1   7   -0.0093409220
6   11   1   8   -0.0093542571
6   11   2   11   -0.0004649078
6   11   2   12   -0.0070350487
6   11   3   7   -0.0420658146
6   11   3   8   -0.0421258675
6   11   4   11   0.0010030061
6   11   4   12   0.0151776258
6   11   5   7   0.0179464493
6   11   5   8   0.0179720695
6   11   6   9   -0.0640720236
6   12   1   11   -0.0000755870
6   12   1   12   -0.0011437936
6   12   2   7   -0.0035138335
6   12   2   8   -0.0035188498
6   12   3   11   0.0003989501
6   12   3   12   0.0060369682
6   12   4   7   0.0206009422
6   12   4   8   0.0206303520
6   12   5   11   0.0003451599
6   12   5   12   0.0052230075
6   12   6   10   0.0806708142
6   13   1   10   -0.0027247863
6   13   2   9   0.0065318970
6   13   3   10   -0.0198555569
6   13   4   9   -0.0195861799
6   13   5   10   0.0044290503
6   13   6   11   0.0057410115
6   13   6   12   0.0868737777
6   13   7   11   0.0014016045
6   13   7   12   -0.0000926244
6   14   6   11   0.0847427054
6   14   6   12   -0.0056001807
6   14   7   11   0.0000482065
6   14   7   12   0.0007294678
7   8   1   7   -0.0000000000
7   8   1   8   0.0000000000
7   8   1   11   0.0155192323
7   8   1   12   -0.0010255810
7   8   2   7   0.0090339745
7   8   2   8   -0.0090210960
7   8   3   11   0.0171180458
7   8   3   12   -0.0011312378
7   8   4   7   -0.0087190389
7   8   4   8   0.0087066094
7   8   4   11   0.0000000000
7   8   5   11   -0.0042261575
7   8   5   12   0.0002792836
7   8   7   10   0.0054571757
7   9   1   7   0.0092020623
7   9   1   8   -0.0091889442
7   9   2   7   0.0000000000
7   9   2   8   -0.0000000000
7   9   2   11   0.0151944826
7   9   2   12   -0.0010041200
7   9   3   7   0.0107408656
7   9   3   8   -0.0107255538
7   9   3   11   0.0000000000
7   9   4   11   -0.0135269007
7   9   4   12   0.0008939187
7   9   5   7   -0.0028428015
7   9   5   8   0.0028387489
7   9   7   9   0.0017903747
7   10   1   11   0.0078977379
7   10   1   12   -0.0005219182
7   10   2   7   0.0077741697
7   10   2   8   -0.0077630872
7   10   3   11   0.0238453717
7   10   3   12   -0.0015758098
7   10   4   7   -0.0277629537
7   10   4   8   0.0277233759
7   10   5   11   -0.0001939080
7   10   5   12   0.0000128143
7   10   7   10   0.0116126940
7   11   1   7   -0.0093542571
7   11   1   8   0.0093409220
7   11   2   11   -0.0070350487
7   11   2   12   0.0004649078
7   11   3   7   -0.0421258675
7   11   3   8   0.0420658146
7   11   4   11   0.0151776258
7   11   4   12   -0.0010030061
7   11   5   7   0.0179720695
7   11   5   8   -0.0179464493
7   11   7   9   -0.0640720236
7   12   1   11   -0.0011437936
7   12   1   12   0.0000755870
7   12   2   7   -0.0035188498
7   12   2   8   0.0035138335
7   12   3   11   0.0060369682
7   12   3   12   -0.0003989501
7   12   4   7   0.0206303520
7   12   4   8   -0.0206009422
7   12   5   11   0.0052230075
7   12   5   12   -0.0003451599
7   12   7   10   0.0806708142
7   13   6   11   0.0007294678
7   13   6   12   -0.0000482065
7   13   7   11   0.0056001807
7   13   7   12   0.0847427054
7   14   1   10   -0.0027247863
7   14   2   9   0.0065318970
7   14   3   10   -0.0198555569
7   14   4   9   -0.0195861799
7   14   5   10   0.0044290503
7   14   6   11   0.0000926244
7   14   6   12   0.0014016045
7   14   7   11   0.0868737777
7   14   7   12   -0.0057410115

End IJKA Block
Begin IABC Block
1   7   1   10   -0.0023535035
1   7   3   11   -0.0026610175
1   7   3   12   -0.0023277622
1   7   4   7   0.0012440579
1   7   5   9   0.0072630354
1   7   6   9   0.0063534417
1   8   2   10   -0.0023535035
1   8   3   11   0.0023277622
1   8   3   12   -0.0026610175
1   8   4   8   0.0012440579
1   8   5   9   -0.0063534417
1   8   6   9   0.0072630354
1   9   1   11   0.0049849023
1   9   1   12   0.0043606130
1   9   2   11   -0.0043606130
1   9   2   12   0.0049849023
1   9   3   10   0.0023486847
1   9   4   9   0.0081139761
1   9   5   7   0.0071902150
1   9   5   8   -0.0062897411
1   9   6   7   0.0062897411
1   9   6   8   0.0071902150
1   10   1   7   -0.0023595601
1   10   2   8   -0.0023595601
1   10   3   9   0.0023606320
1   10   4   10   0.0035198559
1   10   5   11   -0.0003439916
1   10   6   12   -0.0003439916
1   11   1   9   0.0050074533
1   11   2   9   -0.0043803398
1   11   3   7   -0.0026511281
1   11   3   8   0.0023191114
1   11   4   11   0.0041362643
1   11   5   10   -0.0003235289
1   12   1   9   0.0043803398
1   12   2   9   0.0050074533
1   12   3   7   -0.0023191114
1   12   3   8   -0.0026511281
1   12   4   12   0.0041362643
1   12   6   10   -0.0003235289
2   7   1   9   0.0080220184
2   7   3   7   -0.0015498071
2   7   4   11   -0.0002583001
2   7   4   12   -0.0002259516
2   7   5   10   -0.0019415060
2   7   6   10   -0.0016983596
2   8   2   9   0.0080220184
2   8   3   8   -0.0015498071
2   8   4   11   0.0002259516
2   8   4   12   -0.0002583001
2   8   5   10   0.0016983596
2   8   6   10   -0.0019415060
2   9   1   7   0.0079886263
2   9   2   8   0.0079886263
2   9   3   9   0.0022580823
2   9   4   10   0.0056550179
2   9   5   11   0.0079770836
2   9   6   12   0.0079770836
2   10   1   11   -0.0003556980
2   10   1   12   -0.0003111518
2   10   2   11   0.0003111518
2   10   2   12   -0.0003556980
2   10   3   10   -0.0008601205
2   10   4   9   0.0056044594
2   10   5   7   -0.0019409652
2   10   5   8   0.0016978864
2   10   6   7   -0.0016978864
2   10   6   8   -0.0019409652
2   11   1   10   -0.0003506313
2   11   2   10   0.0003067197
2   11   3   11   -0.0013300358
2   11   4   7   -0.0002589169
2   11   4   8   0.0002264911
2   11   5   9   0.0079550042
2   12   1   10   -0.0003067197
2   12   2   10   -0.0003506313
2   12   3   12   -0.0013300358
2   12   4   7   -0.0002264911
2   12   4   8   -0.0002589169
2   12   6   9   0.0079550042
3   7   1   10   -0.0055250218
3   7   3   11   0.0329283528
3   7   3   12   0.0288045370
3   7   4   7   0.0108215221
3   7   5   9   0.0138136123
3   7   6   9   0.0120836505
3   8   2   10   -0.0055250218
3   8   3   11   -0.0288045370
3   8   3   12   0.0329283528
3   8   4   8   0.0108215221
3   8   5   9   -0.0120836505
3   8   6   9   0.0138136123
3   9   1   11   0.0139607836
3   9   1   12   0.0122123906
3   9   2   11   -0.0122123906
3   9   2   12   0.0139607836
3   9   3   10   0.0133914884
3   9   4   9   0.0311850880
3   9   5   7   0.0126995931
3   9   5   8   -0.0111091466
3   9   6   7   0.0111091466
3   9   6   8   0.0126995931
3   10   1   7   -0.0061464829
3   10   2   8   -0.0061464829
3   10   3   9   0.0138382585
3   10   4   10   0.0210989906
3   10   5   11   -0.0008191216
3   10   6   12   -0.0008191216
3   11   1   9   0.0145882098
3   11   2   9   -0.0127612405
3   11   3   7   0.0322827672
3   11   3   8   -0.0282398019
3   11   4   11   0.0115751539
3   11   5   10   -0.0002634241
3   12   1   9   0.0127612405
3   12   2   9   0.0145882098
3   12   3   7   0.0282398019
3   12   3   8   0.0322827672
3   12   4   12   0.0115751539
3   12   6   10   -0.0002634241
4   7   1   9   -0.0245541969
4   7   3   7   -0.0503977528
4   7   4   11   0.0147916782
4   7   4   12   0.0129392273
4   7   5   10   0.0058571774
4   7   6   10   0.0051236478
4   8   2   9   -0.0245541969
4   8   3   8   -0.0503977528
4   8   4   11   -0.0129392273
4   8   4   12   0.0147916782
4   8   5   10   -0.0051236478
4   8   6   10   0.0058571774
4   9   1   7   -0.0235387949
4   9   2   8   -0.0235387949
4   9   3   9   -0.0325001623
4   9   4   10   0.0189529336
4   9   5   11   -0.0090342159
4   9   6   12   -0.0090342159
4   10   1   11   0.0024811968
4   10   1   12   0.0021704616
4   10   2   11   -0.0021704616
4   10   2   12   0.0024811968
4   10   3   10   -0.0193900488
4   10   4   9   0.0178565129
4   10   5   7   0.0055240932
4   10   5   8   -0.0048322777
4   10   6   7   0.0048322777
4   10   6   8   0.0055240932
4   11   1   10   0.0026431576
4   11   2   10   -0.0023121390
4   11   3   11   -0.0508822353
4   11   4   7   0.0137827282
4   11   4   8   -0.0120566342
4   11   5   9   -0.0087671970
4   12   1   10   0.0023121390
4   12   2   10   0.0026431576
4   12   3   12   -0.0508822353
4   12   4   7   0.0120566342
4   12   4   8   0.0137827282
4   12   6   9   -0.0087671970
5   7   1   10   0.0055450818
5   7   3   11   0.0166030387
5   7   3   12   0.0145237402
5   7   4   7   0.0763822732
5   7   5   9   0.0019444102
5   7   6   9   0.0017009000
5   8   2   10   0.0055450818
5   8   3   11   -0.0145237402
5   8   3   12   0.0166030387
5   8   4   8   0.0763822732
5   8   5   9   -0.0017009000
5   8   6   9   0.0019444102
5   9   1   11   -0.0038352572
5   9   1   12   -0.0033549449
5   9   2   11   0.0033549449
5   9   2   12   -0.0038352572
5   9   3   10   -0.0296558213
5   9   4   9   0.0570879020
5   9   5   7   0.0020298094
5   9   5   8   -0.0017756041
5   9   6   7   0.0017756041
5   9   6   8   0.0020298094
5   10   1   7   0.0051899347
5   10   2   8   0.0051899347
5   10   3   9   -0.0273793305
5   10   4   10   0.0454856135
5   10   5   11   0.0049182726
5   10   6   12   0.0049182726
5   11   1   9   -0.0031459925
5   11   2   9   0.0027520009
5   11   3   7   0.0176384989
5   11   3   8   -0.0154295235
5   11   4   11   0.0705060697
5   11   5   10   0.0045714435
5   12   1   9   -0.0027520009
5   12   2   9   -0.0031459925
5   12   3   7   0.0154295235
5   12   3   8   0.0176384989
5   12   4   12   0.0705060697
5   12   6   10   0.0045714435
6   7   1   11   0.0300695280
6   7   1   12   0.0315221915
6   7   2   11   0.0242619958
6   7   2   12   0.0263830570
6   7   3   10   -0.0038396667
6   7   4   9   -0.0071021593
6   7   5   7   0.0111260761
6   7   5   8   0.0007011163
6   7   6   7   0.0920319614
6   7   6   8   0.0049978556
6   8   1   11   -0.0204996418
6   8   1   12   0.0293411082
6   8   2   11   -0.0256546372
6   8   2   12   0.0352845455
6   8   3   10   -0.0038451482
6   8   4   9   -0.0071122983
6   8   5   7   -0.0000230004
6   8   5   8   0.0010825121
6   8   6   7   0.0050457085
6   8   6   8   0.0927100773
6   9   1   10   -0.0212332005
6   9   2   10   -0.0212635129
6   9   3   11   0.0008662837
6   9   3   12   0.0131087238
6   9   4   7   -0.0065715865
6   9   4   8   -0.0065809681
6   9   5   9   0.0051925097
6   9   6   9   0.0785737725
6   10   1   9   -0.0211755337
6   10   2   9   -0.0212057637
6   10   3   7   -0.0033988698
6   10   3   8   -0.0034037220
6   10   4   11   -0.0003327314
6   10   4   12   -0.0050349376
6   10   5   10   0.0036923138
6   10   6   10   0.0558726012
6   11   1   7   0.0300160616
6   11   1   8   -0.0198148731
6   11   2   7   0.0235677513
6   11   2   8   -0.0255677583
6   11   3   9   0.0009020538
6   11   4   10   -0.0003294968
6   11   5   11   0.0049194665
6   11   5   12   0.0005284052
6   11   6   11   0.0733653803
6   11   6   12   0.0000362315
6   12   1   7   0.0317797299
6   12   1   8   0.0292253698
6   12   2   7   0.0263584501
6   12   2   8   0.0355326081
6   12   3   9   0.0136500024
6   12   4   10   -0.0049859909
6   12   5   11   0.0005482598
6   12   5   12   0.0048483156
6   12   6   11   0.0000349194
6   12   6   12   0.0744420453
7   7   1   11   0.0352845455
7   7   1   12   0.0256546372
7   7   2   11   -0.0293411082
7   7   2   12   -0.0204996418
7   7   3   10   -0.0038451482
7   7   4   9   -0.0071122983
7   7   5   7   0.0927100773
7   7   5   8   -0.0050457085
7   7   6   7   -0.0010825121
7   7   6   8   -0.0000230004
7   8   1   11   -0.0263830570
7   8   1   12   0.0242619958
7   8   2   11   0.0315221915
7   8   2   12   -0.0300695280
7   8   3   10   0.0038396667
7   8   4   9   0.0071021593
7   8   5   7   -0.0049978556
7   8   5   8   0.0920319614
7   8   6   7   0.0007011163
7   8   6   8   -0.0111260761
7   9   1   10   -0.0212635129
7   9   2   10   0.0212332005
7   9   3   11   0.0131087238
7   9   3   12   -0.0008662837
7   9   4   7   -0.0065809681
7   9   4   8   0.0065715865
7   9   5   9   0.0785737725
7   9   6   9   -0.0051925097
7   10   1   9   -0.0212057637
7   10   2   9   0.0211755337
7   10   3   7   -0.0034037220
7   10   3   8   0.0033988698
7   10   4   11   -0.0050349376
7   10   4   12   0.0003327314
7   10   5   10   0.0558726012
7   10   6   10   -0.0036923138
7   11   1   7   0.0355326081
7   11   1   8   -0.0263584501
7   11   2   7   -0.0292253698
7   11   2   8   0.0317797299
7   11   3   9   0.0136500024
7   11   4   10   -0.0049859909
7   11   5   11   0.0744420453
7   11   5   12   -0.0000349194
7   11   6   11   -0.0048483156
7   11   6   12   0.0005482598
7   12   1   7   0.0255677583
7   12   1   8   0.0235677513
7   12   2   7   -0.0198148731
7   12   2   8   -0.0300160616
7   12   3   9   -0.0009020538
7   12   4   10   0.0003294968
7   12   5   11   -0.0000362315
7   12   5   12   0.0733653803
7   12   6   11   0.0005284052
7   12   6   12   -0.0049194665

End IABC Block
