Begin IJ Block
1   1   -2.4423800231
2   2   -2.4423799378
3   3   -2.3176654301
4   4   -2.3176652721

End IJ Block
Begin IA Block
2   3   -0.0000001414

End IA Block
Begin AB Block
1   1   -1.9109119408
2   2   -1.9109118087
3   3   -1.3322570102
4   4   -1.2112124621
5   5   -1.2112123086

End AB Block
Begin IJKL Block
1   5   1   5   0.2906957211
1   5   2   6   0.0094431252
1   5   3   7   0.0039380421
1   5   3   8   0.0000000052
1   5   4   7   0.0000000052
1   5   4   8   0.0023493046
1   6   1   6   0.2698784180
1   6   2   5   0.0113741512
1   6   3   7   -0.0000000052
1   6   3   8   0.0007562194
1   6   4   7   0.0008325179
1   6   4   8   0.0000000052
1   7   1   7   0.2719724711
1   7   1   8   -0.0000000069
1   7   2   7   0.0000000069
1   7   2   8   -0.0014294187
1   7   3   5   0.0053700803
1   7   3   6   -0.0000000033
1   7   4   5   0.0000000033
1   7   4   6   0.0004932803
1   8   1   7   -0.0000000069
1   8   1   8   0.2740635540
1   8   2   7   -0.0006616663
1   8   2   8   -0.0000000069
1   8   3   5   0.0000000033
1   8   3   6   0.0004973341
1   8   4   5   0.0043794660
1   8   4   6   0.0000000033
2   5   1   6   0.0113741512
2   5   2   5   0.2698784180
2   5   3   7   -0.0000000052
2   5   3   8   0.0008325179
2   5   4   7   0.0007562194
2   5   4   8   0.0000000052
2   6   1   5   0.0094431252
2   6   2   6   0.2906957037
2   6   3   7   0.0023493037
2   6   3   8   -0.0000000052
2   6   4   7   -0.0000000052
2   6   4   8   0.0039380409
2   7   1   7   0.0000000069
2   7   1   8   -0.0006616663
2   7   2   7   0.2740635455
2   7   2   8   0.0000000069
2   7   3   5   -0.0000000033
2   7   3   6   0.0043794654
2   7   4   5   0.0004973341
2   7   4   6   -0.0000000033
2   8   1   7   -0.0014294187
2   8   1   8   -0.0000000069
2   8   2   7   0.0000000069
2   8   2   8   0.2719724437
2   8   3   5   0.0004932803
2   8   3   6   -0.0000000033
2   8   4   5   0.0000000033
2   8   4   6   0.0053700789
3   5   1   7   0.0053700803
3   5   1   8   0.0000000033
3   5   2   7   -0.0000000033
3   5   2   8   0.0004932803
3   5   3   5   0.2719724711
3   5   3   6   0.0000000069
3   5   4   5   -0.0000000069
3   5   4   6   -0.0014294187
3   6   1   7   -0.0000000033
3   6   1   8   0.0004973341
3   6   2   7   0.0043794654
3   6   2   8   -0.0000000033
3   6   3   5   0.0000000069
3   6   3   6   0.2740635455
3   6   4   5   -0.0006616663
3   6   4   6   0.0000000069
3   7   1   5   0.0039380421
3   7   1   6   -0.0000000052
3   7   2   5   -0.0000000052
3   7   2   6   0.0023493037
3   7   3   7   0.3150380288
3   7   4   8   0.0191464017
3   8   1   5   0.0000000052
3   8   1   6   0.0007562194
3   8   2   5   0.0008325179
3   8   2   6   -0.0000000052
3   8   3   8   0.2731992640
3   8   4   7   0.0226923837
4   5   1   7   0.0000000033
4   5   1   8   0.0043794660
4   5   2   7   0.0004973341
4   5   2   8   0.0000000033
4   5   3   5   -0.0000000069
4   5   3   6   -0.0006616663
4   5   4   5   0.2740635540
4   5   4   6   -0.0000000069
4   6   1   7   0.0004932803
4   6   1   8   0.0000000033
4   6   2   7   -0.0000000033
4   6   2   8   0.0053700789
4   6   3   5   -0.0014294187
4   6   3   6   0.0000000069
4   6   4   5   -0.0000000069
4   6   4   6   0.2719724437
4   7   1   5   0.0000000052
4   7   1   6   0.0008325179
4   7   2   5   0.0007562194
4   7   2   6   -0.0000000052
4   7   3   8   0.0226923837
4   7   4   7   0.2731992640
4   8   1   5   0.0023493046
4   8   1   6   0.0000000052
4   8   2   5   0.0000000052
4   8   2   6   0.0039380409
4   8   3   7   0.0191464017
4   8   4   8   0.3150380267

End IJKL Block
Begin IJAB Block
1   5   1   6   0.0049096184
1   5   1   7   -0.0000000036
1   5   2   6   -0.0000000036
1   5   2   7   0.0037956976
1   5   3   8   0.0078161159
1   5   4   9   0.0044634984
1   5   4   10   -0.0000000129
1   5   5   9   -0.0000000129
1   5   5   10   0.0082345915
1   6   1   6   -0.0000000036
1   6   1   7   -0.0001645711
1   6   2   6   -0.0009493481
1   6   2   7   0.0000000036
1   6   4   9   0.0000000129
1   6   4   10   -0.0022360051
1   6   5   9   -0.0015350842
1   6   5   10   -0.0000000129
1   7   1   9   0.0003659966
1   7   1   10   -0.0000000033
1   7   2   9   -0.0000000091
1   7   2   10   0.0013776981
1   7   4   6   0.0011268189
1   7   4   7   -0.0000000188
1   7   5   6   -0.0000000100
1   7   5   7   0.0014844656
1   8   1   9   -0.0000000049
1   8   1   10   0.0027271562
1   8   2   9   0.0009834601
1   8   2   10   -0.0000000009
1   8   4   6   -0.0000000058
1   8   4   7   0.0030604562
1   8   5   6   0.0056717472
1   8   5   7   -0.0000000029
2   5   1   6   -0.0000000036
2   5   1   7   -0.0009493481
2   5   2   6   -0.0001645711
2   5   2   7   0.0000000036
2   5   4   9   0.0000000129
2   5   4   10   -0.0015350842
2   5   5   9   -0.0022360051
2   5   5   10   -0.0000000129
2   6   1   6   0.0037956966
2   6   1   7   0.0000000036
2   6   2   6   0.0000000036
2   6   2   7   0.0049096185
2   6   3   8   0.0078161204
2   6   4   9   0.0082346027
2   6   4   10   0.0000000129
2   6   5   9   0.0000000129
2   6   5   10   0.0044634965
2   7   1   9   -0.0000000009
2   7   1   10   -0.0009834604
2   7   2   9   -0.0027271586
2   7   2   10   -0.0000000049
2   7   4   6   -0.0000000029
2   7   4   7   -0.0056717439
2   7   5   6   -0.0030604614
2   7   5   7   -0.0000000058
2   8   1   9   -0.0013776983
2   8   1   10   -0.0000000091
2   8   2   9   -0.0000000033
2   8   2   10   -0.0003659971
2   8   4   6   -0.0014844677
2   8   4   7   -0.0000000100
2   8   5   6   -0.0000000188
2   8   5   7   -0.0011268239
3   5   1   9   0.0011268189
3   5   1   10   -0.0000000100
3   5   2   9   -0.0000000188
3   5   2   10   0.0014844656
3   5   4   6   0.0003659966
3   5   4   7   -0.0000000091
3   5   5   6   -0.0000000033
3   5   5   7   0.0013776981
3   6   1   9   -0.0000000029
3   6   1   10   -0.0030604614
3   6   2   9   -0.0056717439
3   6   2   10   -0.0000000058
3   6   4   6   -0.0000000009
3   6   4   7   -0.0027271586
3   6   5   6   -0.0009834604
3   6   5   7   -0.0000000049
3   7   1   6   0.0330596109
3   7   1   7   -0.0000000020
3   7   2   6   -0.0000000020
3   7   2   7   0.0594195618
3   7   3   8   0.0021005658
3   7   4   9   0.0022111361
3   7   4   10   0.0000000002
3   7   5   9   0.0000000002
3   7   5   10   0.0006839872
3   8   1   6   -0.0000000020
3   8   1   7   0.0355511242
3   8   2   6   -0.0091911559
3   8   2   7   0.0000000020
3   8   4   9   -0.0000000002
3   8   4   10   0.0009021736
3   8   5   9   0.0006249730
3   8   5   10   0.0000000002
4   5   1   9   -0.0000000058
4   5   1   10   0.0056717472
4   5   2   9   0.0030604562
4   5   2   10   -0.0000000029
4   5   4   6   -0.0000000049
4   5   4   7   0.0009834601
4   5   5   6   0.0027271562
4   5   5   7   -0.0000000009
4   6   1   9   -0.0014844677
4   6   1   10   -0.0000000188
4   6   2   9   -0.0000000100
4   6   2   10   -0.0011268239
4   6   4   6   -0.0013776983
4   6   4   7   -0.0000000033
4   6   5   6   -0.0000000091
4   6   5   7   -0.0003659971
4   7   1   6   -0.0000000020
4   7   1   7   -0.0091911559
4   7   2   6   0.0355511242
4   7   2   7   0.0000000020
4   7   4   9   -0.0000000002
4   7   4   10   0.0006249730
4   7   5   9   0.0009021736
4   7   5   10   0.0000000002
4   8   1   6   0.0594195810
4   8   1   7   0.0000000020
4   8   2   6   0.0000000020
4   8   2   7   0.0330596045
4   8   3   8   0.0021005623
4   8   4   9   0.0006839862
4   8   4   10   -0.0000000002
4   8   5   9   -0.0000000002
4   8   5   10   0.0022111339

End IJAB Block
Begin ABCD Block
1   6   1   6   0.2809516474
1   6   2   7   0.0102080202
1   6   3   8   0.0013930174
1   6   4   9   0.0006621483
1   6   4   10   -0.0000000002
1   6   5   9   -0.0000000002
1   6   5   10   0.0014660827
1   7   1   7   0.2572929423
1   7   2   6   0.0134506746
1   7   4   9   -0.0000000002
1   7   4   10   0.0005061208
1   7   5   9   0.0002978116
1   7   5   10   0.0000000002
1   8   1   8   0.1862226943
1   8   3   6   0.0018428630
1   9   1   9   0.1708640933
1   9   1   10   -0.0000000021
1   9   2   9   -0.0000000021
1   9   2   10   0.0052580027
1   9   4   6   0.0009197461
1   9   4   7   -0.0000000002
1   9   5   6   -0.0000000002
1   9   5   7   0.0003721976
1   10   1   9   -0.0000000021
1   10   1   10   0.1814822607
1   10   2   9   0.0053601612
1   10   2   10   0.0000000021
1   10   4   6   -0.0000000002
1   10   4   7   0.0006400561
1   10   5   6   0.0019320020
1   10   5   7   0.0000000002
2   6   1   7   0.0134506746
2   6   2   6   0.2572929423
2   6   4   9   -0.0000000002
2   6   4   10   0.0002978116
2   6   5   9   0.0005061208
2   6   5   10   0.0000000002
2   7   1   6   0.0102080202
2   7   2   7   0.2809516234
2   7   3   8   0.0013930205
2   7   4   9   0.0014660840
2   7   4   10   0.0000000002
2   7   5   9   0.0000000002
2   7   5   10   0.0006621492
2   8   2   8   0.1862227060
2   8   3   7   0.0018428662
2   9   1   9   -0.0000000021
2   9   1   10   0.0053601612
2   9   2   9   0.1814822743
2   9   2   10   0.0000000021
2   9   4   6   -0.0000000002
2   9   4   7   0.0019320035
2   9   5   6   0.0006400561
2   9   5   7   0.0000000002
2   10   1   9   0.0052580027
2   10   1   10   0.0000000021
2   10   2   9   0.0000000021
2   10   2   10   0.1708640908
2   10   4   6   0.0003721976
2   10   4   7   0.0000000002
2   10   5   6   0.0000000002
2   10   5   7   0.0009197469
3   6   1   8   0.0018428630
3   6   3   6   0.1862226943
3   7   2   8   0.0018428662
3   7   3   7   0.1862227060
3   8   1   6   0.0013930174
3   8   2   7   0.0013930205
3   8   3   8   0.1714609274
3   8   4   9   0.0554889605
3   8   5   10   0.0554888730
3   9   3   9   0.1673991452
3   9   4   8   0.0554920493
3   10   3   10   0.1673990987
3   10   5   8   0.0554919621
4   6   1   9   0.0009197461
4   6   1   10   -0.0000000002
4   6   2   9   -0.0000000002
4   6   2   10   0.0003721976
4   6   4   6   0.1708640933
4   6   4   7   -0.0000000021
4   6   5   6   -0.0000000021
4   6   5   7   0.0052580027
4   7   1   9   -0.0000000002
4   7   1   10   0.0006400561
4   7   2   9   0.0019320035
4   7   2   10   0.0000000002
4   7   4   6   -0.0000000021
4   7   4   7   0.1814822743
4   7   5   6   0.0053601612
4   7   5   7   0.0000000021
4   8   3   9   0.0554920493
4   8   4   8   0.1673991452
4   9   1   6   0.0006621483
4   9   1   7   -0.0000000002
4   9   2   6   -0.0000000002
4   9   2   7   0.0014660840
4   9   3   8   0.0554889605
4   9   4   9   0.1816301874
4   9   5   10   0.0167980398
4   10   1   6   -0.0000000002
4   10   1   7   0.0005061208
4   10   2   6   0.0002978116
4   10   2   7   0.0000000002
4   10   4   10   0.1480532655
4   10   5   9   0.0167788077
5   6   1   9   -0.0000000002
5   6   1   10   0.0019320020
5   6   2   9   0.0006400561
5   6   2   10   0.0000000002
5   6   4   6   -0.0000000021
5   6   4   7   0.0053601612
5   6   5   6   0.1814822607
5   6   5   7   0.0000000021
5   7   1   9   0.0003721976
5   7   1   10   0.0000000002
5   7   2   9   0.0000000002
5   7   2   10   0.0009197469
5   7   4   6   0.0052580027
5   7   4   7   0.0000000021
5   7   5   6   0.0000000021
5   7   5   7   0.1708640908
5   8   3   10   0.0554919621
5   8   5   8   0.1673990987
5   9   1   6   -0.0000000002
5   9   1   7   0.0002978116
5   9   2   6   0.0005061208
5   9   2   7   0.0000000002
5   9   4   10   0.0167788077
5   9   5   9   0.1480532655
5   10   1   6   0.0014660827
5   10   1   7   0.0000000002
5   10   2   6   0.0000000002
5   10   2   7   0.0006621492
5   10   3   8   0.0554888730
5   10   4   9   0.0167980398
5   10   5   10   0.1816301368

End ABCD Block
Begin AIJB Block
1   5   1   6   0.0062778493
1   5   1   7   -0.0000000061
1   5   2   6   -0.0000000061
1   5   2   7   -0.0013532997
1   5   3   9   0.0013423721
1   5   3   10   -0.0000000090
1   5   4   9   -0.0000000043
1   5   4   10   0.0051550779
1   6   1   6   -0.0000000061
1   6   1   7   -0.0005363075
1   6   2   6   0.0043882390
1   6   2   7   0.0000000061
1   6   3   9   -0.0000000037
1   6   3   10   -0.0027524249
1   6   4   9   -0.0010602813
1   6   4   10   -0.0000000170
1   7   1   9   0.0001821152
1   7   1   10   -0.0000000023
1   7   2   9   -0.0000000004
1   7   2   10   -0.0006802148
1   7   3   6   0.0390359290
1   7   3   7   -0.0000000013
1   7   4   6   -0.0000000013
1   7   4   7   -0.0128093841
1   8   1   9   -0.0000000021
1   8   1   10   0.0014213639
1   8   2   9   -0.0005590328
1   8   2   10   -0.0000000047
1   8   3   6   -0.0000000013
1   8   3   7   0.0299694173
1   8   4   6   0.0561959639
1   8   4   7   0.0000000013
2   5   1   6   -0.0000000061
2   5   1   7   0.0043882400
2   5   2   6   -0.0005363075
2   5   2   7   0.0000000061
2   5   3   9   -0.0000000170
2   5   3   10   0.0010602791
2   5   4   9   0.0027524197
2   5   4   10   -0.0000000037
2   6   1   6   -0.0013532997
2   6   1   7   0.0000000061
2   6   2   6   0.0000000061
2   6   2   7   0.0062778500
2   6   3   9   -0.0051550742
2   6   3   10   -0.0000000043
2   6   4   9   -0.0000000090
2   6   4   10   -0.0013423772
2   7   1   9   -0.0000000047
2   7   1   10   0.0005590331
2   7   2   9   -0.0014213651
2   7   2   10   -0.0000000021
2   7   3   6   -0.0000000013
2   7   3   7   0.0561959444
2   7   4   6   0.0299694173
2   7   4   7   0.0000000013
2   8   1   9   0.0006802146
2   8   1   10   -0.0000000004
2   8   2   9   -0.0000000023
2   8   2   10   -0.0001821160
2   8   3   6   -0.0128093841
2   8   3   7   0.0000000013
2   8   4   6   0.0000000013
2   8   4   7   0.0390359218
3   5   1   8   0.0061580534
3   6   2   8   0.0061580568
3   7   3   8   0.0020722054
3   8   4   8   0.0020722025
4   5   1   9   0.0035755443
4   5   1   10   -0.0000000108
4   5   2   9   0.0000000108
4   5   2   10   -0.0012912810
4   5   3   6   0.0001821152
4   5   3   7   -0.0000000047
4   5   4   6   -0.0000000021
4   5   4   7   0.0006802146
4   6   1   9   0.0000000108
4   6   1   10   -0.0018894996
4   6   2   9   0.0067563368
4   6   2   10   0.0000000108
4   6   3   6   -0.0000000004
4   6   3   7   -0.0014213651
4   6   4   6   -0.0005590328
4   6   4   7   -0.0000000023
4   7   1   6   0.0013423721
4   7   1   7   -0.0000000170
4   7   2   6   -0.0000000037
4   7   2   7   -0.0051550742
4   7   3   9   0.0022520390
4   7   3   10   0.0000000002
4   7   4   9   -0.0000000002
4   7   4   10   0.0006679574
4   8   1   6   -0.0000000043
4   8   1   7   0.0027524197
4   8   2   6   -0.0010602813
4   8   2   7   -0.0000000090
4   8   3   9   -0.0000000002
4   8   3   10   0.0008991405
4   8   4   9   0.0006849381
4   8   4   10   -0.0000000002
5   5   1   9   -0.0000000108
5   5   1   10   0.0067563290
5   5   2   9   -0.0018894996
5   5   2   10   -0.0000000108
5   5   3   6   -0.0000000023
5   5   3   7   0.0005590331
5   5   4   6   0.0014213639
5   5   4   7   -0.0000000004
5   6   1   9   -0.0012912810
5   6   1   10   -0.0000000108
5   6   2   9   0.0000000108
5   6   2   10   0.0035755433
5   6   3   6   -0.0006802148
5   6   3   7   -0.0000000021
5   6   4   6   -0.0000000047
5   6   4   7   -0.0001821160
5   7   1   6   -0.0000000090
5   7   1   7   0.0010602791
5   7   2   6   -0.0027524249
5   7   2   7   -0.0000000043
5   7   3   9   0.0000000002
5   7   3   10   0.0006849389
5   7   4   9   0.0008991405
5   7   4   10   0.0000000002
5   8   1   6   0.0051550779
5   8   1   7   -0.0000000037
5   8   2   6   -0.0000000170
5   8   2   7   -0.0013423772
5   8   3   9   0.0006679574
5   8   3   10   0.0000000002
5   8   4   9   -0.0000000002
5   8   4   10   0.0022520371

1   5   5   1   -0.2670279464
1   5   5   2   0.0000000190
1   5   6   1   0.0000000190
1   5   6   2   0.0025208507
1   5   7   4   -0.0001169625
1   5   7   5   0.0000000024
1   5   8   4   0.0000000018
1   5   8   5   -0.0013078705
1   6   5   1   0.0000000190
1   6   5   2   0.0033918187
1   6   6   1   -0.2611152534
1   6   6   2   -0.0000000190
1   6   7   4   0.0000000002
1   6   7   5   0.0007122952
1   6   8   4   0.0004786131
1   6   8   5   0.0000000044
1   7   5   4   -0.0000748878
1   7   5   5   0.0000000025
1   7   6   4   0.0000000001
1   7   6   5   0.0007670886
1   7   7   1   -0.2699397671
1   7   7   2   0.0000000020
1   7   8   1   0.0000000020
1   7   8   2   -0.0145374397
1   8   5   4   0.0000000014
1   8   5   5   -0.0012068995
1   8   6   4   0.0003649235
1   8   6   5   0.0000000040
1   8   7   1   0.0000000020
1   8   7   2   -0.0124142610
1   8   8   1   -0.2968914576
1   8   8   2   -0.0000000020
2   5   5   1   0.0000000190
2   5   5   2   -0.2611152605
2   5   6   1   0.0033918187
2   5   6   2   -0.0000000190
2   5   7   4   0.0000000044
2   5   7   5   -0.0004786124
2   5   8   4   -0.0007122958
2   5   8   5   0.0000000002
2   6   5   1   0.0025208507
2   6   5   2   -0.0000000190
2   6   6   1   -0.0000000190
2   6   6   2   -0.2670279265
2   6   7   4   0.0013078706
2   6   7   5   0.0000000018
2   6   8   4   0.0000000024
2   6   8   5   0.0001169630
2   7   5   4   0.0000000040
2   7   5   5   -0.0003649229
2   7   6   4   0.0012068991
2   7   6   5   0.0000000014
2   7   7   1   0.0000000020
2   7   7   2   -0.2968914406
2   7   8   1   -0.0124142610
2   7   8   2   -0.0000000020
2   8   5   4   -0.0007670890
2   8   5   5   0.0000000001
2   8   6   4   0.0000000025
2   8   6   5   0.0000748884
2   8   7   1   -0.0145374397
2   8   7   2   -0.0000000020
2   8   8   1   -0.0000000020
2   8   8   2   -0.2699397508
3   5   5   3   -0.1957236989
3   6   6   3   -0.1957237141
3   7   7   3   -0.1899422736
3   8   8   3   -0.1899422523
4   5   5   4   -0.1787850727
4   5   5   5   0.0000000444
4   5   6   4   -0.0000000444
4   5   6   5   0.0065220678
4   5   7   1   -0.0000748878
4   5   7   2   0.0000000040
4   5   8   1   0.0000000014
4   5   8   2   -0.0007670890
4   6   5   4   -0.0000000444
4   6   5   5   0.0065096754
4   6   6   4   -0.1918168471
4   6   6   5   -0.0000000444
4   6   7   1   0.0000000001
4   6   7   2   0.0012068991
4   6   8   1   0.0003649235
4   6   8   2   0.0000000025
4   7   5   1   -0.0001169625
4   7   5   2   0.0000000044
4   7   6   1   0.0000000002
4   7   6   2   0.0013078706
4   7   7   4   -0.1866337284
4   7   7   5   -0.0000000020
4   7   8   4   0.0000000020
4   7   8   5   -0.0082838871
4   8   5   1   0.0000000018
4   8   5   2   -0.0007122958
4   8   6   1   0.0004786131
4   8   6   2   0.0000000024
4   8   7   4   0.0000000020
4   8   7   5   -0.0082102342
4   8   8   4   -0.1701395861
4   8   8   5   0.0000000020
5   5   5   4   0.0000000444
5   5   5   5   -0.1918168193
5   5   6   4   0.0065096754
5   5   6   5   0.0000000444
5   5   7   1   0.0000000025
5   5   7   2   -0.0003649229
5   5   8   1   -0.0012068995
5   5   8   2   0.0000000001
5   6   5   4   0.0065220678
5   6   5   5   0.0000000444
5   6   6   4   -0.0000000444
5   6   6   5   -0.1787850603
5   6   7   1   0.0007670886
5   6   7   2   0.0000000014
5   6   8   1   0.0000000040
5   6   8   2   0.0000748884
5   7   5   1   0.0000000024
5   7   5   2   -0.0004786124
5   7   6   1   0.0007122952
5   7   6   2   0.0000000018
5   7   7   4   -0.0000000020
5   7   7   5   -0.1701395905
5   7   8   4   -0.0082102342
5   7   8   5   -0.0000000020
5   8   5   1   -0.0013078705
5   8   5   2   0.0000000002
5   8   6   1   0.0000000044
5   8   6   2   0.0001169630
5   8   7   4   -0.0082838871
5   8   7   5   -0.0000000020
5   8   8   4   0.0000000020
5   8   8   5   -0.1866337065

End AIJB Block
Begin IJKA Block
1   5   1   8   0.0000000230
1   5   2   8   0.0023484179
1   6   1   8   0.0023484381
1   6   2   8   -0.0000000230
1   7   3   8   0.0000000005
1   7   4   8   0.0001687344
1   8   3   8   0.0001687349
1   8   4   8   -0.0000000005
2   5   1   8   0.0023484182
2   5   2   8   -0.0000000230
2   6   1   8   -0.0000000230
2   6   2   8   -0.0023483982
2   7   3   8   0.0001687361
2   7   4   8   -0.0000000005
2   8   3   8   -0.0000000005
2   8   4   8   -0.0001687334
3   5   3   8   -0.0000000024
3   5   4   8   -0.0007495689
3   6   3   8   -0.0007495466
3   6   4   8   0.0000000024
3   7   1   8   -0.0000000001
3   7   2   8   -0.0000201754
3   8   1   8   -0.0000201763
3   8   2   8   0.0000000001
4   5   3   8   -0.0007495689
4   5   4   8   0.0000000024
4   6   3   8   0.0000000024
4   6   4   8   0.0007495905
4   7   1   8   -0.0000201769
4   7   2   8   0.0000000001
4   8   1   8   0.0000000001
4   8   2   8   0.0000201779

End IJKA Block
Begin IABC Block
1   6   1   8   -0.0000000034
1   6   2   8   0.0010145418
1   6   3   6   -0.0000000024
1   6   3   7   0.0007056607
1   7   1   8   0.0010145433
1   7   2   8   0.0000000034
1   7   3   6   0.0007056609
1   7   3   7   0.0000000024
1   8   1   6   -0.0000000033
1   8   1   7   0.0009854544
1   8   2   6   0.0009854530
1   8   2   7   0.0000000033
1   8   4   9   -0.0000000141
1   8   4   10   -0.0047598784
1   8   5   9   -0.0047598767
1   8   5   10   0.0000000141
1   9   3   9   -0.0000000167
1   9   3   10   -0.0056532339
1   9   4   8   -0.0000000139
1   9   5   8   -0.0047085229
1   10   3   9   -0.0056532339
1   10   3   10   0.0000000167
1   10   4   8   -0.0047085245
1   10   5   8   0.0000000139
2   6   1   8   -0.0010145404
2   6   2   8   -0.0000000034
2   6   3   6   -0.0007056401
2   6   3   7   -0.0000000024
2   7   1   8   -0.0000000034
2   7   2   8   0.0010145433
2   7   3   6   -0.0000000024
2   7   3   7   0.0007056793
2   8   1   6   -0.0009854516
2   8   1   7   -0.0000000033
2   8   2   6   -0.0000000033
2   8   2   7   0.0009854545
2   8   3   8   -0.0000000016
2   8   4   9   -0.0047598942
2   8   4   10   0.0000000141
2   8   5   9   0.0000000141
2   8   5   10   0.0047598721
2   9   3   9   -0.0056532408
2   9   3   10   0.0000000167
2   9   4   8   -0.0047085403
2   9   5   8   0.0000000139
2   10   3   9   0.0000000167
2   10   3   10   0.0056532406
2   10   4   8   0.0000000139
2   10   5   8   0.0047085183
3   6   3   9   -0.0000000001
3   6   3   10   0.0009534727
3   6   4   8   -0.0000000001
3   6   5   8   0.0008518120
3   7   3   9   -0.0009534757
3   7   3   10   -0.0000000001
3   7   4   8   -0.0008518147
3   7   5   8   -0.0000000001
3   8   1   9   -0.0000000037
3   8   1   10   0.0256682134
3   8   2   9   -0.0256682396
3   8   2   10   -0.0000000037
3   8   4   6   -0.0000000001
3   8   4   7   -0.0009766047
3   8   5   6   0.0009766017
3   8   5   7   -0.0000000001
3   9   1   8   -0.0000000037
3   9   2   8   -0.0256030929
3   9   3   6   -0.0000000002
3   9   3   7   -0.0011301408
3   10   1   8   0.0256030666
3   10   2   8   -0.0000000037
3   10   3   6   0.0011301375
3   10   3   7   -0.0000000002
4   6   3   9   0.0009534717
4   6   3   10   0.0000000001
4   6   4   8   0.0008518110
4   6   5   8   0.0000000001
4   7   3   9   -0.0000000001
4   7   3   10   0.0009534726
4   7   4   8   -0.0000000001
4   7   5   8   0.0008518121
4   8   1   9   0.0256682291
4   8   1   10   0.0000000037
4   8   2   9   -0.0000000037
4   8   2   10   0.0256682100
4   8   4   6   0.0009766006
4   8   4   7   -0.0000000001
4   8   5   6   0.0000000001
4   8   5   7   0.0009766017
4   9   1   8   0.0256030823
4   9   2   8   -0.0000000037
4   9   3   6   0.0011301364
4   9   3   7   -0.0000000002
4   10   1   8   0.0000000037
4   10   2   8   0.0256030632
4   10   3   6   0.0000000002
4   10   3   7   0.0011301373

End IABC Block
