Begin IJ Block
1   1   -3.1751503575
2   2   -3.2581596522
3   3   -3.2581596522

End IJ Block
Begin IA Block

End IA Block
Begin AB Block
1   1   -2.4825072662
2   2   -2.4825072662
3   3   -1.2836815499

End AB Block
Begin IJKL Block
1   4   1   4   0.5434063663
1   4   2   5   0.0187810224
1   4   3   6   0.0187810224
1   5   1   5   0.5002192044
1   5   2   4   0.0229442717
1   6   1   6   0.5002192044
1   6   3   4   0.0229442717
2   4   1   5   0.0229442717
2   4   2   4   0.5002192044
2   5   1   4   0.0187810224
2   5   2   5   0.5680459202
2   5   3   6   0.0176792796
2   6   2   6   0.5293835177
2   6   3   5   0.0209831229
3   4   1   6   0.0229442717
3   4   3   4   0.5002192044
3   5   2   6   0.0209831229
3   5   3   5   0.5293835177
3   6   1   4   0.0187810224
3   6   2   5   0.0176792796
3   6   3   6   0.5680459202

End IJKL Block
Begin IJAB Block
1   4   1   4   0.0284446900
1   4   2   5   0.0284446900
1   4   3   6   0.0156972357
1   5   1   6   0.0063171283
1   5   2   6   -0.0067337585
1   5   3   4   0.0016817628
1   5   3   5   -0.0017926792
1   6   1   6   -0.0067337585
1   6   2   6   -0.0063171283
1   6   3   4   -0.0017926792
1   6   3   5   -0.0016817628
2   4   1   6   0.0016817628
2   4   2   6   -0.0017926792
2   4   3   4   0.0063171283
2   4   3   5   -0.0067337585
2   5   1   4   0.0603578224
2   5   1   5   -0.0497008345
2   5   2   4   -0.0497008345
2   5   2   5   0.0667107982
2   5   3   6   0.0079524341
2   6   1   4   -0.0497008345
2   6   1   5   -0.0310151349
2   6   2   4   0.0373681108
2   6   2   5   0.0497008345
3   4   1   6   -0.0017926792
3   4   2   6   -0.0016817628
3   4   3   4   -0.0067337585
3   4   3   5   -0.0063171283
3   5   1   4   -0.0497008345
3   5   1   5   0.0373681108
3   5   2   4   -0.0310151349
3   5   2   5   0.0497008345
3   6   1   4   0.0667107982
3   6   1   5   0.0497008345
3   6   2   4   0.0497008345
3   6   2   5   0.0603578224
3   6   3   6   0.0079524341

End IJAB Block
Begin ABCD Block
1   4   1   4   0.4441935482
1   4   2   5   0.0135803356
1   4   3   6   0.0092240556
1   5   1   5   0.4140918874
1   5   2   4   0.0165213252
1   6   1   6   0.2806037098
1   6   3   4   0.0098198577
2   4   1   5   0.0165213252
2   4   2   4   0.4140918874
2   5   1   4   0.0135803356
2   5   2   5   0.4441935482
2   5   3   6   0.0092240556
2   6   2   6   0.2806037098
2   6   3   5   0.0098198577
3   4   1   6   0.0098198577
3   4   3   4   0.2806037098
3   5   2   6   0.0098198577
3   5   3   5   0.2806037098
3   6   1   4   0.0092240556
3   6   2   5   0.0092240556
3   6   3   6   0.3032679059

End ABCD Block
Begin AIJB Block
1   4   1   4   0.0335845076
1   4   2   6   0.0013964551
1   4   3   6   -0.0014885547
1   5   1   6   0.0050532681
1   5   2   4   0.0618225962
1   5   2   5   -0.0511970087
1   5   3   4   -0.0511970087
1   5   3   5   0.0408878154
1   6   1   6   -0.0053865436
1   6   2   4   -0.0511970087
1   6   2   5   -0.0343435921
1   6   3   4   0.0683668195
1   6   3   5   0.0511970087
2   4   1   5   0.0335845076
2   4   2   6   -0.0014885547
2   4   3   6   -0.0013964551
2   5   1   6   -0.0053865436
2   5   2   4   -0.0511970087
2   5   2   5   0.0683668195
2   5   3   4   -0.0343435921
2   5   3   5   0.0511970087
2   6   1   6   -0.0050532681
2   6   2   4   0.0408878154
2   6   2   5   0.0511970087
2   6   3   4   0.0511970087
2   6   3   5   0.0618225962
3   4   1   6   0.0148834473
3   4   2   4   0.0050532681
3   4   2   5   -0.0053865436
3   4   3   4   -0.0053865436
3   4   3   5   -0.0050532681
3   5   1   4   0.0013964551
3   5   1   5   -0.0014885547
3   5   2   6   0.0072257498
3   6   1   4   -0.0014885547
3   6   1   5   -0.0013964551
3   6   3   6   0.0072257498

1   4   4   1   -0.4661271857
1   4   5   3   -0.0027324651
1   4   6   3   0.0029126779
1   5   4   3   -0.0025543505
1   5   5   1   -0.4778296748
1   5   5   2   0.0173569313
1   5   6   1   0.0173569313
1   5   6   2   -0.0000435431
1   6   4   3   0.0027228162
1   6   5   1   0.0173569313
1   6   5   2   -0.0021750951
1   6   6   1   -0.4800483129
1   6   6   2   -0.0173569313
2   4   4   2   -0.4661271857
2   4   5   3   0.0029126779
2   4   6   3   0.0027324651
2   5   4   3   0.0027228162
2   5   5   1   0.0173569313
2   5   5   2   -0.4800483129
2   5   6   1   -0.0021750951
2   5   6   2   -0.0173569313
2   6   4   3   0.0025543505
2   6   5   1   -0.0000435431
2   6   5   2   -0.0173569313
2   6   6   1   -0.0173569313
2   6   6   2   -0.4778296748
3   4   4   3   -0.3066598827
3   4   5   1   -0.0025543505
3   4   5   2   0.0027228162
3   4   6   1   0.0027228162
3   4   6   2   0.0025543505
3   5   4   1   -0.0027324651
3   5   4   2   0.0029126779
3   5   5   3   -0.2836071891
3   6   4   1   0.0029126779
3   6   4   2   0.0027324651
3   6   6   3   -0.2836071891

End AIJB Block
Begin IJKA Block

End IJKA Block
Begin IABC Block

End IABC Block
