Begin IJ Block
1   1   -4.2573773740
1   2   -0.0000000001
1   3   -0.0715765206
2   2   -4.2568245201
2   3   0.0000000001
2   5   0.0000000000
3   3   -3.6500964972
4   4   -3.6397854125
5   5   -3.6397854125

End IJ Block
Begin IA Block
1   1   0.0000000000
1   3   0.0000000000
2   3   0.1375050499
3   1   0.0000000000
3   2   0.0000000000
3   3   0.0000000002
4   1   -0.0000000015
4   2   -0.0000000028
5   1   -0.0000000028
5   2   0.0000000015
5   3   0.0000000000

End IA Block
Begin AB Block
1   1   -3.6514306662
2   2   -3.6514306662
3   3   -3.7083617411

End AB Block
Begin IJKL Block
1   6   1   6   0.4282677924
1   6   1   7   -0.0000000001
1   6   1   8   0.0064762494
1   6   2   6   -0.0000000001
1   6   2   7   0.2688537273
1   6   2   8   0.0000000000
1   6   3   6   0.0064762494
1   6   3   7   0.0000000000
1   6   3   8   0.0656276837
1   6   4   9   0.0656534340
1   6   5   10   0.0656534340
1   7   1   6   -0.0000000001
1   7   1   7   0.4293264476
1   7   1   8   0.0000000000
1   7   1   10   -0.0000000000
1   7   2   6   0.2688537273
1   7   2   7   0.0000000001
1   7   2   8   -0.0281489728
1   7   3   6   0.0000000000
1   7   3   7   0.0003290408
1   7   3   8   -0.0000000001
1   7   3   10   -0.0000000000
1   7   4   9   -0.0000000014
1   7   4   10   0.0000000010
1   7   5   8   -0.0000000000
1   7   5   9   0.0000000010
1   7   5   10   0.0000000015
1   8   1   6   0.0064762494
1   8   1   7   0.0000000000
1   8   1   8   0.3983153468
1   8   2   6   0.0000000000
1   8   2   7   -0.0281489728
1   8   2   8   -0.0000000003
1   8   2   10   -0.0000000000
1   8   3   6   0.0656276837
1   8   3   7   -0.0000000001
1   8   3   8   0.0093825241
1   8   4   9   -0.0004875786
1   8   5   7   -0.0000000000
1   8   5   10   -0.0004875786
1   9   1   9   0.3999056955
1   9   2   9   -0.0000000052
1   9   2   10   0.0000000036
1   9   3   9   0.0064838839
1   9   4   6   0.0656534340
1   9   4   7   -0.0000000014
1   9   4   8   -0.0004875786
1   9   5   7   0.0000000010
1   10   1   7   -0.0000000000
1   10   1   10   0.3999056955
1   10   2   8   -0.0000000000
1   10   2   9   0.0000000036
1   10   2   10   0.0000000055
1   10   3   7   -0.0000000000
1   10   3   10   0.0064838839
1   10   4   7   0.0000000010
1   10   5   6   0.0656534340
1   10   5   7   0.0000000015
1   10   5   8   -0.0004875786
2   6   1   6   -0.0000000001
2   6   1   7   0.2688537273
2   6   1   8   0.0000000000
2   6   2   6   0.4293264476
2   6   2   7   0.0000000001
2   6   2   8   0.0003290408
2   6   3   6   0.0000000000
2   6   3   7   -0.0281489728
2   6   3   8   -0.0000000001
2   6   3   10   -0.0000000000
2   6   4   9   -0.0000000014
2   6   4   10   0.0000000010
2   6   5   6   -0.0000000000
2   6   5   8   -0.0000000000
2   6   5   9   0.0000000010
2   6   5   10   0.0000000015
2   7   1   6   0.2688537273
2   7   1   7   0.0000000001
2   7   1   8   -0.0281489728
2   7   2   6   0.0000000001
2   7   2   7   0.4309940415
2   7   2   8   -0.0000000000
2   7   3   6   -0.0281489728
2   7   3   7   -0.0000000000
2   7   3   8   0.0613991309
2   7   4   9   0.0635902174
2   7   5   10   0.0635902174
2   8   1   6   0.0000000000
2   8   1   7   -0.0281489728
2   8   1   8   -0.0000000003
2   8   1   10   -0.0000000000
2   8   2   6   0.0003290408
2   8   2   7   -0.0000000000
2   8   2   8   0.3984453919
2   8   3   6   -0.0000000001
2   8   3   7   0.0613991309
2   8   3   8   0.0000000000
2   8   3   10   0.0000000000
2   8   4   9   0.0000000000
2   8   4   10   -0.0000000000
2   8   5   6   -0.0000000000
2   8   5   9   -0.0000000000
2   8   5   10   -0.0000000001
2   9   1   9   -0.0000000052
2   9   1   10   0.0000000036
2   9   2   9   0.4007929590
2   9   3   9   0.0000000005
2   9   3   10   -0.0000000004
2   9   4   6   -0.0000000014
2   9   4   7   0.0635902174
2   9   4   8   0.0000000000
2   9   5   6   0.0000000010
2   9   5   8   -0.0000000000
2   10   1   8   -0.0000000000
2   10   1   9   0.0000000036
2   10   1   10   0.0000000055
2   10   2   10   0.4007929590
2   10   3   6   -0.0000000000
2   10   3   8   0.0000000000
2   10   3   9   -0.0000000004
2   10   3   10   -0.0000000005
2   10   4   6   0.0000000010
2   10   4   8   -0.0000000000
2   10   5   6   0.0000000015
2   10   5   7   0.0635902174
2   10   5   8   -0.0000000001
2   10   5   10   -0.0000000000
3   6   1   6   0.0064762494
3   6   1   7   0.0000000000
3   6   1   8   0.0656276837
3   6   2   6   0.0000000000
3   6   2   7   -0.0281489728
3   6   2   8   -0.0000000001
3   6   2   10   -0.0000000000
3   6   3   6   0.3983153468
3   6   3   7   -0.0000000003
3   6   3   8   0.0093825241
3   6   4   9   -0.0004875786
3   6   5   7   -0.0000000000
3   6   5   10   -0.0004875786
3   7   1   6   0.0000000000
3   7   1   7   0.0003290408
3   7   1   8   -0.0000000001
3   7   1   10   -0.0000000000
3   7   2   6   -0.0281489728
3   7   2   7   -0.0000000000
3   7   2   8   0.0613991309
3   7   3   6   -0.0000000003
3   7   3   7   0.3984453919
3   7   3   8   0.0000000000
3   7   4   9   0.0000000000
3   7   4   10   -0.0000000000
3   7   5   6   -0.0000000000
3   7   5   8   0.0000000000
3   7   5   9   -0.0000000000
3   7   5   10   -0.0000000001
3   8   1   6   0.0656276837
3   8   1   7   -0.0000000001
3   8   1   8   0.0093825241
3   8   2   6   -0.0000000001
3   8   2   7   0.0613991309
3   8   2   8   0.0000000000
3   8   2   10   0.0000000000
3   8   3   6   0.0093825241
3   8   3   7   0.0000000000
3   8   3   8   0.3970562766
3   8   4   9   0.0156336393
3   8   5   7   0.0000000000
3   8   5   10   0.0156336393
3   9   1   9   0.0064838839
3   9   2   9   0.0000000005
3   9   2   10   -0.0000000004
3   9   3   9   0.3652662162
3   9   4   6   -0.0004875786
3   9   4   7   0.0000000000
3   9   4   8   0.0156336393
3   9   5   7   -0.0000000000
3   10   1   7   -0.0000000000
3   10   1   10   0.0064838839
3   10   2   6   -0.0000000000
3   10   2   8   0.0000000000
3   10   2   9   -0.0000000004
3   10   2   10   -0.0000000005
3   10   3   10   0.3652662162
3   10   4   7   -0.0000000000
3   10   5   6   -0.0004875786
3   10   5   7   -0.0000000001
3   10   5   8   0.0156336393
4   6   1   9   0.0656534340
4   6   2   9   -0.0000000014
4   6   2   10   0.0000000010
4   6   3   9   -0.0004875786
4   6   4   6   0.3999056955
4   6   4   7   -0.0000000052
4   6   4   8   0.0064838839
4   6   5   7   0.0000000036
4   7   1   9   -0.0000000014
4   7   1   10   0.0000000010
4   7   2   9   0.0635902174
4   7   3   9   0.0000000000
4   7   3   10   -0.0000000000
4   7   4   6   -0.0000000052
4   7   4   7   0.4007929590
4   7   4   8   0.0000000005
4   7   5   6   0.0000000036
4   7   5   8   -0.0000000004
4   8   1   9   -0.0004875786
4   8   2   9   0.0000000000
4   8   2   10   -0.0000000000
4   8   3   9   0.0156336393
4   8   4   6   0.0064838839
4   8   4   7   0.0000000005
4   8   4   8   0.3652662162
4   8   5   7   -0.0000000004
4   9   1   6   0.0656534340
4   9   1   7   -0.0000000014
4   9   1   8   -0.0004875786
4   9   2   6   -0.0000000014
4   9   2   7   0.0635902174
4   9   2   8   0.0000000000
4   9   3   6   -0.0004875786
4   9   3   7   0.0000000000
4   9   3   8   0.0156336393
4   9   4   9   0.3976332639
4   9   5   10   0.0157467576
4   10   1   7   0.0000000010
4   10   2   6   0.0000000010
4   10   2   8   -0.0000000000
4   10   3   7   -0.0000000000
4   10   4   10   0.3661397488
4   10   5   9   0.0157467576
5   6   1   10   0.0656534340
5   6   2   6   -0.0000000000
5   6   2   8   -0.0000000000
5   6   2   9   0.0000000010
5   6   2   10   0.0000000015
5   6   3   7   -0.0000000000
5   6   3   10   -0.0004875786
5   6   4   7   0.0000000036
5   6   5   6   0.3999056955
5   6   5   7   0.0000000055
5   6   5   8   0.0064838839
5   7   1   8   -0.0000000000
5   7   1   9   0.0000000010
5   7   1   10   0.0000000015
5   7   2   10   0.0635902174
5   7   3   6   -0.0000000000
5   7   3   8   0.0000000000
5   7   3   9   -0.0000000000
5   7   3   10   -0.0000000001
5   7   4   6   0.0000000036
5   7   4   8   -0.0000000004
5   7   5   6   0.0000000055
5   7   5   7   0.4007929590
5   7   5   8   -0.0000000005
5   7   5   10   -0.0000000000
5   8   1   7   -0.0000000000
5   8   1   10   -0.0004875786
5   8   2   6   -0.0000000000
5   8   2   9   -0.0000000000
5   8   2   10   -0.0000000001
5   8   3   7   0.0000000000
5   8   3   10   0.0156336393
5   8   4   7   -0.0000000004
5   8   5   6   0.0064838839
5   8   5   7   -0.0000000005
5   8   5   8   0.3652662162
5   9   1   7   0.0000000010
5   9   2   6   0.0000000010
5   9   2   8   -0.0000000000
5   9   3   7   -0.0000000000
5   9   4   10   0.0157467576
5   9   5   9   0.3661397488
5   10   1   6   0.0656534340
5   10   1   7   0.0000000015
5   10   1   8   -0.0004875786
5   10   2   6   0.0000000015
5   10   2   7   0.0635902174
5   10   2   8   -0.0000000001
5   10   2   10   -0.0000000000
5   10   3   6   -0.0004875786
5   10   3   7   -0.0000000001
5   10   3   8   0.0156336393
5   10   4   9   0.0157467576
5   10   5   7   -0.0000000000
5   10   5   10   0.3976332639

End IJKL Block
Begin IJAB Block
1   6   1   4   0.0640113487
1   6   2   5   0.0640113487
1   6   3   6   0.0646075321
1   7   1   4   -0.0000000016
1   7   1   5   0.0000000006
1   7   1   6   0.0000000000
1   7   2   4   0.0000000006
1   7   2   5   0.0000000015
1   7   3   4   0.0000000000
1   7   3   6   0.0000000001
1   8   1   4   -0.0028626843
1   8   2   5   -0.0028626843
1   8   3   6   0.0038275809
1   9   1   6   0.0003325551
1   9   2   6   -0.0033731272
1   9   3   4   0.0004116151
1   9   3   5   -0.0041750373
1   10   1   6   0.0033731272
1   10   2   6   0.0003325551
1   10   3   4   0.0041750373
1   10   3   5   0.0004116151
2   6   1   4   -0.0000000016
2   6   1   5   0.0000000006
2   6   1   6   0.0000000000
2   6   2   4   0.0000000006
2   6   2   5   0.0000000015
2   6   3   4   0.0000000000
2   6   3   6   0.0000000001
2   7   1   4   0.0671838082
2   7   2   5   0.0671838082
2   7   3   6   0.0690536283
2   8   1   4   0.0000000001
2   8   1   5   -0.0000000000
2   8   1   6   -0.0000000000
2   8   2   4   -0.0000000000
2   8   2   5   -0.0000000001
2   8   3   6   -0.0000000000
2   9   1   5   0.0000000000
2   9   3   4   -0.0000000000
2   9   3   5   -0.0000000000
2   10   1   4   -0.0000000000
2   10   3   4   -0.0000000000
2   10   3   5   0.0000000000
3   6   1   4   -0.0028626843
3   6   2   5   -0.0028626843
3   6   3   6   0.0038275809
3   7   1   4   0.0000000001
3   7   1   5   -0.0000000000
3   7   2   4   -0.0000000000
3   7   2   5   -0.0000000001
3   7   3   4   -0.0000000000
3   7   3   6   -0.0000000000
3   8   1   4   0.0150705373
3   8   2   5   0.0150705373
3   8   3   6   0.2303547151
3   9   1   6   0.0015119377
3   9   2   6   -0.0153356767
3   9   3   4   0.0201997798
3   9   3   5   -0.2048876075
3   10   1   6   0.0153356767
3   10   2   6   0.0015119377
3   10   3   4   0.2048876075
3   10   3   5   0.0201997798
4   6   1   6   0.0004116151
4   6   2   6   -0.0041750373
4   6   3   4   0.0003325551
4   6   3   5   -0.0033731272
4   7   1   6   -0.0000000000
4   7   2   4   0.0000000000
4   7   2   6   -0.0000000000
4   8   1   6   0.0201997798
4   8   2   6   -0.2048876075
4   8   3   4   0.0015119377
4   8   3   5   -0.0153356767
4   9   1   4   0.0180532160
4   9   1   5   -0.0222407142
4   9   2   4   -0.0222407142
4   9   2   5   0.2414494442
4   9   3   6   0.0164098011
4   10   1   4   0.0222407142
4   10   1   5   -0.0136678114
4   10   2   4   -0.2097284169
4   10   2   5   -0.0222407142
5   6   1   6   0.0041750373
5   6   2   6   0.0004116151
5   6   3   4   0.0033731272
5   6   3   5   0.0003325551
5   7   1   4   -0.0000000000
5   7   1   6   -0.0000000000
5   7   2   6   0.0000000000
5   8   1   6   0.2048876075
5   8   2   6   0.0201997798
5   8   3   4   0.0153356767
5   8   3   5   0.0015119377
5   9   1   4   0.0222407142
5   9   1   5   -0.2097284169
5   9   2   4   -0.0136678114
5   9   2   5   -0.0222407142
5   10   1   4   0.2414494442
5   10   1   5   0.0222407142
5   10   2   4   0.0222407142
5   10   2   5   0.0180532160
5   10   3   6   0.0164098011

End IJAB Block
Begin ABCD Block
1   4   1   4   0.4028473268
1   4   2   5   0.0162361107
1   4   3   6   0.0168124457
1   5   1   5   0.3703751054
1   5   2   4   0.0162361107
1   6   1   6   0.3775834225
1   6   3   4   0.0168124457
2   4   1   5   0.0162361107
2   4   2   4   0.3703751054
2   5   1   4   0.0162361107
2   5   2   5   0.4028473268
2   5   3   6   0.0168124457
2   6   2   6   0.3775834225
2   6   3   5   0.0168124457
3   4   1   6   0.0168124457
3   4   3   4   0.3775834225
3   5   2   6   0.0168124457
3   5   3   5   0.3775834225
3   6   1   4   0.0168124457
3   6   2   5   0.0168124457
3   6   3   6   0.4189206998

End ABCD Block
Begin AIJB Block
1   6   1   4   0.0640113487
1   6   2   4   -0.0000000016
1   6   2   5   0.0000000006
1   6   2   6   0.0000000000
1   6   3   4   -0.0028626843
1   6   4   6   0.0004116151
1   6   5   6   0.0041750373
1   7   1   4   -0.0000000016
1   7   1   5   0.0000000006
1   7   1   6   0.0000000000
1   7   2   4   0.0671838082
1   7   3   4   0.0000000001
1   7   3   5   -0.0000000000
1   7   4   6   -0.0000000000
1   7   5   4   -0.0000000000
1   7   5   6   -0.0000000000
1   8   1   4   -0.0028626843
1   8   2   4   0.0000000001
1   8   2   5   -0.0000000000
1   8   2   6   -0.0000000000
1   8   3   4   0.0150705373
1   8   4   6   0.0201997798
1   8   5   6   0.2048876075
1   9   1   6   0.0003325551
1   9   2   5   0.0000000000
1   9   3   6   0.0015119377
1   9   4   4   0.0180532160
1   9   4   5   -0.0222407142
1   9   5   4   0.0222407142
1   9   5   5   -0.2097284169
1   10   1   6   0.0033731272
1   10   2   4   -0.0000000000
1   10   3   6   0.0153356767
1   10   4   4   0.0222407142
1   10   4   5   -0.0136678114
1   10   5   4   0.2414494442
1   10   5   5   0.0222407142
2   6   1   5   0.0640113487
2   6   2   4   0.0000000006
2   6   2   5   0.0000000015
2   6   3   5   -0.0028626843
2   6   4   6   -0.0041750373
2   6   5   6   0.0004116151
2   7   1   4   0.0000000006
2   7   1   5   0.0000000015
2   7   2   5   0.0671838082
2   7   3   4   -0.0000000000
2   7   3   5   -0.0000000001
2   7   4   4   0.0000000000
2   7   4   6   -0.0000000000
2   7   5   6   0.0000000000
2   8   1   5   -0.0028626843
2   8   2   4   -0.0000000000
2   8   2   5   -0.0000000001
2   8   3   5   0.0150705373
2   8   4   6   -0.2048876075
2   8   5   6   0.0201997798
2   9   1   6   -0.0033731272
2   9   3   6   -0.0153356767
2   9   4   4   -0.0222407142
2   9   4   5   0.2414494442
2   9   5   4   -0.0136678114
2   9   5   5   -0.0222407142
2   10   1   6   0.0003325551
2   10   3   6   0.0015119377
2   10   4   4   -0.2097284169
2   10   4   5   -0.0222407142
2   10   5   4   0.0222407142
2   10   5   5   0.0180532160
3   6   1   6   0.0646075321
3   6   2   4   0.0000000000
3   6   2   6   0.0000000001
3   6   3   6   0.0038275809
3   6   4   4   0.0003325551
3   6   4   5   -0.0033731272
3   6   5   4   0.0033731272
3   6   5   5   0.0003325551
3   7   1   4   0.0000000000
3   7   1   6   0.0000000001
3   7   2   6   0.0690536283
3   7   3   4   -0.0000000000
3   7   3   6   -0.0000000000
3   8   1   6   0.0038275809
3   8   2   6   -0.0000000000
3   8   3   6   0.2303547151
3   8   4   4   0.0015119377
3   8   4   5   -0.0153356767
3   8   5   4   0.0153356767
3   8   5   5   0.0015119377
3   9   1   4   0.0004116151
3   9   1   5   -0.0041750373
3   9   2   4   -0.0000000000
3   9   2   5   -0.0000000000
3   9   3   4   0.0201997798
3   9   3   5   -0.2048876075
3   9   4   6   0.0164098011
3   10   1   4   0.0041750373
3   10   1   5   0.0004116151
3   10   2   4   -0.0000000000
3   10   2   5   0.0000000000
3   10   3   4   0.2048876075
3   10   3   5   0.0201997798
3   10   5   6   0.0164098011

1   6   6   1   -0.4024465110
1   6   7   1   0.0000000058
1   6   7   2   -0.0000000024
1   6   7   3   -0.0000000000
1   6   8   1   -0.0043875423
1   6   9   3   -0.0003743623
1   6   10   3   -0.0037971800
1   7   6   1   0.0000000058
1   7   6   2   -0.0000000024
1   7   6   3   -0.0000000000
1   7   7   1   -0.4035769390
1   7   8   1   -0.0000000006
1   7   8   2   0.0000000002
1   7   8   3   0.0000000000
1   7   10   1   0.0000000000
1   7   10   3   0.0000000000
1   8   6   1   -0.0043875423
1   8   7   1   -0.0000000006
1   8   7   2   0.0000000002
1   8   7   3   0.0000000000
1   8   8   1   -0.3667644067
1   8   9   3   -0.0015645303
1   8   10   3   -0.0158691273
1   9   6   3   -0.0003743623
1   9   8   3   -0.0015645303
1   9   9   1   -0.3684987407
1   9   9   2   0.0031208242
1   9   10   1   -0.0031208242
1   9   10   2   0.0156735153
1   10   6   3   -0.0037971800
1   10   7   1   0.0000000000
1   10   7   3   0.0000000000
1   10   8   3   -0.0158691273
1   10   9   1   -0.0031208242
1   10   9   2   0.0156735153
1   10   10   1   -0.3998457713
1   10   10   2   -0.0031208242
2   6   6   2   -0.4024465110
2   6   7   1   -0.0000000024
2   6   7   2   -0.0000000055
2   6   7   3   -0.0000000000
2   6   8   2   -0.0043875423
2   6   9   3   0.0037971800
2   6   10   3   -0.0003743623
2   7   6   1   -0.0000000024
2   7   6   2   -0.0000000055
2   7   6   3   -0.0000000000
2   7   7   2   -0.4035769390
2   7   8   1   0.0000000002
2   7   8   2   0.0000000006
2   8   6   2   -0.0043875423
2   8   7   1   0.0000000002
2   8   7   2   0.0000000006
2   8   8   2   -0.3667644067
2   8   9   3   0.0158691273
2   8   10   3   -0.0015645303
2   9   6   3   0.0037971800
2   9   8   3   0.0158691273
2   9   9   1   0.0031208242
2   9   9   2   -0.3998457713
2   9   10   1   0.0156735153
2   9   10   2   0.0031208242
2   10   6   3   -0.0003743623
2   10   8   3   -0.0015645303
2   10   9   1   0.0156735153
2   10   9   2   0.0031208242
2   10   10   1   -0.0031208242
2   10   10   2   -0.3684987407
3   6   6   3   -0.4110653817
3   6   7   1   -0.0000000000
3   6   7   2   -0.0000000000
3   6   7   3   -0.0000000002
3   6   8   3   -0.0108960821
3   6   9   1   -0.0003743623
3   6   9   2   0.0037971800
3   6   10   1   -0.0037971800
3   6   10   2   -0.0003743623
3   7   6   1   -0.0000000000
3   7   6   2   -0.0000000000
3   7   6   3   -0.0000000002
3   7   7   3   -0.4113763512
3   7   8   1   0.0000000000
3   7   8   3   0.0000000000
3   7   10   1   0.0000000000
3   8   6   3   -0.0108960821
3   8   7   1   0.0000000000
3   8   7   3   0.0000000000
3   8   8   3   -0.4060044631
3   8   9   1   -0.0015645303
3   8   9   2   0.0158691273
3   8   10   1   -0.0158691273
3   8   10   2   -0.0015645303
3   9   6   1   -0.0003743623
3   9   6   2   0.0037971800
3   9   8   1   -0.0015645303
3   9   8   2   0.0158691273
3   9   9   3   -0.3756798483
3   10   6   1   -0.0037971800
3   10   6   2   -0.0003743623
3   10   7   1   0.0000000000
3   10   8   1   -0.0158691273
3   10   8   2   -0.0015645303
3   10   10   3   -0.3756798483

End AIJB Block
Begin IJKA Block
1   6   1   6   0.0000000000
1   6   2   6   -0.0030358138
1   6   3   6   0.0000000000
1   6   4   4   -0.0000000000
1   6   4   5   -0.0000000000
1   6   5   4   0.0000000000
1   6   5   5   0.0000000000
1   7   1   6   -0.0147801501
1   7   2   4   0.0000000000
1   7   2   6   0.0000000000
1   7   3   6   -0.0668609520
1   7   4   4   -0.0065116033
1   7   4   5   0.0660475919
1   7   5   4   -0.0660475919
1   7   5   5   -0.0065116033
1   8   1   4   0.0000000000
1   8   1   6   0.0000000001
1   8   2   6   -0.2365448712
1   8   3   6   -0.0000000000
1   8   4   4   0.0000000000
1   8   4   5   0.0000000000
1   8   5   4   0.0000000000
1   8   5   5   -0.0000000000
1   9   1   4   -0.0000000001
1   9   1   5   -0.0000000002
1   9   2   4   -0.0238689154
1   9   2   5   0.2421038755
1   9   3   4   0.0000000000
1   9   3   5   0.0000000000
1   9   4   6   0.0000000001
1   9   5   6   -0.0000000001
1   10   1   4   -0.0000000000
1   10   1   5   0.0000000001
1   10   1   6   0.0000000000
1   10   2   4   -0.2421038755
1   10   2   5   -0.0238689154
1   10   3   4   0.0000000000
1   10   3   5   -0.0000000000
1   10   4   6   -0.0000000001
1   10   5   6   -0.0000000001
2   6   1   6   -0.0030358138
2   6   3   6   -0.0610978837
2   6   4   4   -0.0062593016
2   6   4   5   0.0634884805
2   6   5   4   -0.0634884805
2   6   5   5   -0.0062593016
2   7   1   4   0.0000000000
2   7   1   6   0.0000000000
2   7   2   6   -0.0086884616
2   7   3   6   -0.0000000000
2   7   4   4   -0.0000000000
2   7   4   5   -0.0000000000
2   7   5   4   -0.0000000001
2   7   5   5   0.0000000000
2   8   1   6   -0.2365448712
2   8   2   4   0.0000000000
2   8   2   6   -0.0000000001
2   8   3   6   0.0237319750
2   8   4   4   0.0003130656
2   8   4   5   -0.0031754437
2   8   5   4   0.0031754437
2   8   5   5   0.0003130656
2   9   1   4   -0.0238689154
2   9   1   5   0.2421038755
2   9   2   4   -0.0000000001
2   9   2   5   -0.0000000000
2   9   3   4   0.0023454358
2   9   3   5   -0.0237898996
2   9   4   6   -0.0030257464
2   10   1   4   -0.2421038755
2   10   1   5   -0.0238689154
2   10   2   4   -0.0000000002
2   10   2   5   0.0000000001
2   10   2   6   0.0000000000
2   10   3   4   0.0237898996
2   10   3   5   0.0023454358
2   10   5   6   -0.0030257464
3   6   1   6   0.0000000000
3   6   2   6   -0.0610978837
3   6   3   4   -0.0000000000
3   6   3   6   0.0000000000
3   6   4   4   0.0000000000
3   6   4   5   0.0000000000
3   6   5   4   0.0000000000
3   6   5   5   -0.0000000000
3   7   1   6   -0.0668609520
3   7   2   6   -0.0000000000
3   7   3   6   -0.0134518080
3   7   4   4   0.0001585866
3   7   4   5   -0.0016085536
3   7   5   4   0.0016085536
3   7   5   5   0.0001585866
3   8   1   6   -0.0000000000
3   8   2   6   0.0237319750
3   8   3   6   0.0000000003
3   8   4   4   0.0000000000
3   8   4   5   -0.0000000000
3   8   5   4   0.0000000000
3   8   5   6   0.0000000000
3   9   1   4   0.0000000000
3   9   1   5   0.0000000000
3   9   2   4   0.0023454358
3   9   2   5   -0.0237898996
3   9   3   4   -0.0000000000
3   9   3   5   -0.0000000003
3   9   4   6   0.0000000003
3   9   5   4   0.0000000000
3   9   5   5   -0.0000000000
3   9   5   6   -0.0000000002
3   10   1   4   0.0000000000
3   10   1   5   -0.0000000000
3   10   2   4   0.0237898996
3   10   2   5   0.0023454358
3   10   3   4   0.0000000001
3   10   3   5   0.0000000001
3   10   3   6   0.0000000000
3   10   4   5   -0.0000000000
3   10   4   6   -0.0000000002
3   10   5   4   0.0000000000
3   10   5   5   0.0000000000
3   10   5   6   -0.0000000004
4   6   1   4   -0.0000000000
4   6   1   5   -0.0000000000
4   6   2   4   -0.0062593016
4   6   2   5   0.0634884805
4   6   3   4   0.0000000000
4   6   3   5   0.0000000000
4   6   4   6   0.0000000001
4   6   5   6   -0.0000000001
4   7   1   4   -0.0065116033
4   7   1   5   0.0660475919
4   7   2   4   -0.0000000000
4   7   2   5   -0.0000000000
4   7   3   4   0.0001585866
4   7   3   5   -0.0016085536
4   7   4   6   -0.0144270009
4   8   1   4   0.0000000000
4   8   1   5   0.0000000000
4   8   2   4   0.0003130656
4   8   2   5   -0.0031754437
4   8   3   4   0.0000000000
4   8   3   5   -0.0000000000
4   8   4   6   0.0000000044
4   8   5   5   -0.0000000000
4   8   5   6   -0.0000000031
4   9   1   6   0.0000000001
4   9   2   6   -0.0030257464
4   9   3   6   0.0000000003
4   9   4   4   0.0000000004
4   9   4   5   -0.0000000053
4   9   5   4   -0.0000000000
4   9   5   5   0.0000000034
4   10   1   6   -0.0000000001
4   10   3   5   -0.0000000000
4   10   3   6   -0.0000000002
4   10   4   4   0.0000000043
4   10   4   5   0.0000000010
4   10   4   6   0.0000000000
4   10   5   4   -0.0000000034
4   10   5   5   0.0000000000
5   6   1   4   0.0000000000
5   6   1   5   0.0000000000
5   6   2   4   -0.0634884805
5   6   2   5   -0.0062593016
5   6   3   4   0.0000000000
5   6   3   5   -0.0000000000
5   6   4   6   -0.0000000001
5   6   5   6   -0.0000000001
5   7   1   4   -0.0660475919
5   7   1   5   -0.0065116033
5   7   2   4   -0.0000000001
5   7   2   5   0.0000000000
5   7   3   4   0.0016085536
5   7   3   5   0.0001585866
5   7   5   6   -0.0144270009
5   8   1   4   0.0000000000
5   8   1   5   -0.0000000000
5   8   2   4   0.0031754437
5   8   2   5   0.0003130656
5   8   3   4   0.0000000000
5   8   3   6   0.0000000000
5   8   4   5   -0.0000000000
5   8   4   6   -0.0000000031
5   8   5   4   0.0000000000
5   8   5   6   -0.0000000046
5   9   1   6   -0.0000000001
5   9   3   4   0.0000000000
5   9   3   5   -0.0000000000
5   9   3   6   -0.0000000002
5   9   4   4   -0.0000000000
5   9   4   5   0.0000000034
5   9   5   4   -0.0000000010
5   9   5   5   0.0000000046
5   10   1   6   -0.0000000001
5   10   2   6   -0.0030257464
5   10   3   4   0.0000000000
5   10   3   5   0.0000000000
5   10   3   6   -0.0000000004
5   10   4   4   -0.0000000034
5   10   4   5   0.0000000000
5   10   5   4   -0.0000000056
5   10   5   5   -0.0000000005
5   10   5   6   0.0000000000

End IJKA Block
Begin IABC Block
1   4   1   6   0.0000000001
1   4   2   6   -0.0000000000
1   4   3   4   0.0000000001
1   4   3   5   -0.0000000000
1   5   1   6   -0.0000000000
1   5   2   6   -0.0000000001
1   5   3   4   -0.0000000000
1   5   3   5   -0.0000000001
1   6   1   4   0.0000000001
1   6   1   5   -0.0000000000
1   6   1   6   -0.0000000000
1   6   2   4   -0.0000000000
1   6   2   5   -0.0000000001
1   6   3   6   -0.0000000000
2   4   1   6   -0.0027658239
2   4   3   4   -0.0125351612
2   5   2   6   -0.0027658239
2   5   3   5   -0.0125351612
2   6   1   4   -0.0027658239
2   6   2   5   -0.0027658239
2   6   3   6   -0.0165274641
3   4   1   4   0.0000000000
3   4   1   6   0.0000000004
3   4   2   6   -0.0000000002
3   4   3   4   0.0000000050
3   4   3   5   -0.0000000020
3   4   3   6   -0.0000000000
3   5   1   6   -0.0000000002
3   5   2   6   -0.0000000004
3   5   3   4   -0.0000000020
3   5   3   5   -0.0000000047
3   5   3   6   -0.0000000000
3   6   1   4   0.0000000004
3   6   1   5   -0.0000000002
3   6   1   6   -0.0000000000
3   6   2   4   -0.0000000002
3   6   2   5   -0.0000000004
3   6   3   4   -0.0000000000
3   6   3   5   -0.0000000000
3   6   3   6   -0.0000000002
4   4   1   4   0.0000000005
4   4   1   5   -0.0000000006
4   4   1   6   -0.0000000000
4   4   2   4   -0.0000000052
4   4   2   5   0.0000000022
4   4   2   6   0.0000000000
4   4   3   5   0.0000000000
4   4   3   6   -0.0000000000
4   5   1   4   -0.0000000006
4   5   1   5   -0.0000000002
4   5   1   6   0.0000000000
4   5   2   4   0.0000000022
4   5   2   5   0.0000000054
4   5   2   6   0.0000000000
4   5   3   4   0.0000000000
4   5   3   6   0.0000000000
4   6   1   4   -0.0000000000
4   6   1   5   0.0000000000
4   6   1   6   -0.0000000001
4   6   2   4   0.0000000000
4   6   2   5   0.0000000000
4   6   2   6   0.0000000001
4   6   3   4   -0.0000000000
4   6   3   5   0.0000000000
5   4   1   4   0.0000000057
5   4   1   5   -0.0000000022
5   4   1   6   -0.0000000000
5   4   2   4   0.0000000002
5   4   2   5   -0.0000000006
5   4   2   6   -0.0000000000
5   4   3   4   -0.0000000000
5   4   3   6   -0.0000000000
5   5   1   4   -0.0000000022
5   5   1   5   -0.0000000050
5   5   1   6   -0.0000000000
5   5   2   4   -0.0000000006
5   5   2   5   -0.0000000005
5   5   3   5   0.0000000000
5   5   3   6   0.0000000000
5   6   1   4   -0.0000000000
5   6   1   5   -0.0000000000
5   6   1   6   -0.0000000003
5   6   2   4   -0.0000000000
5   6   2   6   0.0000000000
5   6   3   4   -0.0000000000
5   6   3   5   0.0000000000
5   6   3   6   0.0000000000

End IABC Block
