Begin IJ Block
1   1   -2.4337075239
2   2   -2.4337074368
3   3   -2.3093425193
4   4   -2.3093423585

End IJ Block
Begin IA Block
2   3   -0.0000001421

End IA Block
Begin AB Block
1   1   -1.9128771561
1   2   0.0000000000
2   2   -1.9128055314
3   3   -1.3320533420
4   4   -1.2111291969

End AB Block
Begin IJKL Block
1   5   1   5   0.2912749502
1   5   1   6   0.0000000000
1   5   2   5   0.0000000000
1   5   2   6   0.0101476996
1   5   3   7   0.0043509000
1   5   3   8   0.0000000047
1   5   4   7   0.0000000047
1   5   4   8   0.0028117291
1   6   1   5   0.0000000000
1   6   1   6   0.2694821233
1   6   2   5   0.0116525111
1   6   2   6   0.0000000000
1   6   3   7   -0.0000000047
1   6   3   8   0.0007318737
1   6   4   7   0.0008033887
1   6   4   8   0.0000000047
1   7   1   7   0.2708856753
1   7   1   8   -0.0000000067
1   7   2   7   0.0000000067
1   7   2   8   -0.0014502355
1   7   3   5   0.0056495212
1   7   3   6   -0.0000000038
1   7   4   5   0.0000000038
1   7   4   6   0.0006329722
1   8   1   7   -0.0000000067
1   8   1   8   0.2730602203
1   8   2   7   -0.0007382749
1   8   2   8   -0.0000000067
1   8   3   5   0.0000000038
1   8   3   6   0.0006146157
1   8   4   5   0.0043943791
1   8   4   6   0.0000000038
2   5   1   5   0.0000000000
2   5   1   6   0.0116525111
2   5   2   5   0.2694821233
2   5   2   6   0.0000000000
2   5   3   7   -0.0000000047
2   5   3   8   0.0008033887
2   5   4   7   0.0007318737
2   5   4   8   0.0000000047
2   6   1   5   0.0101476996
2   6   1   6   0.0000000000
2   6   2   5   0.0000000000
2   6   2   6   0.2912958350
2   6   3   7   0.0028204785
2   6   3   8   -0.0000000047
2   6   4   7   -0.0000000047
2   6   4   8   0.0043485674
2   7   1   7   0.0000000067
2   7   1   8   -0.0007382749
2   7   2   7   0.2730826481
2   7   2   8   0.0000000067
2   7   3   5   -0.0000000038
2   7   3   6   0.0044049587
2   7   4   5   0.0006146157
2   7   4   6   -0.0000000038
2   8   1   7   -0.0014502355
2   8   1   8   -0.0000000067
2   8   2   7   0.0000000067
2   8   2   8   0.2708801581
2   8   3   5   0.0006329722
2   8   3   6   -0.0000000038
2   8   4   5   0.0000000038
2   8   4   6   0.0056449916
3   5   1   7   0.0056495212
3   5   1   8   0.0000000038
3   5   2   7   -0.0000000038
3   5   2   8   0.0006329722
3   5   3   5   0.2708856753
3   5   3   6   0.0000000067
3   5   4   5   -0.0000000067
3   5   4   6   -0.0014502355
3   6   1   7   -0.0000000038
3   6   1   8   0.0006146157
3   6   2   7   0.0044049587
3   6   2   8   -0.0000000038
3   6   3   5   0.0000000067
3   6   3   6   0.2730826481
3   6   4   5   -0.0007382749
3   6   4   6   0.0000000067
3   7   1   5   0.0043509000
3   7   1   6   -0.0000000047
3   7   2   5   -0.0000000047
3   7   2   6   0.0028204785
3   7   3   7   0.3139767696
3   7   4   8   0.0199780409
3   8   1   5   0.0000000047
3   8   1   6   0.0007318737
3   8   2   5   0.0008033887
3   8   2   6   -0.0000000047
3   8   3   8   0.2722714371
3   8   4   7   0.0217247645
4   5   1   7   0.0000000038
4   5   1   8   0.0043943791
4   5   2   7   0.0006146157
4   5   2   8   0.0000000038
4   5   3   5   -0.0000000067
4   5   3   6   -0.0007382749
4   5   4   5   0.2730602203
4   5   4   6   -0.0000000067
4   6   1   7   0.0006329722
4   6   1   8   0.0000000038
4   6   2   7   -0.0000000038
4   6   2   8   0.0056449916
4   6   3   5   -0.0014502355
4   6   3   6   0.0000000067
4   6   4   5   -0.0000000067
4   6   4   6   0.2708801581
4   7   1   5   0.0000000047
4   7   1   6   0.0008033887
4   7   2   5   0.0007318737
4   7   2   6   -0.0000000047
4   7   3   8   0.0217247645
4   7   4   7   0.2722714371
4   8   1   5   0.0028117291
4   8   1   6   0.0000000047
4   8   2   5   0.0000000047
4   8   2   6   0.0043485674
4   8   3   7   0.0199780409
4   8   4   8   0.3139734123

End IJKL Block
Begin IJAB Block
1   5   1   5   0.0047618636
1   5   1   6   0.0000000034
1   5   2   5   0.0000000034
1   5   2   6   0.0036273061
1   5   3   7   0.0074465231
1   5   4   8   0.0043431074
1   6   1   5   -0.0000000034
1   6   1   6   0.0001722655
1   6   2   5   0.0009550925
1   6   2   6   0.0000000034
1   6   3   7   0.0000000005
1   6   4   8   0.0000000116
1   7   1   8   0.0003829999
1   7   2   8   0.0000000083
1   7   4   5   0.0010307972
1   7   4   6   0.0000000169
1   8   1   8   -0.0000000043
1   8   2   8   -0.0009967644
1   8   4   5   -0.0000000051
1   8   4   6   -0.0029583924
2   5   1   5   -0.0000000034
2   5   1   6   0.0009550925
2   5   2   5   0.0001722655
2   5   2   6   0.0000000034
2   5   3   7   0.0000000005
2   5   4   8   0.0000000116
2   6   1   5   0.0036323429
2   6   1   6   -0.0000000034
2   6   2   5   -0.0000000034
2   6   2   6   0.0047559304
2   6   3   7   0.0076243879
2   6   4   8   0.0081119024
2   7   1   8   -0.0000000011
2   7   2   8   0.0027184361
2   7   4   5   -0.0000000030
2   7   4   6   0.0055277817
2   8   1   8   -0.0013781928
2   8   2   8   0.0000000031
2   8   4   5   -0.0015981465
2   8   4   6   0.0000000090
3   5   1   8   0.0010307972
3   5   2   8   0.0000000169
3   5   4   5   0.0003829999
3   5   4   6   0.0000000083
3   6   1   8   -0.0000000030
3   6   2   8   0.0055277817
3   6   4   5   -0.0000000011
3   6   4   6   0.0027184361
3   7   1   5   0.0337642157
3   7   1   6   0.0000000005
3   7   2   5   0.0000000005
3   7   2   6   0.0598284262
3   7   3   7   0.0020233433
3   7   4   8   0.0021699834
3   8   1   5   -0.0000000005
3   8   1   6   -0.0358013542
3   8   2   5   0.0097960219
3   8   2   6   0.0000000005
3   8   3   7   -0.0000000000
3   8   4   8   -0.0000000000
4   5   1   8   -0.0000000051
4   5   2   8   -0.0029583924
4   5   4   5   -0.0000000043
4   5   4   6   -0.0009967644
4   6   1   8   -0.0015981465
4   6   2   8   0.0000000090
4   6   4   5   -0.0013781928
4   6   4   6   0.0000000031
4   7   1   5   -0.0000000005
4   7   1   6   0.0097960219
4   7   2   5   -0.0358013542
4   7   2   6   0.0000000005
4   7   3   7   -0.0000000000
4   7   4   8   -0.0000000000
4   8   1   5   0.0597360228
4   8   1   6   -0.0000000005
4   8   2   5   -0.0000000005
4   8   2   6   0.0337878965
4   8   3   7   0.0019359259
4   8   4   8   0.0006370900

End IJAB Block
Begin ABCD Block
1   5   1   5   0.2806719409
1   5   2   6   0.0112432748
1   5   3   7   0.0015674534
1   5   4   8   0.0007431801
1   6   1   6   0.2567952423
1   6   2   5   0.0126334140
1   6   4   8   0.0000000000
1   7   1   7   0.1859416922
1   7   3   5   0.0018710933
1   8   1   8   0.1705298962
1   8   2   8   0.0000000005
1   8   4   5   0.0009196968
1   8   4   6   0.0000000001
2   5   1   6   0.0126334140
2   5   2   5   0.2567952423
2   5   4   8   0.0000000000
2   6   1   5   0.0112432748
2   6   2   6   0.2806719172
2   6   3   7   0.0015674567
2   6   4   8   0.0016588560
2   7   2   7   0.1859417041
2   7   3   6   0.0018710966
2   8   1   8   0.0000000005
2   8   2   8   0.1812497277
2   8   4   5   0.0000000001
2   8   4   6   0.0019642645
3   5   1   7   0.0018710933
3   5   3   5   0.1859416922
3   6   2   7   0.0018710966
3   6   3   6   0.1859417041
3   7   1   5   0.0015674534
3   7   2   6   0.0015674567
3   7   3   7   0.1714072051
3   7   4   8   0.0556857948
3   8   3   8   0.1673758041
3   8   4   7   0.0557127433
4   5   1   8   0.0009196968
4   5   2   8   0.0000000001
4   5   4   5   0.1705298962
4   5   4   6   0.0000000005
4   6   1   8   0.0000000001
4   6   2   8   0.0019642645
4   6   4   5   0.0000000005
4   6   4   6   0.1812497277
4   7   3   8   0.0557127433
4   7   4   7   0.1673758041
4   8   1   5   0.0007431801
4   8   1   6   0.0000000000
4   8   2   5   0.0000000000
4   8   2   6   0.0016588560
4   8   3   7   0.0556857948
4   8   4   8   0.1816482046

End ABCD Block
Begin AIJB Block
1   5   1   5   0.0063646134
1   5   1   6   0.0000000063
1   5   2   5   -0.0000000064
1   5   2   6   0.0014927706
1   5   3   8   0.0013624975
1   5   4   8   -0.0000000036
1   6   1   5   -0.0000000064
1   6   1   6   0.0005975983
1   6   2   5   0.0042650534
1   6   2   6   -0.0000000063
1   6   3   8   -0.0000000040
1   6   4   8   -0.0011101450
1   7   1   8   0.0001619843
1   7   2   8   -0.0000000004
1   7   3   5   0.0403946834
1   7   3   6   0.0000000003
1   7   4   5   -0.0000000003
1   7   4   6   0.0141601390
1   8   1   8   -0.0000000018
1   8   2   8   -0.0005620873
1   8   3   5   -0.0000000003
1   8   3   6   -0.0318902719
1   8   4   5   0.0581021247
1   8   4   6   -0.0000000003
2   5   1   5   0.0000000063
2   5   1   6   0.0042613570
2   5   2   5   0.0005975983
2   5   2   6   0.0000000063
2   5   3   8   0.0000000165
2   5   4   8   -0.0029154374
2   6   1   5   0.0014927706
2   6   1   6   0.0000000063
2   6   2   5   -0.0000000063
2   6   2   6   0.0063425413
2   6   3   8   0.0054018044
2   6   4   8   0.0000000089
2   7   1   8   0.0000000043
2   7   2   8   0.0014112579
2   7   3   5   0.0000000003
2   7   3   6   0.0581627681
2   7   4   5   -0.0318902719
2   7   4   6   0.0000000003
2   8   1   8   -0.0006920027
2   8   2   8   0.0000000021
2   8   3   5   0.0141601390
2   8   3   6   0.0000000003
2   8   4   5   -0.0000000003
2   8   4   6   0.0404099533
3   5   1   7   0.0062055740
3   6   2   7   0.0062055774
3   7   3   7   0.0020941288
3   8   4   7   0.0020941258
4   5   1   8   0.0036063427
4   5   2   8   0.0000000098
4   5   3   5   0.0001619843
4   5   3   6   0.0000000043
4   5   4   5   -0.0000000018
4   5   4   6   -0.0006920027
4   6   1   8   0.0000000098
4   6   2   8   0.0067905556
4   6   3   5   -0.0000000004
4   6   3   6   0.0014112579
4   6   4   5   -0.0005620873
4   6   4   6   0.0000000021
4   7   1   5   0.0013624975
4   7   1   6   0.0000000165
4   7   2   5   -0.0000000040
4   7   2   6   0.0054018044
4   7   3   8   0.0022298197
4   7   4   8   -0.0000000000
4   8   1   5   -0.0000000036
4   8   1   6   -0.0029154374
4   8   2   5   -0.0011101450
4   8   2   6   0.0000000089
4   8   3   8   -0.0000000000
4   8   4   8   0.0006699518

1   5   5   1   -0.2678433236
1   5   5   2   -0.0000000179
1   5   6   1   0.0000000179
1   5   6   2   -0.0025174579
1   5   7   4   -0.0000937946
1   5   8   4   0.0000000009
1   6   5   1   0.0000000179
1   6   5   2   -0.0033699883
1   6   6   1   -0.2619442994
1   6   6   2   0.0000000179
1   6   7   4   0.0000000002
1   6   8   4   0.0002916282
1   7   5   4   -0.0000562692
1   7   6   4   0.0000000001
1   7   7   1   -0.2703718451
1   7   7   2   -0.0000000005
1   7   8   1   0.0000000005
1   7   8   2   0.0137762562
1   8   5   4   0.0000000011
1   8   6   4   0.0003454007
1   8   7   1   0.0000000005
1   8   7   2   0.0130184872
1   8   8   1   -0.2971654168
1   8   8   2   0.0000000005
2   5   5   1   -0.0000000179
2   5   5   2   -0.2619315450
2   5   6   1   -0.0033699883
2   5   6   2   -0.0000000178
2   5   7   4   -0.0000000032
2   5   8   4   0.0006757219
2   6   5   1   -0.0025174579
2   6   5   2   -0.0000000178
2   6   6   1   0.0000000179
2   6   6   2   -0.2678074335
2   6   7   4   -0.0010599433
2   6   8   4   -0.0000000021
2   7   5   4   -0.0000000036
2   7   6   4   -0.0011614196
2   7   7   1   -0.0000000005
2   7   7   2   -0.2971676733
2   7   8   1   0.0130184872
2   7   8   2   -0.0000000005
2   8   5   4   0.0007653010
2   8   6   4   -0.0000000023
2   8   7   1   0.0137762562
2   8   7   2   -0.0000000005
2   8   8   1   0.0000000005
2   8   8   2   -0.2703717798
3   5   5   3   -0.1954741588
3   6   6   3   -0.1954741740
3   7   7   3   -0.1898334604
3   8   8   3   -0.1898334387
4   5   5   4   -0.1787065136
4   5   6   4   -0.0000000398
4   5   7   1   -0.0000562692
4   5   7   2   -0.0000000036
4   5   8   1   0.0000000011
4   5   8   2   0.0007653010
4   6   5   4   -0.0000000398
4   6   6   4   -0.1916243217
4   6   7   1   0.0000000001
4   6   7   2   -0.0011614196
4   6   8   1   0.0003454007
4   6   8   2   -0.0000000023
4   7   5   1   -0.0000937946
4   7   5   2   -0.0000000032
4   7   6   1   0.0000000002
4   7   6   2   -0.0010599433
4   7   7   4   -0.1867234616
4   7   8   4   0.0000000005
4   8   5   1   0.0000000009
4   8   5   2   0.0006757219
4   8   6   1   0.0002916282
4   8   6   2   -0.0000000021
4   8   7   4   0.0000000005
4   8   8   4   -0.1699799794

End AIJB Block
Begin IJKA Block
1   5   1   7   0.0000000216
1   5   2   7   0.0023689121
1   6   1   7   0.0023823588
1   6   2   7   -0.0000000217
1   7   3   7   0.0000000006
1   7   4   7   0.0001081162
1   8   3   7   0.0000600999
1   8   4   7   -0.0000000005
2   5   1   7   0.0023823386
2   5   2   7   -0.0000000217
2   6   1   7   -0.0000000217
2   6   2   7   -0.0024097445
2   7   3   7   0.0001962655
2   7   4   7   -0.0000000003
2   8   3   7   -0.0000000002
2   8   4   7   -0.0001482460
3   5   3   7   -0.0000000023
3   5   4   7   -0.0009108044
3   6   3   7   -0.0007652119
3   6   4   7   0.0000000027
3   7   1   7   -0.0000000001
3   7   2   7   -0.0000272291
3   8   1   7   -0.0000187367
3   8   2   7   0.0000000001
4   5   3   7   -0.0010178462
4   5   4   7   0.0000000026
4   6   3   7   0.0000000030
4   6   4   7   0.0008722979
4   7   1   7   -0.0000187373
4   7   2   7   0.0000000001
4   8   1   7   0.0000000001
4   8   2   7   0.0000171254

End IJKA Block
Begin IABC Block
1   5   1   7   -0.0000000032
1   5   2   7   -0.0010693242
1   5   3   5   -0.0000000024
1   5   3   6   -0.0007650706
1   6   1   7   -0.0011143699
1   6   2   7   0.0000000030
1   6   3   5   -0.0008706261
1   6   3   6   0.0000000021
1   7   1   5   -0.0000000030
1   7   1   6   -0.0009954008
1   7   2   5   -0.0009971563
1   7   2   6   0.0000000030
1   7   4   8   -0.0000000142
1   8   3   8   -0.0000000168
1   8   4   7   -0.0000000142
2   5   1   7   -0.0010507596
2   5   2   7   0.0000000032
2   5   3   5   -0.0007869603
2   5   3   6   0.0000000023
2   6   1   7   0.0000000034
2   6   2   7   0.0010057185
2   6   3   5   0.0000000026
2   6   3   6   0.0006814443
2   7   1   5   -0.0009953210
2   7   1   6   0.0000000030
2   7   2   5   0.0000000030
2   7   2   6   0.0009890925
2   7   3   7   -0.0000000017
2   7   4   8   -0.0048775868
2   8   3   8   -0.0057590478
2   8   4   7   -0.0048592630
3   5   3   8   -0.0000000001
3   5   4   7   -0.0000000001
3   6   3   8   0.0009546749
3   6   4   7   0.0008424259
3   7   1   8   -0.0000000023
3   7   2   8   0.0261439273
3   7   4   5   -0.0000000001
3   7   4   6   0.0009974852
3   8   1   7   -0.0000000023
3   8   2   7   0.0260834964
3   8   3   5   -0.0000000001
3   8   3   6   0.0011557006
4   5   3   8   0.0009997926
4   5   4   7   0.0008860363
4   6   3   8   0.0000000001
4   6   4   7   0.0000000001
4   7   1   8   0.0261453842
4   7   2   8   0.0000000023
4   7   4   5   0.0009670813
4   7   4   6   0.0000000001
4   8   1   7   0.0260953621
4   8   2   7   0.0000000023
4   8   3   5   0.0011330450
4   8   3   6   0.0000000001

End IABC Block
