0   0   0   0      -0.059475261933
0   0   1   1      -0.153539958637
0   1   0   1       0.046044303081
0   1   1   0       0.018380574211
1   0   0   1       0.018380574211
1   0   1   0       0.046044303081
1   1   0   0      -0.028287193070
1   1   1   1      -0.033079471475
0   2   1   1      -0.033732178192
0   3   0   0       0.034265667559
0   3   1   1       0.044752191654
0   4   0   1      -0.031752676239
0   4   1   0      -0.027467304170
0   5   0   1       0.041395126508
0   5   1   0       0.024863121874
1   2   0   1      -0.011650197018
1   3   1   0      -0.014150343408
1   5   0   0      -0.025412164203
1   5   1   1      -0.018265081693
1   10   0   1       0.013596836765
2   0   1   1      -0.033732178192
2   1   1   0      -0.011650197018
3   0   0   0       0.034265667559
3   0   1   1       0.044752191654
3   1   0   1      -0.014150343408
4   0   0   1      -0.027467304170
4   0   1   0      -0.031752676239
5   0   0   1       0.024863121874
5   0   1   0       0.041395126508
5   1   0   0      -0.025412164203
5   1   1   1      -0.018265081693
10   1   1   0       0.013596836765
2   2   0   0      -0.017406829370
2   2   1   1      -0.025644479534
2   3   1   1       0.017709080387
2   4   0   1      -0.016789409410
2   4   1   0      -0.013313360510
3   2   1   1       0.017709080387
3   3   0   0      -0.024234732882
3   3   1   1      -0.018568715301
3   4   0   1       0.014299877879
3   4   1   0       0.013904796245
3   5   0   1      -0.019504321872
3   5   1   0      -0.011064493439
4   2   0   1      -0.013313360510
4   2   1   0      -0.016789409410
4   3   0   1       0.013904796245
4   3   1   0       0.014299877879
4   4   0   0      -0.012177650853
4   4   1   1      -0.024045336083
5   3   0   1      -0.011064493439
5   3   1   0      -0.019504321872
5   5   0   0      -0.028230239480
5   5   1   1      -0.018441946689
6   6   0   0      -0.023083522703
6   6   1   1      -0.011652178703
6   8   0   1       0.014708987445
6   8   1   0       0.011270194188
7   7   0   0      -0.023083522703
7   7   1   1      -0.011652178703
7   9   0   1       0.014708987445
7   9   1   0       0.011270194188
8   6   0   1       0.011270194188
8   6   1   0       0.014708987445
8   8   0   0      -0.010937099295
8   8   1   1      -0.017618687845
9   7   0   1       0.011270194188
9   7   1   0       0.014708987445
9   9   0   0      -0.010937099295
9   9   1   1      -0.017618687845
10   10   0   0      -0.011084898998
10   10   1   1      -0.010946343735

