Begin IJ Block
1   1   -4.4106649117
1   2   0.0000000000
1   3   -0.1292928763
2   2   -4.3951474810
2   3   -0.0000000000
3   3   -3.9682420103
4   4   -3.9369149626
4   5   -0.0000000000
5   5   -3.9369149627

End IJ Block
Begin IA Block
1   3   0.0000000000
2   3   -0.1897819927
3   3   0.0000000000
4   1   0.0000000000
4   2   -0.0000000000
5   1   -0.0000000000
5   2   -0.0000000000

End IA Block
Begin AB Block
1   1   -3.8119711517
1   2   -0.0000000000
2   2   -3.8119711516
3   3   -3.8949162443

End AB Block
Begin IJKL Block
1   6   1   6   0.4343007083
1   6   1   7   -0.0000000000
1   6   1   8   0.0148609775
1   6   2   6   -0.0000000000
1   6   2   7   0.2427836670
1   6   3   6   0.0148609775
1   6   3   8   0.0673179914
1   6   4   9   0.0637301416
1   6   4   10   0.0000000000
1   6   5   9   0.0000000000
1   6   5   10   0.0637301416
1   7   1   6   -0.0000000000
1   7   1   7   0.4344488181
1   7   2   6   0.2423937064
1   7   2   7   0.0000000000
1   7   2   8   -0.0394541457
1   7   3   7   0.0027555031
1   7   4   9   0.0000000000
1   7   4   10   0.0000000000
1   7   5   9   0.0000000000
1   7   5   10   -0.0000000000
1   8   1   6   0.0148609775
1   8   1   8   0.4276858181
1   8   2   7   -0.0396479486
1   8   3   6   0.0689776244
1   8   3   8   0.0122579185
1   8   4   9   -0.0007866360
1   8   5   10   -0.0007866360
1   9   1   9   0.4270110070
1   9   1   10   0.0000000000
1   9   2   9   0.0000000000
1   9   2   10   0.0000000000
1   9   3   9   0.0109643516
1   9   4   6   0.0656581242
1   9   4   7   0.0000000000
1   9   4   8   -0.0006710145
1   9   5   6   0.0000000000
1   9   5   7   0.0000000000
1   10   1   9   0.0000000000
1   10   1   10   0.4270110070
1   10   2   9   0.0000000000
1   10   2   10   -0.0000000000
1   10   3   10   0.0109643516
1   10   4   6   0.0000000000
1   10   4   7   0.0000000000
1   10   5   6   0.0656581242
1   10   5   7   -0.0000000000
1   10   5   8   -0.0006710145
2   6   1   6   -0.0000000000
2   6   1   7   0.2423937064
2   6   2   6   0.4344488181
2   6   2   7   0.0000000000
2   6   2   8   0.0027555031
2   6   3   7   -0.0394541457
2   6   4   9   0.0000000000
2   6   4   10   0.0000000000
2   6   5   9   0.0000000000
2   6   5   10   -0.0000000000
2   7   1   6   0.2427836670
2   7   1   7   0.0000000000
2   7   1   8   -0.0396479486
2   7   2   6   0.0000000000
2   7   2   7   0.4380283943
2   7   3   6   -0.0396479486
2   7   3   8   0.0623178193
2   7   4   9   0.0610730349
2   7   4   10   0.0000000000
2   7   5   9   0.0000000000
2   7   5   10   0.0610730349
2   8   1   7   -0.0394541457
2   8   2   6   0.0027555031
2   8   2   8   0.4270689181
2   8   3   7   0.0633756815
2   9   1   9   0.0000000000
2   9   1   10   0.0000000000
2   9   2   9   0.4279489521
2   9   2   10   0.0000000000
2   9   3   9   -0.0000000000
2   9   3   10   -0.0000000000
2   9   4   6   0.0000000000
2   9   4   7   0.0615925384
2   9   5   6   0.0000000000
2   10   1   9   0.0000000000
2   10   1   10   -0.0000000000
2   10   2   9   0.0000000000
2   10   2   10   0.4279489521
2   10   3   9   -0.0000000000
2   10   3   10   0.0000000000
2   10   4   6   0.0000000000
2   10   5   6   -0.0000000000
2   10   5   7   0.0615925384
3   6   1   6   0.0148609775
3   6   1   8   0.0689776244
3   6   2   7   -0.0396479486
3   6   3   6   0.4276858181
3   6   3   8   0.0122579185
3   6   4   9   -0.0007866360
3   6   5   10   -0.0007866360
3   7   1   7   0.0027555031
3   7   2   6   -0.0394541457
3   7   2   8   0.0633756815
3   7   3   7   0.4270689181
3   8   1   6   0.0673179914
3   8   1   8   0.0122579185
3   8   2   7   0.0623178193
3   8   3   6   0.0122579185
3   8   3   8   0.4388220168
3   8   4   9   0.0159938005
3   8   5   10   0.0159938005
3   9   1   9   0.0109643516
3   9   2   9   -0.0000000000
3   9   2   10   -0.0000000000
3   9   3   9   0.4085704935
3   9   3   10   0.0000000000
3   9   4   6   -0.0006710145
3   9   4   8   0.0130194034
3   9   5   8   -0.0000000000
3   10   1   10   0.0109643516
3   10   2   9   -0.0000000000
3   10   2   10   0.0000000000
3   10   3   9   0.0000000000
3   10   3   10   0.4085704936
3   10   4   8   -0.0000000000
3   10   5   6   -0.0006710145
3   10   5   8   0.0130194034
4   6   1   9   0.0656581242
4   6   1   10   0.0000000000
4   6   2   9   0.0000000000
4   6   2   10   0.0000000000
4   6   3   9   -0.0006710145
4   6   4   6   0.4270110070
4   6   4   7   0.0000000000
4   6   4   8   0.0109643516
4   6   5   6   0.0000000000
4   6   5   7   0.0000000000
4   7   1   9   0.0000000000
4   7   1   10   0.0000000000
4   7   2   9   0.0615925384
4   7   4   6   0.0000000000
4   7   4   7   0.4279489521
4   7   4   8   -0.0000000000
4   7   5   6   0.0000000000
4   7   5   7   0.0000000000
4   7   5   8   -0.0000000000
4   8   1   9   -0.0006710145
4   8   3   9   0.0130194034
4   8   3   10   -0.0000000000
4   8   4   6   0.0109643516
4   8   4   7   -0.0000000000
4   8   4   8   0.4085704935
4   8   5   7   -0.0000000000
4   8   5   8   0.0000000000
4   9   1   6   0.0637301416
4   9   1   7   0.0000000000
4   9   1   8   -0.0007866360
4   9   2   6   0.0000000000
4   9   2   7   0.0610730349
4   9   3   6   -0.0007866360
4   9   3   8   0.0159938005
4   9   4   9   0.4372004285
4   9   4   10   0.0000000000
4   9   5   9   -0.0000000000
4   9   5   10   0.0164206066
4   10   1   6   0.0000000000
4   10   1   7   0.0000000000
4   10   2   6   0.0000000000
4   10   2   7   0.0000000000
4   10   4   9   0.0000000000
4   10   4   10   0.4089111787
4   10   5   9   0.0118686432
4   10   5   10   0.0000000000
5   6   1   9   0.0000000000
5   6   1   10   0.0656581242
5   6   2   9   0.0000000000
5   6   2   10   -0.0000000000
5   6   3   10   -0.0006710145
5   6   4   6   0.0000000000
5   6   4   7   0.0000000000
5   6   5   6   0.4270110070
5   6   5   7   -0.0000000000
5   6   5   8   0.0109643516
5   7   1   9   0.0000000000
5   7   1   10   -0.0000000000
5   7   2   10   0.0615925384
5   7   4   6   0.0000000000
5   7   4   7   0.0000000000
5   7   4   8   -0.0000000000
5   7   5   6   -0.0000000000
5   7   5   7   0.4279489521
5   7   5   8   0.0000000000
5   8   1   10   -0.0006710145
5   8   3   9   -0.0000000000
5   8   3   10   0.0130194034
5   8   4   7   -0.0000000000
5   8   4   8   0.0000000000
5   8   5   6   0.0109643516
5   8   5   7   0.0000000000
5   8   5   8   0.4085704936
5   9   1   6   0.0000000000
5   9   1   7   0.0000000000
5   9   2   6   0.0000000000
5   9   2   7   0.0000000000
5   9   4   9   -0.0000000000
5   9   4   10   0.0118686432
5   9   5   9   0.4089111787
5   9   5   10   -0.0000000000
5   10   1   6   0.0637301416
5   10   1   7   -0.0000000000
5   10   1   8   -0.0007866360
5   10   2   6   -0.0000000000
5   10   2   7   0.0610730349
5   10   3   6   -0.0007866360
5   10   3   8   0.0159938005
5   10   4   9   0.0164206066
5   10   4   10   0.0000000000
5   10   5   9   -0.0000000000
5   10   5   10   0.4372004285

End IJKL Block
Begin IJAB Block
1   6   1   4   0.0626895681
1   6   2   5   0.0626895681
1   6   3   6   0.0661138105
1   7   1   4   0.0000000000
1   7   1   5   0.0000000000
1   7   2   4   0.0000000000
1   7   2   5   -0.0000000000
1   8   1   4   -0.0044545856
1   8   2   5   -0.0044545856
1   8   3   6   0.0137727385
1   9   1   6   -0.0016610035
1   9   2   6   -0.0085083105
1   9   3   4   -0.0023765862
1   9   3   5   -0.0121738055
1   10   1   6   0.0085083105
1   10   2   6   -0.0016610035
1   10   3   4   0.0121738055
1   10   3   5   -0.0023765862
2   6   1   4   0.0000000000
2   6   1   5   0.0000000000
2   6   2   4   0.0000000000
2   6   2   5   -0.0000000000
2   7   1   4   0.0672876030
2   7   2   5   0.0672876030
2   7   3   6   0.0695932514
3   6   1   4   -0.0044545856
3   6   2   5   -0.0044545856
3   6   3   6   0.0137727385
3   8   1   4   0.0228204911
3   8   2   5   0.0228204911
3   8   3   6   0.2425269553
3   9   1   6   -0.0045858184
3   9   2   6   -0.0234903580
3   9   3   4   -0.0389449369
3   9   3   5   -0.1994912199
3   10   1   6   0.0234903580
3   10   2   6   -0.0045858184
3   10   3   4   0.1994912200
3   10   3   5   -0.0389449369
4   6   1   6   -0.0023765862
4   6   2   6   -0.0121738055
4   6   3   4   -0.0016610035
4   6   3   5   -0.0085083105
4   8   1   6   -0.0389449369
4   8   2   6   -0.1994912199
4   8   3   4   -0.0045858184
4   8   3   5   -0.0234903580
4   9   1   4   0.0328639052
4   9   1   5   0.0443961622
4   9   2   4   0.0443961622
4   9   2   5   0.2516113592
4   9   3   6   0.0247592535
4   10   1   4   -0.0443961622
4   10   1   5   -0.0169912759
4   10   2   4   -0.2017561781
4   10   2   5   0.0443961622
4   10   3   6   0.0000000000
5   6   1   6   0.0121738055
5   6   2   6   -0.0023765862
5   6   3   4   0.0085083105
5   6   3   5   -0.0016610035
5   8   1   6   0.1994912199
5   8   2   6   -0.0389449369
5   8   3   4   0.0234903580
5   8   3   5   -0.0045858184
5   9   1   4   -0.0443961622
5   9   1   5   -0.2017561781
5   9   2   4   -0.0169912759
5   9   2   5   0.0443961622
5   10   1   4   0.2516113593
5   10   1   5   -0.0443961622
5   10   2   4   -0.0443961622
5   10   2   5   0.0328639053
5   10   3   6   0.0247592535

End IJAB Block
Begin ABCD Block
1   4   1   4   0.4201892635
1   4   2   5   0.0166009733
1   4   3   6   0.0175889321
1   5   1   5   0.3869873169
1   5   2   4   0.0166009733
1   6   1   6   0.3977999117
1   6   3   4   0.0175889321
2   4   1   5   0.0166009733
2   4   2   4   0.3869873169
2   5   1   4   0.0166009733
2   5   2   5   0.4201892635
2   5   3   6   0.0175889321
2   6   2   6   0.3977999117
2   6   3   5   0.0175889321
3   4   1   6   0.0175889321
3   4   3   4   0.3977999117
3   5   2   6   0.0175889321
3   5   3   5   0.3977999117
3   6   1   4   0.0175889321
3   6   2   5   0.0175889321
3   6   3   6   0.4448096746

End ABCD Block
Begin AIJB Block
1   6   1   4   0.0632532940
1   6   2   4   0.0000000000
1   6   2   5   0.0000000000
1   6   3   4   -0.0056785385
1   6   4   6   -0.0021882967
1   6   5   6   0.0112093127
1   7   1   4   0.0000000000
1   7   1   5   0.0000000000
1   7   2   4   0.0708987491
1   7   2   5   0.0000000000
1   8   1   4   -0.0056785385
1   8   3   4   0.0230794801
1   8   3   5   0.0000000000
1   8   4   6   -0.0379302146
1   8   5   6   0.1942934150
1   9   1   6   -0.0011488343
1   9   3   6   -0.0033939273
1   9   4   4   0.0328962102
1   9   4   5   0.0418058424
1   9   5   4   -0.0418058424
1   9   5   5   -0.1956738995
1   10   1   6   0.0058847795
1   10   3   6   0.0173850248
1   10   4   4   -0.0418058424
1   10   4   5   -0.0103106076
1   10   5   4   0.2388807174
1   10   5   5   -0.0418058424
2   6   1   5   0.0632532940
2   6   2   4   0.0000000000
2   6   2   5   -0.0000000000
2   6   3   5   -0.0056785385
2   6   4   6   -0.0112093127
2   6   5   6   -0.0021882967
2   7   1   4   0.0000000000
2   7   1   5   -0.0000000000
2   7   2   4   0.0000000000
2   7   2   5   0.0708987491
2   8   1   5   -0.0056785385
2   8   3   4   0.0000000000
2   8   3   5   0.0230794801
2   8   4   6   -0.1942934150
2   8   5   6   -0.0379302146
2   9   1   6   -0.0058847795
2   9   3   6   -0.0173850248
2   9   4   4   0.0418058424
2   9   4   5   0.2388807173
2   9   5   4   -0.0103106076
2   9   5   5   0.0418058424
2   10   1   6   -0.0011488343
2   10   3   6   -0.0033939273
2   10   4   4   -0.1956738995
2   10   4   5   0.0418058424
2   10   5   4   -0.0418058424
2   10   5   5   0.0328962102
3   6   1   6   0.0643974186
3   6   3   6   0.0099097729
3   6   4   4   -0.0011488343
3   6   4   5   -0.0058847795
3   6   5   4   0.0058847795
3   6   5   5   -0.0011488343
3   7   2   6   0.0707747003
3   8   1   6   0.0099097729
3   8   3   6   0.2320851182
3   8   4   4   -0.0033939273
3   8   4   5   -0.0173850248
3   8   5   4   0.0173850248
3   8   5   5   -0.0033939273
3   9   1   4   -0.0021882967
3   9   1   5   -0.0112093127
3   9   3   4   -0.0379302146
3   9   3   5   -0.1942934149
3   9   4   6   0.0245039902
3   10   1   4   0.0112093127
3   10   1   5   -0.0021882967
3   10   3   4   0.1942934150
3   10   3   5   -0.0379302146
3   10   5   6   0.0245039902

1   6   6   1   -0.4183565623
1   6   6   2   -0.0000000000
1   6   7   1   -0.0000000000
1   6   7   2   -0.0000000000
1   6   8   1   -0.0075945220
1   6   9   3   0.0012455218
1   6   10   3   -0.0063800507
1   7   6   1   -0.0000000000
1   7   6   2   -0.0000000000
1   7   7   1   -0.4213130453
1   7   7   2   -0.0000000000
1   7   8   1   0.0000000000
1   7   8   2   0.0000000000
1   8   6   1   -0.0075945220
1   8   7   1   0.0000000000
1   8   7   2   0.0000000000
1   8   8   1   -0.4038864039
1   8   8   2   -0.0000000000
1   8   9   3   0.0022459068
1   8   10   3   -0.0115044143
1   9   6   3   0.0013808591
1   9   8   3   0.0036662946
1   9   9   1   -0.4059922991
1   9   9   2   -0.0058250729
1   9   10   1   0.0058250729
1   9   10   2   0.0105317000
1   10   6   3   -0.0070733010
1   10   8   3   -0.0187801969
1   10   9   1   0.0058250729
1   10   9   2   0.0181694265
1   10   10   1   -0.4346934256
1   10   10   2   0.0058250729
2   6   6   1   -0.0000000000
2   6   6   2   -0.4183565623
2   6   7   1   -0.0000000000
2   6   7   2   0.0000000000
2   6   8   2   -0.0075945220
2   6   9   3   0.0063800507
2   6   10   3   0.0012455218
2   7   6   1   -0.0000000000
2   7   6   2   0.0000000000
2   7   7   1   -0.0000000000
2   7   7   2   -0.4213130453
2   7   8   1   0.0000000000
2   7   8   2   -0.0000000000
2   8   6   2   -0.0075945220
2   8   7   1   0.0000000000
2   8   7   2   -0.0000000000
2   8   8   1   -0.0000000000
2   8   8   2   -0.4038864039
2   8   9   3   0.0115044143
2   8   10   3   0.0022459068
2   9   6   3   0.0070733010
2   9   8   3   0.0187801969
2   9   9   1   -0.0058250729
2   9   9   2   -0.4346934256
2   9   10   1   0.0181694265
2   9   10   2   -0.0058250729
2   10   6   3   0.0013808591
2   10   8   3   0.0036662946
2   10   9   1   0.0105317000
2   10   9   2   -0.0058250729
2   10   10   1   0.0058250729
2   10   10   2   -0.4059922991
3   6   6   3   -0.4321903716
3   6   8   3   -0.0189817604
3   6   9   1   0.0013808591
3   6   9   2   0.0070733010
3   6   10   1   -0.0070733010
3   6   10   2   0.0013808591
3   7   7   3   -0.4324935809
3   8   6   3   -0.0189817604
3   8   8   3   -0.4469283666
3   8   9   1   0.0036662946
3   8   9   2   0.0187801969
3   8   10   1   -0.0187801969
3   8   10   2   0.0036662946
3   9   6   1   0.0012455218
3   9   6   2   0.0063800507
3   9   8   1   0.0022459068
3   9   8   2   0.0115044143
3   9   9   3   -0.4173995983
3   9   10   3   -0.0000000000
3   10   6   1   -0.0063800507
3   10   6   2   0.0012455218
3   10   8   1   -0.0115044143
3   10   8   2   0.0022459068
3   10   9   3   -0.0000000000
3   10   10   3   -0.4173995983

End AIJB Block
Begin IJKA Block
1   6   2   6   0.0102345883
1   7   1   6   0.0218955823
1   7   3   6   0.0643005679
1   7   4   4   -0.0121896658
1   7   4   5   -0.0624402422
1   7   5   4   0.0624402422
1   7   5   5   -0.0121896658
1   8   1   6   -0.0000000000
1   8   2   6   0.2210611540
1   9   1   4   0.0000000000
1   9   1   5   0.0000000000
1   9   2   4   -0.0436959986
1   9   2   5   -0.2238280190
1   9   5   6   0.0000000000
1   10   1   4   -0.0000000000
1   10   2   4   0.2238280190
1   10   2   5   -0.0436959986
1   10   4   6   0.0000000000
2   6   1   6   0.0097035757
2   6   3   6   0.0549395502
2   6   4   4   -0.0114798688
2   6   4   5   -0.0588043842
2   6   5   4   0.0588043842
2   6   5   5   -0.0114798688
2   7   2   6   0.0104439959
2   7   4   5   -0.0000000000
2   8   1   6   0.2213904516
2   8   2   6   0.0000000000
2   8   3   6   -0.0373010431
2   8   4   4   0.0007404942
2   8   4   5   0.0037931013
2   8   5   4   -0.0037931013
2   8   5   5   0.0007404942
2   9   1   4   -0.0436664504
2   9   1   5   -0.2236766616
2   9   2   4   0.0000000000
2   9   2   5   -0.0000000000
2   9   3   4   0.0070139013
2   9   3   5   0.0359279496
2   9   4   6   0.0028827153
2   10   1   4   0.2236766616
2   10   1   5   -0.0436664505
2   10   2   5   -0.0000000000
2   10   3   4   -0.0359279496
2   10   3   5   0.0070139013
2   10   5   6   0.0028827153
3   6   2   6   0.0583950591
3   7   1   6   0.0676743098
3   7   3   6   0.0127217407
3   7   4   4   0.0004667922
3   7   4   5   0.0023910926
3   7   5   4   -0.0023910926
3   7   5   5   0.0004667922
3   8   2   6   -0.0381639476
3   9   2   4   0.0068696774
3   9   2   5   0.0351891783
3   9   3   4   0.0000000000
3   9   3   5   -0.0000000000
3   9   4   6   0.0000000000
3   9   5   6   0.0000000000
3   10   2   4   -0.0351891783
3   10   2   5   0.0068696774
3   10   3   4   -0.0000000000
3   10   3   5   -0.0000000000
3   10   4   6   0.0000000000
3   10   5   6   -0.0000000000
4   6   2   4   -0.0120694409
4   6   2   5   -0.0618244035
4   6   4   6   0.0000000000
4   6   5   6   0.0000000000
4   7   1   4   -0.0126775491
4   7   1   5   -0.0649393717
4   7   2   5   -0.0000000000
4   7   3   4   0.0011691226
4   7   3   5   0.0059887038
4   7   4   6   0.0189642796
4   7   5   6   0.0000000000
4   8   2   4   0.0010454965
4   8   2   5   0.0053554426
4   8   3   4   0.0000000000
4   8   3   5   -0.0000000000
4   8   4   6   0.0000000000
4   8   5   6   0.0000000000
4   9   2   6   0.0036134045
4   9   3   6   0.0000000000
4   9   4   5   -0.0000000000
4   9   5   4   -0.0000000000
4   9   5   5   -0.0000000000
4   10   3   6   0.0000000000
4   10   4   4   0.0000000000
4   10   4   5   -0.0000000000
4   10   5   4   0.0000000000
4   10   5   5   -0.0000000000
5   6   2   4   0.0618244035
5   6   2   5   -0.0120694409
5   6   4   6   0.0000000000
5   6   5   6   -0.0000000000
5   7   1   4   0.0649393717
5   7   1   5   -0.0126775491
5   7   3   4   -0.0059887038
5   7   3   5   0.0011691226
5   7   5   6   0.0189642796
5   8   2   4   -0.0053554426
5   8   2   5   0.0010454965
5   8   3   4   -0.0000000000
5   8   3   5   -0.0000000000
5   8   4   6   0.0000000000
5   8   5   6   -0.0000000000
5   9   3   6   0.0000000000
5   9   4   4   -0.0000000000
5   9   4   5   -0.0000000000
5   9   5   4   0.0000000000
5   9   5   5   0.0000000000
5   10   2   6   0.0036134045
5   10   3   6   -0.0000000000
5   10   4   4   0.0000000000
5   10   4   5   -0.0000000000
5   10   5   4   -0.0000000000

End IJKA Block
Begin IABC Block
1   4   1   6   0.0000000000
1   4   3   4   0.0000000000
1   4   3   5   0.0000000000
1   5   2   6   -0.0000000000
1   5   3   4   0.0000000000
1   5   3   5   -0.0000000000
1   6   1   4   0.0000000000
1   6   2   5   -0.0000000000
2   4   1   6   0.0062288739
2   4   3   4   0.0180681637
2   5   2   6   0.0062288739
2   5   3   4   0.0000000000
2   5   3   5   0.0180681638
2   6   1   4   0.0042917632
2   6   2   5   0.0042917632
2   6   3   6   0.0252168826
3   4   1   6   0.0000000000
3   4   2   6   0.0000000000
3   4   3   4   0.0000000000
3   4   3   5   0.0000000000
3   5   1   6   0.0000000000
3   5   2   6   -0.0000000000
3   5   3   4   0.0000000000
3   5   3   5   -0.0000000000
3   6   1   4   0.0000000000
3   6   1   5   0.0000000000
3   6   2   4   0.0000000000
3   6   2   5   -0.0000000000
4   4   1   4   -0.0000000000
4   4   1   5   -0.0000000000
4   4   2   4   -0.0000000000
4   4   2   5   -0.0000000000
4   5   1   4   -0.0000000000
4   5   2   4   -0.0000000000
4   5   2   5   0.0000000000
4   6   1   6   -0.0000000000
4   6   2   6   0.0000000000
4   6   3   4   -0.0000000000
4   6   3   5   0.0000000000
5   4   1   4   0.0000000000
5   4   1   5   0.0000000000
5   4   2   5   -0.0000000000
5   5   1   4   0.0000000000
5   5   1   5   -0.0000000000
5   5   2   4   -0.0000000000
5   5   2   5   0.0000000000
5   6   1   6   0.0000000000
5   6   2   6   0.0000000000
5   6   3   5   0.0000000000

End IABC Block
