Begin IJ Block
1   1   -3.1582237683
2   2   -3.2135355040
3   3   -3.2135355040

End IJ Block
Begin IA Block

End IA Block
Begin AB Block
1   1   -2.4748069759
2   2   -2.4748069759
3   3   -1.2851874703

End AB Block
Begin IJKL Block
1   4   1   4   0.5582865742
1   4   2   5   0.0234068413
1   4   3   6   0.0234068413
1   5   1   5   0.5035233981
1   5   2   4   0.0234068413
1   6   1   6   0.5035233981
1   6   3   4   0.0234068413
2   4   1   5   0.0234068413
2   4   2   4   0.5035233981
2   5   1   4   0.0234068413
2   5   2   5   0.5776238396
2   5   3   6   0.0232876258
2   6   2   6   0.5310485880
2   6   3   5   0.0232876258
3   4   1   6   0.0234068413
3   4   3   4   0.5035233981
3   5   2   6   0.0232876258
3   5   3   5   0.5310485880
3   6   1   4   0.0234068413
3   6   2   5   0.0232876258
3   6   3   6   0.5776238396

End IJKL Block
Begin IJAB Block
1   4   1   4   0.0338350205
1   4   2   5   0.0338350205
1   4   3   6   0.0146306648
1   5   1   6   -0.0052643575
1   5   2   6   -0.0056045118
1   5   3   4   -0.0027685715
1   5   3   5   -0.0029474616
1   6   1   6   -0.0056045118
1   6   2   6   0.0052643575
1   6   3   4   -0.0029474616
1   6   3   5   0.0027685715
2   4   1   6   -0.0027685715
2   4   2   6   -0.0029474616
2   4   3   4   -0.0052643575
2   4   3   5   -0.0056045118
2   5   1   4   0.0658160681
2   5   1   5   0.0567858459
2   5   2   4   0.0567858459
2   5   2   5   0.0729317616
2   5   3   6   0.0067626278
2   6   1   4   0.0567858459
2   6   1   5   -0.0408626244
2   6   2   4   0.0479783179
2   6   2   5   -0.0567858459
3   4   1   6   -0.0029474616
3   4   2   6   0.0027685715
3   4   3   4   -0.0056045118
3   4   3   5   0.0052643575
3   5   1   4   0.0567858459
3   5   1   5   0.0479783179
3   5   2   4   -0.0408626244
3   5   2   5   -0.0567858459
3   6   1   4   0.0729317616
3   6   1   5   -0.0567858459
3   6   2   4   -0.0567858459
3   6   2   5   0.0658160681
3   6   3   6   0.0067626278

End IJAB Block
Begin ABCD Block
1   4   1   4   0.4471345378
1   4   2   5   0.0165213252
1   4   3   6   0.0101881866
1   5   1   5   0.4140918874
1   5   2   4   0.0165213252
1   6   1   6   0.2813001209
1   6   3   4   0.0101881866
2   4   1   5   0.0165213252
2   4   2   4   0.4140918874
2   5   1   4   0.0165213252
2   5   2   5   0.4471345378
2   5   3   6   0.0101881866
2   6   2   6   0.2813001209
2   6   3   5   0.0101881866
3   4   1   6   0.0101881866
3   4   3   4   0.2813001209
3   5   2   6   0.0101881866
3   5   3   5   0.2813001209
3   6   1   4   0.0101881866
3   6   2   5   0.0101881866
3   6   3   6   0.3034868657

End ABCD Block
Begin AIJB Block
1   4   1   4   0.0338350205
1   4   2   6   -0.0027685715
1   4   3   6   -0.0029474616
1   5   1   6   -0.0052643575
1   5   2   4   0.0658160681
1   5   2   5   0.0567858459
1   5   3   4   0.0567858459
1   5   3   5   0.0479783179
1   6   1   6   -0.0056045118
1   6   2   4   0.0567858459
1   6   2   5   -0.0408626244
1   6   3   4   0.0729317616
1   6   3   5   -0.0567858459
2   4   1   5   0.0338350205
2   4   2   6   -0.0029474616
2   4   3   6   0.0027685715
2   5   1   6   -0.0056045118
2   5   2   4   0.0567858459
2   5   2   5   0.0729317616
2   5   3   4   -0.0408626244
2   5   3   5   -0.0567858459
2   6   1   6   0.0052643575
2   6   2   4   0.0479783179
2   6   2   5   -0.0567858459
2   6   3   4   -0.0567858459
2   6   3   5   0.0658160681
3   4   1   6   0.0146306648
3   4   2   4   -0.0052643575
3   4   2   5   -0.0056045118
3   4   3   4   -0.0056045118
3   4   3   5   0.0052643575
3   5   1   4   -0.0027685715
3   5   1   5   -0.0029474616
3   5   2   6   0.0067626278
3   6   1   4   -0.0029474616
3   6   1   5   0.0027685715
3   6   3   6   0.0067626278

1   4   4   1   -0.4624703344
1   4   5   3   0.0025602885
1   4   6   3   0.0027257205
1   5   4   3   0.0025602885
1   5   5   1   -0.4704679846
1   5   5   2   -0.0166093097
1   5   6   1   -0.0166093097
1   5   6   2   -0.0010406357
1   6   4   3   0.0027257205
1   6   5   1   -0.0166093097
1   6   5   2   -0.0010406357
1   6   6   1   -0.4725492560
1   6   6   2   0.0166093097
2   4   4   2   -0.4624703344
2   4   5   3   0.0027257205
2   4   6   3   -0.0025602885
2   5   4   3   0.0027257205
2   5   5   1   -0.0166093097
2   5   5   2   -0.4725492560
2   5   6   1   -0.0010406357
2   5   6   2   0.0166093097
2   6   4   3   -0.0025602885
2   6   5   1   -0.0010406357
2   6   5   2   0.0166093097
2   6   6   1   0.0166093097
2   6   6   2   -0.4704679846
3   4   4   3   -0.3062696116
3   4   5   1   0.0025602885
3   4   5   2   0.0027257205
3   4   6   1   0.0027257205
3   4   6   2   -0.0025602885
3   5   4   1   0.0025602885
3   5   4   2   0.0027257205
3   5   5   3   -0.2816572500
3   6   4   1   0.0027257205
3   6   4   2   -0.0025602885
3   6   6   3   -0.2816572500

End AIJB Block
Begin IJKA Block

End IJKA Block
Begin IABC Block

End IABC Block
