Begin IJ Block
1   1   -6.6937281751
1   3   -0.5685810416
2   2   -5.0629602182
3   3   -5.1030709695
4   4   -5.3758227151
5   5   -5.3758227151

End IJ Block
Begin IA Block
2   3   -0.5211580595

End IA Block
Begin AB Block
1   1   -4.3387348657
2   2   -4.3387348657
3   3   -2.4423555606

End AB Block
Begin IJKL Block
1   6   1   6   0.8080406836
1   6   1   8   0.1398673937
1   6   2   7   0.0498909423
1   6   3   6   0.1398673937
1   6   3   8   0.0612360143
1   6   4   9   0.0911858753
1   6   5   10   0.0911858753
1   7   1   7   0.5188688768
1   7   2   6   0.0535897256
1   7   2   8   -0.0870754819
1   7   3   7   0.0100541924
1   8   1   6   0.1398673937
1   8   1   8   0.5641361229
1   8   2   7   -0.0883730899
1   8   3   6   0.0647234468
1   8   3   8   0.0355895493
1   8   4   9   -0.0117246831
1   8   5   10   -0.0117246831
1   9   1   9   0.6310004253
1   9   3   9   0.0622283845
1   9   4   6   0.0948208474
1   9   4   8   -0.0115615530
1   10   1   10   0.6310004253
1   10   3   10   0.0622283845
1   10   5   6   0.0948208474
1   10   5   8   -0.0115615530
2   6   1   7   0.0535897256
2   6   2   6   0.5188688768
2   6   2   8   0.0100541924
2   6   3   7   -0.0870754819
2   7   1   6   0.0498909423
2   7   1   8   -0.0883730899
2   7   2   7   0.5229812510
2   7   3   6   -0.0883730899
2   7   3   8   0.1913147624
2   7   4   9   0.0349361464
2   7   5   10   0.0349361464
2   8   1   7   -0.0870754819
2   8   2   6   0.0100541924
2   8   2   8   0.5233533069
2   8   3   7   0.1907903078
2   9   2   9   0.4899534335
2   9   4   7   0.0388058894
2   10   2   10   0.4899534335
2   10   5   7   0.0388058894
3   6   1   6   0.1398673937
3   6   1   8   0.0647234468
3   6   2   7   -0.0883730899
3   6   3   6   0.5641361229
3   6   3   8   0.0355895493
3   6   4   9   -0.0117246831
3   6   5   10   -0.0117246831
3   7   1   7   0.0100541924
3   7   2   6   -0.0870754819
3   7   2   8   0.1907903078
3   7   3   7   0.5233533069
3   8   1   6   0.0612360143
3   8   1   8   0.0355895493
3   8   2   7   0.1913147624
3   8   3   6   0.0355895493
3   8   3   8   0.5433992832
3   8   4   9   0.0175401441
3   8   5   10   0.0175401441
3   9   1   9   0.0622283845
3   9   3   9   0.5014916868
3   9   4   6   -0.0115615530
3   9   4   8   0.0224552626
3   10   1   10   0.0622283845
3   10   3   10   0.5014916868
3   10   5   6   -0.0115615530
3   10   5   8   0.0224552626
4   6   1   9   0.0948208474
4   6   3   9   -0.0115615530
4   6   4   6   0.6310004253
4   6   4   8   0.0622283845
4   7   2   9   0.0388058894
4   7   4   7   0.4899534335
4   8   1   9   -0.0115615530
4   8   3   9   0.0224552626
4   8   4   6   0.0622283845
4   8   4   8   0.5014916868
4   9   1   6   0.0911858753
4   9   1   8   -0.0117246831
4   9   2   7   0.0349361464
4   9   3   6   -0.0117246831
4   9   3   8   0.0175401441
4   9   4   9   0.5689426167
4   9   5   10   0.0165591384
4   10   4   10   0.5317102028
4   10   5   9   0.0206732755
5   6   1   10   0.0948208474
5   6   3   10   -0.0115615530
5   6   5   6   0.6310004253
5   6   5   8   0.0622283845
5   7   2   10   0.0388058894
5   7   5   7   0.4899534335
5   8   1   10   -0.0115615530
5   8   3   10   0.0224552626
5   8   5   6   0.0622283845
5   8   5   8   0.5014916868
5   9   4   10   0.0206732755
5   9   5   9   0.5317102028
5   10   1   6   0.0911858753
5   10   1   8   -0.0117246831
5   10   2   7   0.0349361464
5   10   3   6   -0.0117246831
5   10   3   8   0.0175401441
5   10   4   9   0.0165591384
5   10   5   10   0.5689426167

End IJKL Block
Begin IJAB Block
1   6   1   4   0.0323929066
1   6   2   5   0.0323929066
1   6   3   6   0.0128374775
1   8   1   4   -0.0196647275
1   8   2   5   -0.0196647275
1   8   3   6   -0.0048569191
1   9   1   6   -0.0156620943
1   9   2   6   -0.0048220172
1   9   3   4   -0.0296592124
1   9   3   5   -0.0091314246
1   10   1   6   0.0048220172
1   10   2   6   -0.0156620943
1   10   3   4   0.0091314246
1   10   3   5   -0.0296592124
2   7   1   4   0.0669881723
2   7   2   5   0.0669881723
2   7   3   6   0.0252635741
3   6   1   4   -0.0196647275
3   6   2   5   -0.0196647275
3   6   3   6   -0.0048569191
3   8   1   4   0.0378246738
3   8   2   5   0.0378246738
3   8   3   6   0.0177897777
3   9   1   6   0.0086009734
3   9   2   6   0.0026480521
3   9   3   4   0.0025192415
3   9   3   5   0.0007756195
3   10   1   6   -0.0026480521
3   10   2   6   0.0086009734
3   10   3   4   -0.0007756195
3   10   3   5   0.0025192415
4   6   1   6   -0.0296592124
4   6   2   6   -0.0091314246
4   6   3   4   -0.0156620943
4   6   3   5   -0.0048220172
4   8   1   6   0.0025192415
4   8   2   6   0.0007756195
4   8   3   4   0.0086009734
4   8   3   5   0.0026480521
4   9   1   4   0.1063039025
4   9   1   5   0.0276516021
4   9   2   4   0.0276516021
4   9   2   5   0.0250037788
4   9   3   6   0.0081121266
4   10   1   4   -0.0276516021
4   10   1   5   0.0748981354
4   10   2   4   0.0064019884
4   10   2   5   0.0276516021
5   6   1   6   0.0091314246
5   6   2   6   -0.0296592124
5   6   3   4   0.0048220172
5   6   3   5   -0.0156620943
5   8   1   6   -0.0007756195
5   8   2   6   0.0025192415
5   8   3   4   -0.0026480521
5   8   3   5   0.0086009734
5   9   1   4   -0.0276516021
5   9   1   5   0.0064019884
5   9   2   4   0.0748981354
5   9   2   5   0.0276516021
5   10   1   4   0.0250037788
5   10   1   5   -0.0276516021
5   10   2   4   -0.0276516021
5   10   2   5   0.1063039025
5   10   3   6   0.0081121266

End IJAB Block
Begin ABCD Block
1   4   1   4   0.4486756234
1   4   2   5   0.0166977578
1   4   3   6   0.0103425189
1   5   1   5   0.4153372358
1   5   2   4   0.0166406299
1   6   1   6   0.2817577072
1   6   3   4   0.0103441879
2   4   1   5   0.0166406299
2   4   2   4   0.4153372358
2   5   1   4   0.0166977578
2   5   2   5   0.4486756234
2   5   3   6   0.0103425189
2   6   2   6   0.2817577072
2   6   3   5   0.0103441879
3   4   1   6   0.0103441879
3   4   3   4   0.2817577072
3   5   2   6   0.0103441879
3   5   3   5   0.2817577072
3   6   1   4   0.0103425189
3   6   2   5   0.0103425189
3   6   3   6   0.3036386719

End ABCD Block
Begin AIJB Block
1   6   1   4   0.0285849227
1   6   3   4   -0.0186772692
1   6   4   6   -0.0266212725
1   6   5   6   0.0081961092
1   7   2   4   0.0627080939
1   8   1   4   -0.0186772692
1   8   3   4   0.0335482657
1   8   4   6   0.0022786907
1   8   5   6   -0.0007015592
1   9   1   6   -0.0121422130
1   9   3   6   0.0067585785
1   9   4   4   0.1058130838
1   9   4   5   0.0282775941
1   9   5   4   -0.0282775941
1   9   5   5   0.0052788544
1   10   1   6   0.0037383226
1   10   3   6   -0.0020808189
1   10   4   4   -0.0282775941
1   10   4   5   0.0778617858
1   10   5   4   0.0226724436
1   10   5   5   -0.0282775941
2   6   1   5   0.0285849227
2   6   3   5   -0.0186772692
2   6   4   6   -0.0081961092
2   6   5   6   -0.0266212725
2   7   2   5   0.0627080939
2   8   1   5   -0.0186772692
2   8   3   5   0.0335482657
2   8   4   6   0.0007015592
2   8   5   6   0.0022786907
2   9   1   6   -0.0037383226
2   9   3   6   0.0020808189
2   9   4   4   0.0282775941
2   9   4   5   0.0226724436
2   9   5   4   0.0778617858
2   9   5   5   0.0282775941
2   10   1   6   -0.0121422130
2   10   3   6   0.0067585785
2   10   4   4   0.0052788544
2   10   4   5   0.0282775941
2   10   5   4   -0.0282775941
2   10   5   5   0.1058130838
3   6   1   6   0.0102625156
3   6   3   6   -0.0034398575
3   6   4   4   -0.0121422130
3   6   4   5   -0.0037383226
3   6   5   4   0.0037383226
3   6   5   5   -0.0121422130
3   7   2   6   0.0218333460
3   8   1   6   -0.0034398575
3   8   3   6   0.0149938418
3   8   4   4   0.0067585785
3   8   4   5   0.0020808189
3   8   5   4   -0.0020808189
3   8   5   5   0.0067585785
3   9   1   4   -0.0266212725
3   9   1   5   -0.0081961092
3   9   3   4   0.0022786907
3   9   3   5   0.0007015592
3   9   4   6   0.0070582673
3   10   1   4   0.0081961092
3   10   1   5   -0.0266212725
3   10   3   4   -0.0007015592
3   10   3   5   0.0022786907
3   10   5   6   0.0070582673

1   6   6   1   -0.5103717590
1   6   8   1   -0.0254877261
1   6   9   3   0.0186711955
1   6   10   3   -0.0057484539
1   7   7   1   -0.4636764236
1   8   6   1   -0.0254877261
1   8   8   1   -0.4650633263
1   8   9   3   -0.0039849494
1   8   10   3   0.0012268790
1   9   6   3   0.0189466670
1   9   8   3   -0.0033573105
1   9   9   1   -0.4920469820
1   9   9   2   -0.0099202402
1   9   10   1   0.0099202402
1   9   10   2   -0.0158156708
1   10   6   3   -0.0058332655
1   10   8   3   0.0010336427
1   10   9   1   0.0099202402
1   10   9   2   -0.0133514188
1   10   10   1   -0.4628798923
1   10   10   2   0.0099202402
2   6   6   2   -0.5103717590
2   6   8   2   -0.0254877261
2   6   9   3   0.0057484539
2   6   10   3   0.0186711955
2   7   7   2   -0.4636764236
2   8   6   2   -0.0254877261
2   8   8   2   -0.4650633263
2   8   9   3   -0.0012268790
2   8   10   3   -0.0039849494
2   9   6   3   0.0058332655
2   9   8   3   -0.0010336427
2   9   9   1   -0.0099202402
2   9   9   2   -0.4628798923
2   9   10   1   -0.0133514188
2   9   10   2   -0.0099202402
2   10   6   3   0.0189466670
2   10   8   3   -0.0033573105
2   10   9   1   -0.0158156708
2   10   9   2   -0.0099202402
2   10   10   1   0.0099202402
2   10   10   2   -0.4920469820
3   6   6   3   -0.2904728936
3   6   8   3   0.0000514679
3   6   9   1   0.0189466670
3   6   9   2   0.0058332655
3   6   10   1   -0.0058332655
3   6   10   2   0.0189466670
3   7   7   3   -0.3033680629
3   8   6   3   0.0000514679
3   8   8   3   -0.3070415100
3   8   9   1   -0.0033573105
3   8   9   2   -0.0010336427
3   8   10   1   0.0010336427
3   8   10   2   -0.0033573105
3   9   6   1   0.0186711955
3   9   6   2   0.0057484539
3   9   8   1   -0.0039849494
3   9   8   2   -0.0012268790
3   9   9   3   -0.2836203552
3   10   6   1   -0.0057484539
3   10   6   2   0.0186711955
3   10   8   1   0.0012268790
3   10   8   2   -0.0039849494
3   10   10   3   -0.2836203552

End AIJB Block
Begin IJKA Block
1   6   2   6   0.0199999435
1   7   1   6   0.0742766347
1   7   3   6   0.0086357209
1   7   4   4   -0.0541673528
1   7   4   5   -0.0166769465
1   7   5   4   0.0166769465
1   7   5   5   -0.0541673528
1   8   2   6   -0.0025155757
1   9   2   4   -0.0664152237
1   9   2   5   -0.0204477988
1   10   2   4   0.0204477988
1   10   2   5   -0.0664152237
2   6   1   6   0.0198214378
2   6   3   6   -0.0250880204
2   6   4   4   -0.0297959152
2   6   4   5   -0.0091735124
2   6   5   4   0.0091735124
2   6   5   5   -0.0297959152
2   7   2   6   0.0538392070
2   8   1   6   -0.0023531075
2   8   3   6   0.0016581534
2   8   4   4   0.0275276492
2   8   4   5   0.0084751628
2   8   5   4   -0.0084751628
2   8   5   5   0.0275276492
2   9   1   4   -0.0646294128
2   9   1   5   -0.0198979866
2   9   3   4   0.1070011962
2   9   3   5   0.0329433346
2   9   4   6   0.0129314341
2   10   1   4   0.0198979866
2   10   1   5   -0.0646294128
2   10   3   4   -0.0329433346
2   10   3   5   0.1070011962
2   10   5   6   0.0129314341
3   6   2   6   -0.0249434721
3   7   1   6   0.0080382258
3   7   3   6   0.0542908631
3   7   4   4   0.0263086490
3   7   4   5   0.0080998592
3   7   5   4   -0.0080998592
3   7   5   5   0.0263086490
3   8   2   6   0.0008040622
3   9   2   4   0.1055822775
3   9   2   5   0.0325064804
3   10   2   4   -0.0325064804
3   10   2   5   0.1055822775
4   6   2   4   -0.0287863451
4   6   2   5   -0.0088626878
4   7   1   4   -0.0506930806
4   7   1   5   -0.0156072939
4   7   3   4   0.0273465394
4   7   3   5   0.0084194031
4   7   4   6   0.0632380833
4   8   2   4   0.0279549509
4   8   2   5   0.0086067197
4   9   2   6   0.0122110310
5   6   2   4   0.0088626878
5   6   2   5   -0.0287863451
5   7   1   4   0.0156072939
5   7   1   5   -0.0506930806
5   7   3   4   -0.0084194031
5   7   3   5   0.0273465394
5   7   5   6   0.0632380833
5   8   2   4   -0.0086067197
5   8   2   5   0.0279549509
5   10   2   6   0.0122110310

End IJKA Block
Begin IABC Block
2   4   1   6   0.0123245123
2   4   3   4   0.0492015072
2   5   2   6   0.0123245123
2   5   3   5   0.0492015072
2   6   1   4   0.0124917126
2   6   2   5   0.0124917126
2   6   3   6   -0.0048463255

End IABC Block
