Begin IJ Block
1   1   -3.1851855201
2   2   -3.2691908539
3   3   -3.2691908539

End IJ Block
Begin IA Block

End IA Block
Begin AB Block
1   1   -2.4765313926
2   2   -2.4765313926
3   3   -1.2843550127

End AB Block
Begin IJKL Block
1   4   1   4   0.5436270538
1   4   2   5   0.0176549353
1   4   3   6   0.0176549353
1   5   1   5   0.5017438073
1   5   2   4   0.0224666038
1   6   1   6   0.5017438073
1   6   3   4   0.0224666038
2   4   1   5   0.0224666038
2   4   2   4   0.5017438073
2   5   1   4   0.0176549353
2   5   2   5   0.5691928110
2   5   3   6   0.0165655157
2   6   2   6   0.5319717574
2   6   3   5   0.0206555379
3   4   1   6   0.0224666038
3   4   3   4   0.5017438073
3   5   2   6   0.0206555379
3   5   3   5   0.5319717574
3   6   1   4   0.0176549353
3   6   2   5   0.0165655157
3   6   3   6   0.5691928110

End IJKL Block
Begin IJAB Block
1   4   1   4   0.0286426542
1   4   2   5   0.0286426542
1   4   3   6   0.0157588572
1   5   1   6   -0.0064866790
1   5   2   6   0.0063978150
1   5   3   4   -0.0020922470
1   5   3   5   0.0020635844
1   6   1   6   -0.0063978150
1   6   2   6   -0.0064866790
1   6   3   4   -0.0020635844
1   6   3   5   -0.0020922470
2   4   1   6   -0.0020922470
2   4   2   6   0.0020635844
2   4   3   4   -0.0064866790
2   4   3   5   0.0063978150
2   5   1   4   0.0637283821
2   5   1   5   -0.0489517804
2   5   2   4   -0.0489517804
2   5   2   5   0.0623778428
2   5   3   6   0.0079565301
2   6   1   4   0.0489517804
2   6   1   5   0.0344301485
2   6   2   4   -0.0330796091
2   6   2   5   -0.0489517804
3   4   1   6   -0.0020635844
3   4   2   6   -0.0020922470
3   4   3   4   -0.0063978150
3   4   3   5   -0.0064866790
3   5   1   4   0.0489517804
3   5   1   5   -0.0330796091
3   5   2   4   0.0344301485
3   5   2   5   -0.0489517804
3   6   1   4   0.0623778428
3   6   1   5   0.0489517804
3   6   2   4   0.0489517804
3   6   2   5   0.0637283821
3   6   3   6   0.0079565301

End IJAB Block
Begin ABCD Block
1   4   1   4   0.4440629290
1   4   2   5   0.0121776475
1   4   3   6   0.0088596684
1   5   1   5   0.4152368785
1   5   2   4   0.0166484030
1   6   1   6   0.2809668475
1   6   3   4   0.0097814894
2   4   1   5   0.0166484030
2   4   2   4   0.4152368785
2   5   1   4   0.0121776475
2   5   2   5   0.4440629290
2   5   3   6   0.0088596684
2   6   2   6   0.2809668475
2   6   3   5   0.0097814894
3   4   1   6   0.0097814894
3   4   3   4   0.2809668475
3   5   2   6   0.0097814894
3   5   3   5   0.2809668475
3   6   1   4   0.0088596684
3   6   2   5   0.0088596684
3   6   3   6   0.3033015005

End ABCD Block
Begin AIJB Block
1   4   1   4   0.0335470064
1   4   2   6   -0.0014819038
1   4   3   6   -0.0014616025
1   5   1   6   -0.0050586852
1   5   2   4   0.0647605407
1   5   2   5   -0.0500658671
1   5   3   4   0.0500658671
1   5   3   5   -0.0351465960
1   6   1   6   -0.0049893840
1   6   2   4   0.0500658671
1   6   2   5   0.0365278721
1   6   3   4   0.0633792646
1   6   3   5   0.0500658671
2   4   1   5   0.0335470064
2   4   2   6   0.0014616025
2   4   3   6   -0.0014819038
2   5   1   6   0.0049893840
2   5   2   4   -0.0500658671
2   5   2   5   0.0633792646
2   5   3   4   0.0365278721
2   5   3   5   -0.0500658671
2   6   1   6   -0.0050586852
2   6   2   4   -0.0351465960
2   6   2   5   -0.0500658671
2   6   3   4   0.0500658671
2   6   3   5   0.0647605407
3   4   1   6   0.0149508421
3   4   2   4   -0.0050586852
3   4   2   5   0.0049893840
3   4   3   4   -0.0049893840
3   4   3   5   -0.0050586852
3   5   1   4   -0.0014819038
3   5   1   5   0.0014616025
3   5   2   6   0.0071438991
3   6   1   4   -0.0014616025
3   6   1   5   -0.0014819038
3   6   3   6   0.0071438991

1   4   4   1   -0.4652102772
1   4   5   3   0.0029138913
1   4   6   3   0.0028739726
1   5   4   3   0.0026897767
1   5   5   1   -0.4777350422
1   5   5   2   0.0177705670
1   5   6   1   -0.0177705670
1   5   6   2   -0.0015454836
1   6   4   3   0.0026529282
1   6   5   1   -0.0177705670
1   6   5   2   0.0010552083
1   6   6   1   -0.4772447668
1   6   6   2   -0.0177705670
2   4   4   2   -0.4652102772
2   4   5   3   -0.0028739726
2   4   6   3   0.0029138913
2   5   4   3   -0.0026529282
2   5   5   1   0.0177705670
2   5   5   2   -0.4772447668
2   5   6   1   0.0010552083
2   5   6   2   0.0177705670
2   6   4   3   0.0026897767
2   6   5   1   -0.0015454836
2   6   5   2   0.0177705670
2   6   6   1   -0.0177705670
2   6   6   2   -0.4777350422
3   4   4   3   -0.3067173307
3   4   5   1   0.0026897767
3   4   5   2   -0.0026529282
3   4   6   1   0.0026529282
3   4   6   2   0.0026897767
3   5   4   1   0.0029138913
3   5   4   2   -0.0028739726
3   5   5   3   -0.2836646826
3   6   4   1   0.0028739726
3   6   4   2   0.0029138913
3   6   6   3   -0.2836646826

End AIJB Block
Begin IJKA Block

End IJKA Block
Begin IABC Block

End IABC Block
