Begin IJ Block
1   1   -2.4337075239
2   2   -2.4337074368
3   3   -2.3093425193
4   4   -2.3093423585

End IJ Block
Begin IA Block
2   3   0.0000001421

End IA Block
Begin AB Block
1   1   -1.9128778052
2   2   -1.9128776724
3   3   -1.3320533420

End AB Block
Begin IJKL Block
1   5   1   5   0.2912663258
1   5   2   6   0.0101316639
1   5   3   7   0.0043452970
1   5   3   8   -0.0000000052
1   5   4   7   -0.0000000052
1   5   4   8   0.0028100346
1   6   1   6   0.2694821233
1   6   2   5   0.0116525111
1   6   3   7   0.0000000052
1   6   3   8   0.0007318737
1   6   4   7   0.0008033887
1   6   4   8   -0.0000000052
1   7   1   7   0.2708832575
1   7   1   8   0.0000000073
1   7   2   7   -0.0000000073
1   7   2   8   -0.0014475933
1   7   3   5   0.0056482353
1   7   3   6   0.0000000043
1   7   4   5   -0.0000000043
1   7   4   6   0.0006350393
1   8   1   7   0.0000000073
1   8   1   8   0.2730485622
1   8   2   7   -0.0007177140
1   8   2   8   0.0000000073
1   8   3   5   -0.0000000043
1   8   3   6   0.0006232088
1   8   4   5   0.0043899874
1   8   4   6   -0.0000000043
2   5   1   6   0.0116525111
2   5   2   5   0.2694821233
2   5   3   7   0.0000000052
2   5   3   8   0.0008033887
2   5   4   7   0.0007318737
2   5   4   8   -0.0000000052
2   6   1   5   0.0101316639
2   6   2   6   0.2912663091
2   6   3   7   0.0028100337
2   6   3   8   0.0000000052
2   6   4   7   0.0000000052
2   6   4   8   0.0043452960
2   7   1   7   -0.0000000073
2   7   1   8   -0.0007177140
2   7   2   7   0.2730485537
2   7   2   8   -0.0000000073
2   7   3   5   0.0000000043
2   7   3   6   0.0043899866
2   7   4   5   0.0006232088
2   7   4   6   0.0000000043
2   8   1   7   -0.0014475933
2   8   1   8   0.0000000073
2   8   2   7   -0.0000000073
2   8   2   8   0.2708832296
2   8   3   5   0.0006350393
2   8   3   6   0.0000000043
2   8   4   5   -0.0000000043
2   8   4   6   0.0056482341
3   5   1   7   0.0056482353
3   5   1   8   -0.0000000043
3   5   2   7   0.0000000043
3   5   2   8   0.0006350393
3   5   3   5   0.2708832575
3   5   3   6   -0.0000000073
3   5   4   5   0.0000000073
3   5   4   6   -0.0014475933
3   6   1   7   0.0000000043
3   6   1   8   0.0006232088
3   6   2   7   0.0043899866
3   6   2   8   0.0000000043
3   6   3   5   -0.0000000073
3   6   3   6   0.2730485537
3   6   4   5   -0.0007177140
3   6   4   6   -0.0000000073
3   7   1   5   0.0043452970
3   7   1   6   0.0000000052
3   7   2   5   0.0000000052
3   7   2   6   0.0028100337
3   7   3   7   0.3139731320
3   7   4   8   0.0199769513
3   8   1   5   -0.0000000052
3   8   1   6   0.0007318737
3   8   2   5   0.0008033887
3   8   2   6   0.0000000052
3   8   3   8   0.2722714371
3   8   4   7   0.0217247645
4   5   1   7   -0.0000000043
4   5   1   8   0.0043899874
4   5   2   7   0.0006232088
4   5   2   8   -0.0000000043
4   5   3   5   0.0000000073
4   5   3   6   -0.0007177140
4   5   4   5   0.2730485622
4   5   4   6   0.0000000073
4   6   1   7   0.0006350393
4   6   1   8   -0.0000000043
4   6   2   7   0.0000000043
4   6   2   8   0.0056482341
4   6   3   5   -0.0014475933
4   6   3   6   -0.0000000073
4   6   4   5   0.0000000073
4   6   4   6   0.2708832296
4   7   1   5   -0.0000000052
4   7   1   6   0.0008033887
4   7   2   5   0.0007318737
4   7   2   6   0.0000000052
4   7   3   8   0.0217247645
4   7   4   7   0.2722714371
4   8   1   5   0.0028100346
4   8   1   6   -0.0000000052
4   8   2   5   -0.0000000052
4   8   2   6   0.0043452960
4   8   3   7   0.0199769513
4   8   4   8   0.3139731297

End IJKL Block
Begin IJAB Block
1   5   1   4   0.0047591060
1   5   1   5   -0.0000000038
1   5   2   4   -0.0000000038
1   5   2   5   0.0036271364
1   5   3   6   0.0072759470
1   6   1   4   0.0000000038
1   6   1   5   0.0001748039
1   6   2   4   0.0009571642
1   6   2   5   -0.0000000038
2   5   1   4   0.0000000038
2   5   1   5   0.0009571642
2   5   2   4   0.0001748039
2   5   2   5   -0.0000000038
2   6   1   4   0.0036271354
2   6   1   5   0.0000000038
2   6   2   4   0.0000000038
2   6   2   5   0.0047591060
2   6   3   6   0.0072759506
3   7   1   4   0.0337579033
3   7   1   5   -0.0000000012
3   7   2   4   -0.0000000012
3   7   2   5   0.0597332384
3   7   3   6   0.0019154380
3   8   1   4   0.0000000012
3   8   1   5   -0.0357912110
3   8   2   4   0.0098158574
3   8   2   5   -0.0000000012
4   7   1   4   0.0000000012
4   7   1   5   0.0098158574
4   7   2   4   -0.0357912110
4   7   2   5   -0.0000000012
4   8   1   4   0.0597332579
4   8   1   5   0.0000000012
4   8   2   4   0.0000000012
4   8   2   5   0.0337578969
4   8   3   6   0.0019154348

End IJAB Block
Begin ABCD Block
1   4   1   4   0.2806719409
1   4   2   5   0.0112432748
1   4   3   6   0.0015674534
1   5   1   5   0.2567952423
1   5   2   4   0.0126334140
1   6   1   6   0.1859416922
1   6   3   4   0.0018710933
2   4   1   5   0.0126334140
2   4   2   4   0.2567952423
2   5   1   4   0.0112432748
2   5   2   5   0.2806719172
2   5   3   6   0.0015674567
2   6   2   6   0.1859417041
2   6   3   5   0.0018710966
3   4   1   6   0.0018710933
3   4   3   4   0.1859416922
3   5   2   6   0.0018710966
3   5   3   5   0.1859417041
3   6   1   4   0.0015674534
3   6   2   5   0.0015674567
3   6   3   6   0.1714072051

End ABCD Block
Begin AIJB Block
1   5   1   4   0.0063660377
1   5   1   5   -0.0000000070
1   5   2   4   0.0000000070
1   5   2   5   0.0014958180
1   6   1   4   0.0000000070
1   6   1   5   0.0006044272
1   6   2   4   0.0042657891
1   6   2   5   0.0000000070
1   7   3   4   0.0403909951
1   7   3   5   -0.0000000008
1   7   4   4   0.0000000008
1   7   4   5   0.0141704924
1   8   3   4   0.0000000008
1   8   3   5   -0.0318805428
1   8   4   4   0.0581010471
1   8   4   5   0.0000000008
2   5   1   4   -0.0000000070
2   5   1   5   0.0042657902
2   5   2   4   0.0006044272
2   5   2   5   -0.0000000070
2   6   1   4   0.0014958180
2   6   1   5   -0.0000000070
2   6   2   4   0.0000000070
2   6   2   5   0.0063660385
2   7   3   4   -0.0000000008
2   7   3   5   0.0581010265
2   7   4   4   -0.0318805428
2   7   4   5   -0.0000000008
2   8   3   4   0.0141704924
2   8   3   5   -0.0000000008
2   8   4   4   0.0000000008
2   8   4   5   0.0403909875
3   5   1   6   0.0062055740
3   6   2   6   0.0062055774
3   7   3   6   0.0020941288
3   8   4   6   0.0020941258

1   5   5   1   -0.2678458107
1   5   5   2   0.0000000197
1   5   6   1   -0.0000000197
1   5   6   2   -0.0025210061
1   6   5   1   -0.0000000197
1   6   5   2   -0.0033815638
1   6   6   1   -0.2619432169
1   6   6   2   -0.0000000197
1   7   7   1   -0.2703717758
1   7   7   2   0.0000000013
1   7   8   1   -0.0000000013
1   7   8   2   0.0137732624
1   8   7   1   -0.0000000013
1   8   7   2   0.0130184003
1   8   8   1   -0.2971634277
1   8   8   2   -0.0000000013
2   5   5   1   0.0000000197
2   5   5   2   -0.2619432238
2   5   6   1   -0.0033815638
2   5   6   2   0.0000000197
2   6   5   1   -0.0025210061
2   6   5   2   0.0000000197
2   6   6   1   -0.0000000197
2   6   6   2   -0.2678457904
2   7   7   1   0.0000000013
2   7   7   2   -0.2971634107
2   7   8   1   0.0130184003
2   7   8   2   0.0000000013
2   8   7   1   0.0137732624
2   8   7   2   0.0000000013
2   8   8   1   -0.0000000013
2   8   8   2   -0.2703717591
3   5   5   3   -0.1954741588
3   6   6   3   -0.1954741740
3   7   7   3   -0.1898334604
3   8   8   3   -0.1898334387

End AIJB Block
Begin IJKA Block
1   5   1   6   0.0000000239
1   5   2   6   -0.0023823384
1   6   1   6   -0.0023823588
1   6   2   6   -0.0000000239
1   7   3   6   0.0000000003
1   7   4   6   -0.0000942008
1   8   3   6   -0.0000942012
1   8   4   6   -0.0000000003
2   5   1   6   -0.0023823386
2   5   2   6   -0.0000000239
2   6   1   6   -0.0000000239
2   6   2   6   0.0023823184
2   7   3   6   -0.0000942023
2   7   4   6   -0.0000000003
2   8   3   6   -0.0000000003
2   8   4   6   0.0000941997
3   5   3   6   -0.0000000030
3   5   4   6   0.0009344512
3   6   3   6   0.0009344289
3   6   4   6   0.0000000030
3   7   1   6   -0.0000000001
3   7   2   6   0.0000187357
3   8   1   6   0.0000187367
3   8   2   6   0.0000000001
4   5   3   6   0.0009344513
4   5   4   6   0.0000000030
4   6   3   6   0.0000000030
4   6   4   6   -0.0009344732
4   7   1   6   0.0000187373
4   7   2   6   0.0000000001
4   8   1   6   0.0000000001
4   8   2   6   -0.0000187383

End IJKA Block
Begin IABC Block
1   4   1   6   -0.0000000037
1   4   2   6   0.0011013308
1   4   3   4   -0.0000000028
1   4   3   5   0.0008474180
1   5   1   6   0.0011013324
1   5   2   6   0.0000000037
1   5   3   4   0.0008474183
1   5   3   5   0.0000000028
1   6   1   4   -0.0000000034
1   6   1   5   0.0009981222
1   6   2   4   0.0009981208
1   6   2   5   0.0000000034
2   4   1   6   0.0011013294
2   4   2   6   0.0000000037
2   4   3   4   0.0008473974
2   4   3   5   0.0000000028
2   5   1   6   0.0000000037
2   5   2   6   -0.0011013325
2   5   3   4   0.0000000028
2   5   3   5   -0.0008474367
2   6   1   4   0.0009981194
2   6   1   5   0.0000000034
2   6   2   4   0.0000000034
2   6   2   5   -0.0009981222
2   6   3   6   0.0000000017

End IABC Block
