Begin IJ Block
1   1   -4.0550581734
2   2   -4.0550582145
3   3   -4.0520403095
4   4   -3.9889699074
5   5   -3.9889698463
6   6   -3.8976405273
7   7   -3.8976402646

End IJ Block
Begin IA Block
3   2   -0.0000000493
5   3   -0.0000002454

End IA Block
Begin AB Block
1   1   -3.4922442584
2   2   -3.4922441374
3   3   -2.4771102260

End AB Block
Begin IJKL Block
1   8   1   8   0.3047369818
1   8   2   9   0.0235392434
1   8   3   10   0.0043057471
1   8   4   11   0.0397993134
1   8   4   12   0.0000000483
1   8   5   11   0.0000000483
1   8   5   12   0.0590655870
1   8   6   13   0.0063220017
1   8   6   14   -0.0000000002
1   8   7   13   -0.0000000002
1   8   7   14   0.0013241861
1   9   1   9   0.2569676042
1   9   2   8   0.0242300738
1   9   4   11   0.0000000483
1   9   4   12   0.0325243012
1   9   5   11   -0.0132582627
1   9   5   12   -0.0000000483
1   9   6   13   0.0000000002
1   9   6   14   0.0033467180
1   9   7   13   0.0016511009
1   9   7   14   -0.0000000002
1   10   1   10   0.2753348060
1   10   3   8   0.0055228145
1   10   4   13   -0.0000001159
1   10   4   14   0.0457958262
1   10   5   13   -0.0457958875
1   10   5   14   -0.0000001159
1   10   6   11   -0.0000000067
1   10   6   12   -0.0026551562
1   10   7   11   0.0026551556
1   10   7   12   -0.0000000067
1   11   1   11   0.2709131678
1   11   1   12   0.0000000362
1   11   2   11   0.0000000362
1   11   2   12   0.0069506101
1   11   3   13   -0.0000000061
1   11   3   14   0.0024095473
1   11   4   8   0.0407933008
1   11   4   9   0.0000000478
1   11   5   8   0.0000000478
1   11   5   9   -0.0137118228
1   11   6   10   -0.0000000049
1   11   7   10   0.0019329045
1   12   1   11   0.0000000362
1   12   1   12   0.2853373079
1   12   2   11   0.0074734689
1   12   2   12   -0.0000000362
1   12   3   13   -0.0024095479
1   12   3   14   -0.0000000061
1   12   4   8   0.0000000478
1   12   4   9   0.0327671512
1   12   5   8   0.0598488623
1   12   5   9   -0.0000000478
1   12   6   10   -0.0019329041
1   12   7   10   -0.0000000049
1   13   1   13   0.2881258043
1   13   1   14   -0.0000000012
1   13   2   13   0.0000000012
1   13   2   14   0.0159558085
1   13   3   11   -0.0000000081
1   13   3   12   -0.0032191566
1   13   4   10   -0.0000001162
1   13   5   10   -0.0458979333
1   13   6   8   0.0079240555
1   13   6   9   0.0000000002
1   13   7   8   -0.0000000002
1   13   7   9   0.0018394594
1   14   1   13   -0.0000000012
1   14   1   14   0.2555195849
1   14   2   13   0.0166503897
1   14   2   14   -0.0000000012
1   14   3   11   0.0032191548
1   14   3   12   -0.0000000081
1   14   4   10   0.0458978713
1   14   5   10   -0.0000001162
1   14   6   8   -0.0000000002
1   14   6   9   0.0037737969
1   14   7   8   0.0023108014
1   14   7   9   -0.0000000002
2   8   1   9   0.0242300738
2   8   2   8   0.2569676042
2   8   4   11   0.0000000483
2   8   4   12   -0.0132582627
2   8   5   11   0.0325243012
2   8   5   12   -0.0000000483
2   8   6   13   0.0000000002
2   8   6   14   0.0016511009
2   8   7   13   0.0033467180
2   8   7   14   -0.0000000002
2   9   1   8   0.0235392434
2   9   2   9   0.3047369361
2   9   3   10   0.0043057481
2   9   4   11   0.0590656178
2   9   4   12   -0.0000000483
2   9   5   11   -0.0000000483
2   9   5   12   0.0397992702
2   9   6   13   0.0013241903
2   9   6   14   0.0000000002
2   9   7   13   0.0000000002
2   9   7   14   0.0063220013
2   10   2   10   0.2753348276
2   10   3   9   0.0055228155
2   10   4   13   0.0457959328
2   10   4   14   0.0000001159
2   10   5   13   -0.0000001159
2   10   5   14   0.0457957868
2   10   6   11   0.0026551621
2   10   6   12   -0.0000000067
2   10   7   11   0.0000000067
2   10   7   12   0.0026551518
2   11   1   11   0.0000000362
2   11   1   12   0.0074734689
2   11   2   11   0.2853373180
2   11   2   12   -0.0000000362
2   11   3   13   0.0024095525
2   11   3   14   0.0000000061
2   11   4   8   0.0000000478
2   11   4   9   0.0598488920
2   11   5   8   0.0327671512
2   11   5   9   -0.0000000478
2   11   6   10   0.0019329096
2   11   7   10   0.0000000049
2   12   1   11   0.0069506101
2   12   1   12   -0.0000000362
2   12   2   11   -0.0000000362
2   12   2   12   0.2709131714
2   12   3   13   -0.0000000061
2   12   3   14   0.0024095441
2   12   4   8   -0.0137118228
2   12   4   9   -0.0000000478
2   12   5   8   -0.0000000478
2   12   5   9   0.0407932584
2   12   6   10   -0.0000000049
2   12   7   10   0.0019329014
2   13   1   13   0.0000000012
2   13   1   14   0.0166503897
2   13   2   13   0.2555196443
2   13   2   14   0.0000000012
2   13   3   11   0.0032191616
2   13   3   12   -0.0000000081
2   13   4   10   0.0458979785
2   13   5   10   -0.0000001162
2   13   6   8   0.0000000002
2   13   6   9   0.0023108067
2   13   7   8   0.0037737969
2   13   7   9   0.0000000002
2   14   1   13   0.0159558085
2   14   1   14   -0.0000000012
2   14   2   13   0.0000000012
2   14   2   14   0.2881258004
2   14   3   11   0.0000000081
2   14   3   12   0.0032191511
2   14   4   10   0.0000001162
2   14   5   10   0.0458978317
2   14   6   8   0.0018394594
2   14   6   9   0.0000000002
2   14   7   8   -0.0000000002
2   14   7   9   0.0079240545
3   8   1   10   0.0055228145
3   8   3   8   0.2753348060
3   8   4   13   -0.0000000067
3   8   4   14   0.0026551556
3   8   5   13   -0.0026551562
3   8   5   14   -0.0000000067
3   8   6   11   -0.0000001159
3   8   6   12   -0.0457958875
3   8   7   11   0.0457958262
3   8   7   12   -0.0000001159
3   9   2   10   0.0055228155
3   9   3   9   0.2753348276
3   9   4   13   0.0026551621
3   9   4   14   0.0000000067
3   9   5   13   -0.0000000067
3   9   5   14   0.0026551518
3   9   6   11   0.0457959328
3   9   6   12   -0.0000001159
3   9   7   11   0.0000001159
3   9   7   12   0.0457957868
3   10   1   8   0.0043057471
3   10   2   9   0.0043057481
3   10   3   10   0.3038595857
3   10   4   11   0.0034587763
3   10   5   12   0.0034587750
3   10   6   13   0.0830625668
3   10   7   14   0.0830625239
3   11   1   13   -0.0000000081
3   11   1   14   0.0032191548
3   11   2   13   0.0032191616
3   11   2   14   0.0000000081
3   11   3   11   0.2740691739
3   11   4   10   0.0047329921
3   11   6   8   -0.0000001162
3   11   6   9   0.0458979785
3   11   7   8   0.0458978713
3   11   7   9   0.0000001162
3   12   1   13   -0.0032191566
3   12   1   14   -0.0000000081
3   12   2   13   -0.0000000081
3   12   2   14   0.0032191511
3   12   3   12   0.2740691567
3   12   5   10   0.0047329909
3   12   6   8   -0.0458979333
3   12   6   9   -0.0000001162
3   12   7   8   -0.0000001162
3   12   7   9   0.0458978317
3   13   1   11   -0.0000000061
3   13   1   12   -0.0024095479
3   13   2   11   0.0024095525
3   13   2   12   -0.0000000061
3   13   3   13   0.2971638233
3   13   4   8   -0.0000000049
3   13   4   9   0.0019329096
3   13   5   8   -0.0019329041
3   13   5   9   -0.0000000049
3   13   6   10   0.0830826705
3   14   1   11   0.0024095473
3   14   1   12   -0.0000000061
3   14   2   11   0.0000000061
3   14   2   12   0.0024095441
3   14   3   14   0.2971638116
3   14   4   8   0.0019329045
3   14   4   9   0.0000000049
3   14   5   8   -0.0000000049
3   14   5   9   0.0019329014
3   14   7   10   0.0830826287
4   8   1   11   0.0407933008
4   8   1   12   0.0000000478
4   8   2   11   0.0000000478
4   8   2   12   -0.0137118228
4   8   3   13   -0.0000000049
4   8   3   14   0.0019329045
4   8   4   8   0.2709131678
4   8   4   9   0.0000000362
4   8   5   8   0.0000000362
4   8   5   9   0.0069506101
4   8   6   10   -0.0000000061
4   8   7   10   0.0024095473
4   9   1   11   0.0000000478
4   9   1   12   0.0327671512
4   9   2   11   0.0598488920
4   9   2   12   -0.0000000478
4   9   3   13   0.0019329096
4   9   3   14   0.0000000049
4   9   4   8   0.0000000362
4   9   4   9   0.2853373180
4   9   5   8   0.0074734689
4   9   5   9   -0.0000000362
4   9   6   10   0.0024095525
4   9   7   10   0.0000000061
4   10   1   13   -0.0000001162
4   10   1   14   0.0458978713
4   10   2   13   0.0458979785
4   10   2   14   0.0000001162
4   10   3   11   0.0047329921
4   10   4   10   0.2740691739
4   10   6   8   -0.0000000081
4   10   6   9   0.0032191616
4   10   7   8   0.0032191548
4   10   7   9   0.0000000081
4   11   1   8   0.0397993134
4   11   1   9   0.0000000483
4   11   2   8   0.0000000483
4   11   2   9   0.0590656178
4   11   3   10   0.0034587763
4   11   4   11   0.2912663258
4   11   5   12   0.0101316639
4   11   6   13   0.0043452970
4   11   6   14   -0.0000000039
4   11   7   13   -0.0000000039
4   11   7   14   0.0028100346
4   12   1   8   0.0000000483
4   12   1   9   0.0325243012
4   12   2   8   -0.0132582627
4   12   2   9   -0.0000000483
4   12   4   12   0.2694821233
4   12   5   11   0.0116525111
4   12   6   13   -0.0000000039
4   12   6   14   -0.0007318737
4   12   7   13   -0.0008033887
4   12   7   14   0.0000000039
4   13   1   10   -0.0000001159
4   13   2   10   0.0457959328
4   13   3   8   -0.0000000067
4   13   3   9   0.0026551621
4   13   4   13   0.2708832575
4   13   4   14   0.0000000055
4   13   5   13   0.0000000055
4   13   5   14   0.0014475933
4   13   6   11   0.0056482353
4   13   6   12   -0.0000000032
4   13   7   11   -0.0000000032
4   13   7   12   -0.0006350393
4   14   1   10   0.0457958262
4   14   2   10   0.0000001159
4   14   3   8   0.0026551556
4   14   3   9   0.0000000067
4   14   4   13   0.0000000055
4   14   4   14   0.2730485622
4   14   5   13   0.0007177140
4   14   5   14   -0.0000000055
4   14   6   11   -0.0000000032
4   14   6   12   -0.0006232088
4   14   7   11   0.0043899874
4   14   7   12   0.0000000032
5   8   1   11   0.0000000478
5   8   1   12   0.0598488623
5   8   2   11   0.0327671512
5   8   2   12   -0.0000000478
5   8   3   13   -0.0019329041
5   8   3   14   -0.0000000049
5   8   4   8   0.0000000362
5   8   4   9   0.0074734689
5   8   5   8   0.2853373079
5   8   5   9   -0.0000000362
5   8   6   10   -0.0024095479
5   8   7   10   -0.0000000061
5   9   1   11   -0.0137118228
5   9   1   12   -0.0000000478
5   9   2   11   -0.0000000478
5   9   2   12   0.0407932584
5   9   3   13   -0.0000000049
5   9   3   14   0.0019329014
5   9   4   8   0.0069506101
5   9   4   9   -0.0000000362
5   9   5   8   -0.0000000362
5   9   5   9   0.2709131714
5   9   6   10   -0.0000000061
5   9   7   10   0.0024095441
5   10   1   13   -0.0458979333
5   10   1   14   -0.0000001162
5   10   2   13   -0.0000001162
5   10   2   14   0.0458978317
5   10   3   12   0.0047329909
5   10   5   10   0.2740691567
5   10   6   8   -0.0032191566
5   10   6   9   -0.0000000081
5   10   7   8   -0.0000000081
5   10   7   9   0.0032191511
5   11   1   8   0.0000000483
5   11   1   9   -0.0132582627
5   11   2   8   0.0325243012
5   11   2   9   -0.0000000483
5   11   4   12   0.0116525111
5   11   5   11   0.2694821233
5   11   6   13   -0.0000000039
5   11   6   14   -0.0008033887
5   11   7   13   -0.0007318737
5   11   7   14   0.0000000039
5   12   1   8   0.0590655870
5   12   1   9   -0.0000000483
5   12   2   8   -0.0000000483
5   12   2   9   0.0397992702
5   12   3   10   0.0034587750
5   12   4   11   0.0101316639
5   12   5   12   0.2912663091
5   12   6   13   0.0028100337
5   12   6   14   0.0000000039
5   12   7   13   0.0000000039
5   12   7   14   0.0043452960
5   13   1   10   -0.0457958875
5   13   2   10   -0.0000001159
5   13   3   8   -0.0026551562
5   13   3   9   -0.0000000067
5   13   4   13   0.0000000055
5   13   4   14   0.0007177140
5   13   5   13   0.2730485537
5   13   5   14   -0.0000000055
5   13   6   11   -0.0000000032
5   13   6   12   0.0043899866
5   13   7   11   -0.0006232088
5   13   7   12   0.0000000032
5   14   1   10   -0.0000001159
5   14   2   10   0.0457957868
5   14   3   8   -0.0000000067
5   14   3   9   0.0026551518
5   14   4   13   0.0014475933
5   14   4   14   -0.0000000055
5   14   5   13   -0.0000000055
5   14   5   14   0.2708832296
5   14   6   11   -0.0006350393
5   14   6   12   0.0000000032
5   14   7   11   0.0000000032
5   14   7   12   0.0056482341
6   8   1   13   0.0079240555
6   8   1   14   -0.0000000002
6   8   2   13   0.0000000002
6   8   2   14   0.0018394594
6   8   3   11   -0.0000001162
6   8   3   12   -0.0458979333
6   8   4   10   -0.0000000081
6   8   5   10   -0.0032191566
6   8   6   8   0.2881258043
6   8   6   9   0.0000000012
6   8   7   8   -0.0000000012
6   8   7   9   0.0159558085
6   9   1   13   0.0000000002
6   9   1   14   0.0037737969
6   9   2   13   0.0023108067
6   9   2   14   0.0000000002
6   9   3   11   0.0458979785
6   9   3   12   -0.0000001162
6   9   4   10   0.0032191616
6   9   5   10   -0.0000000081
6   9   6   8   0.0000000012
6   9   6   9   0.2555196443
6   9   7   8   0.0166503897
6   9   7   9   0.0000000012
6   10   1   11   -0.0000000049
6   10   1   12   -0.0019329041
6   10   2   11   0.0019329096
6   10   2   12   -0.0000000049
6   10   3   13   0.0830826705
6   10   4   8   -0.0000000061
6   10   4   9   0.0024095525
6   10   5   8   -0.0024095479
6   10   5   9   -0.0000000061
6   10   6   10   0.2971638233
6   11   1   10   -0.0000000067
6   11   2   10   0.0026551621
6   11   3   8   -0.0000001159
6   11   3   9   0.0457959328
6   11   4   13   0.0056482353
6   11   4   14   -0.0000000032
6   11   5   13   -0.0000000032
6   11   5   14   -0.0006350393
6   11   6   11   0.2708832575
6   11   6   12   0.0000000055
6   11   7   11   0.0000000055
6   11   7   12   0.0014475933
6   12   1   10   -0.0026551562
6   12   2   10   -0.0000000067
6   12   3   8   -0.0457958875
6   12   3   9   -0.0000001159
6   12   4   13   -0.0000000032
6   12   4   14   -0.0006232088
6   12   5   13   0.0043899866
6   12   5   14   0.0000000032
6   12   6   11   0.0000000055
6   12   6   12   0.2730485537
6   12   7   11   0.0007177140
6   12   7   12   -0.0000000055
6   13   1   8   0.0063220017
6   13   1   9   0.0000000002
6   13   2   8   0.0000000002
6   13   2   9   0.0013241903
6   13   3   10   0.0830625668
6   13   4   11   0.0043452970
6   13   4   12   -0.0000000039
6   13   5   11   -0.0000000039
6   13   5   12   0.0028100337
6   13   6   13   0.3139731320
6   13   7   14   0.0199769513
6   14   1   8   -0.0000000002
6   14   1   9   0.0033467180
6   14   2   8   0.0016511009
6   14   2   9   0.0000000002
6   14   4   11   -0.0000000039
6   14   4   12   -0.0007318737
6   14   5   11   -0.0008033887
6   14   5   12   0.0000000039
6   14   6   14   0.2722714371
6   14   7   13   0.0217247645
7   8   1   13   -0.0000000002
7   8   1   14   0.0023108014
7   8   2   13   0.0037737969
7   8   2   14   -0.0000000002
7   8   3   11   0.0458978713
7   8   3   12   -0.0000001162
7   8   4   10   0.0032191548
7   8   5   10   -0.0000000081
7   8   6   8   -0.0000000012
7   8   6   9   0.0166503897
7   8   7   8   0.2555195849
7   8   7   9   -0.0000000012
7   9   1   13   0.0018394594
7   9   1   14   -0.0000000002
7   9   2   13   0.0000000002
7   9   2   14   0.0079240545
7   9   3   11   0.0000001162
7   9   3   12   0.0458978317
7   9   4   10   0.0000000081
7   9   5   10   0.0032191511
7   9   6   8   0.0159558085
7   9   6   9   0.0000000012
7   9   7   8   -0.0000000012
7   9   7   9   0.2881258004
7   10   1   11   0.0019329045
7   10   1   12   -0.0000000049
7   10   2   11   0.0000000049
7   10   2   12   0.0019329014
7   10   3   14   0.0830826287
7   10   4   8   0.0024095473
7   10   4   9   0.0000000061
7   10   5   8   -0.0000000061
7   10   5   9   0.0024095441
7   10   7   10   0.2971638116
7   11   1   10   0.0026551556
7   11   2   10   0.0000000067
7   11   3   8   0.0457958262
7   11   3   9   0.0000001159
7   11   4   13   -0.0000000032
7   11   4   14   0.0043899874
7   11   5   13   -0.0006232088
7   11   5   14   0.0000000032
7   11   6   11   0.0000000055
7   11   6   12   0.0007177140
7   11   7   11   0.2730485622
7   11   7   12   -0.0000000055
7   12   1   10   -0.0000000067
7   12   2   10   0.0026551518
7   12   3   8   -0.0000001159
7   12   3   9   0.0457957868
7   12   4   13   -0.0006350393
7   12   4   14   0.0000000032
7   12   5   13   0.0000000032
7   12   5   14   0.0056482341
7   12   6   11   0.0014475933
7   12   6   12   -0.0000000055
7   12   7   11   -0.0000000055
7   12   7   12   0.2708832296
7   13   1   8   -0.0000000002
7   13   1   9   0.0016511009
7   13   2   8   0.0033467180
7   13   2   9   0.0000000002
7   13   4   11   -0.0000000039
7   13   4   12   -0.0008033887
7   13   5   11   -0.0007318737
7   13   5   12   0.0000000039
7   13   6   14   0.0217247645
7   13   7   13   0.2722714371
7   14   1   8   0.0013241861
7   14   1   9   -0.0000000002
7   14   2   8   -0.0000000002
7   14   2   9   0.0063220013
7   14   3   10   0.0830625239
7   14   4   11   0.0028100346
7   14   4   12   0.0000000039
7   14   5   11   0.0000000039
7   14   5   12   0.0043452960
7   14   6   13   0.0199769513
7   14   7   14   0.3139731297

End IJKL Block
Begin IJAB Block
1   8   1   4   0.0028967284
1   8   1   5   -0.0000000001
1   8   2   4   -0.0000000001
1   8   2   5   0.0053784800
1   8   3   6   0.0095910694
1   9   1   4   -0.0000000001
1   9   1   5   0.0017024725
1   9   2   4   0.0007792765
1   9   2   5   0.0000000001
1   13   1   6   -0.0000000000
1   13   2   6   -0.0009916675
1   13   3   4   -0.0000000000
1   13   3   5   -0.0006882235
1   14   1   6   0.0009916617
1   14   2   6   -0.0000000000
1   14   3   4   0.0006882163
1   14   3   5   -0.0000000000
2   8   1   4   -0.0000000001
2   8   1   5   0.0007792765
2   8   2   4   0.0017024725
2   8   2   5   0.0000000001
2   9   1   4   0.0053784788
2   9   1   5   0.0000000001
2   9   2   4   0.0000000001
2   9   2   5   0.0028967303
2   9   3   6   0.0095910565
2   13   1   6   0.0009916612
2   13   2   6   -0.0000000000
2   13   3   4   0.0006882089
2   13   3   5   -0.0000000000
2   14   1   6   0.0000000000
2   14   2   6   0.0009916639
2   14   3   4   0.0000000000
2   14   3   5   0.0006882136
3   10   1   4   0.0361703559
3   10   2   5   0.0361703572
3   10   3   6   0.0027257794
3   11   1   6   -0.0008837295
3   11   2   6   -0.0000000022
3   11   3   4   0.0012811257
3   11   3   5   0.0000000032
3   12   1   6   0.0000000022
3   12   2   6   -0.0008837288
3   12   3   4   -0.0000000032
3   12   3   5   0.0012811272
4   10   1   6   0.0012811257
4   10   2   6   0.0000000032
4   10   3   4   -0.0008837295
4   10   3   5   -0.0000000022
4   11   1   4   0.0052246096
4   11   1   5   0.0000000030
4   11   2   4   0.0000000030
4   11   2   5   0.0040439090
4   11   3   6   0.0079953905
4   12   1   4   -0.0000000030
4   12   1   5   0.0002196931
4   12   2   4   0.0009610055
4   12   2   5   0.0000000030
5   10   1   6   -0.0000000032
5   10   2   6   0.0012811272
5   10   3   4   0.0000000022
5   10   3   5   -0.0008837288
5   11   1   4   -0.0000000030
5   11   1   5   0.0009610055
5   11   2   4   0.0002196931
5   11   2   5   0.0000000030
5   12   1   4   0.0040439076
5   12   1   5   -0.0000000030
5   12   2   4   -0.0000000030
5   12   2   5   0.0052246094
5   12   3   6   0.0079953938
6   8   1   6   -0.0000000000
6   8   2   6   -0.0006882235
6   8   3   4   -0.0000000000
6   8   3   5   -0.0009916675
6   9   1   6   0.0006882089
6   9   2   6   -0.0000000000
6   9   3   4   0.0009916612
6   9   3   5   -0.0000000000
6   13   1   4   0.0361631437
6   13   1   5   0.0000000004
6   13   2   4   0.0000000004
6   13   2   5   0.0621521040
6   13   3   6   0.0021492352
6   14   1   4   0.0000000004
6   14   1   5   0.0358014653
6   14   2   4   -0.0098124870
6   14   2   5   -0.0000000004
7   8   1   6   0.0006882163
7   8   2   6   -0.0000000000
7   8   3   4   0.0009916617
7   8   3   5   -0.0000000000
7   9   1   6   0.0000000000
7   9   2   6   0.0006882136
7   9   3   4   0.0000000000
7   9   3   5   0.0009916639
7   13   1   4   0.0000000004
7   13   1   5   -0.0098124870
7   13   2   4   0.0358014653
7   13   2   5   -0.0000000004
7   14   1   4   0.0621521220
7   14   1   5   -0.0000000004
7   14   2   4   -0.0000000004
7   14   2   5   0.0361631360
7   14   3   6   0.0021492318

End IJAB Block
Begin ABCD Block
1   4   1   4   0.2818984867
1   4   2   5   0.0124650145
1   4   3   6   0.0016789331
1   5   1   5   0.2567977752
1   5   2   4   0.0126356868
1   6   1   6   0.1859458425
1   6   3   4   0.0018746400
2   4   1   5   0.0126356868
2   4   2   4   0.2567977752
2   5   1   4   0.0124650145
2   5   2   5   0.2818984628
2   5   3   6   0.0016789364
2   6   2   6   0.1859458545
2   6   3   5   0.0018746434
3   4   1   6   0.0018746400
3   4   3   4   0.1859458425
3   5   2   6   0.0018746434
3   5   3   5   0.1859458545
3   6   1   4   0.0016789331
3   6   2   5   0.0016789364
3   6   3   6   0.1714796897

End ABCD Block
Begin AIJB Block
1   8   1   4   0.0031686642
1   8   1   5   -0.0000000001
1   8   2   4   -0.0000000001
1   8   2   5   0.0010764119
1   8   6   6   -0.0000000000
1   8   7   6   0.0008044727
1   9   1   4   -0.0000000001
1   9   1   5   0.0018011253
1   9   2   4   0.0060462050
1   9   2   5   0.0000000001
1   9   6   6   0.0008044632
1   9   7   6   0.0000000000
1   10   3   4   0.0342215744
1   10   4   6   0.0002749185
1   10   5   6   -0.0000000007
1   11   3   6   -0.0014171789
1   11   4   4   0.0063654360
1   11   4   5   0.0000000053
1   11   5   4   -0.0000000053
1   11   5   5   0.0014958180
1   12   3   6   0.0000000036
1   12   4   4   -0.0000000053
1   12   4   5   0.0006038255
1   12   5   4   0.0042657891
1   12   5   5   -0.0000000053
1   13   2   6   0.0004265848
1   13   6   4   0.0403932908
1   13   6   5   0.0000000003
1   13   7   4   0.0000000003
1   13   7   5   -0.0141727882
1   14   1   6   0.0004265864
1   14   6   4   0.0000000003
1   14   6   5   0.0318828384
1   14   7   4   0.0581033428
1   14   7   5   -0.0000000003
2   8   1   4   -0.0000000001
2   8   1   5   0.0060462069
2   8   2   4   0.0018011253
2   8   2   5   0.0000000001
2   8   6   6   -0.0008044789
2   8   7   6   -0.0000000000
2   9   1   4   0.0010764119
2   9   1   5   0.0000000001
2   9   2   4   0.0000000001
2   9   2   5   0.0031686668
2   9   6   6   -0.0000000000
2   9   7   6   0.0008044691
2   10   3   5   0.0342215722
2   10   4   6   0.0000000007
2   10   5   6   0.0002749192
2   11   3   6   -0.0000000036
2   11   4   4   0.0000000053
2   11   4   5   0.0042657902
2   11   5   4   0.0006038255
2   11   5   5   0.0000000053
2   12   3   6   -0.0014171789
2   12   4   4   0.0014958180
2   12   4   5   0.0000000053
2   12   5   4   -0.0000000053
2   12   5   5   0.0063654367
2   13   1   6   -0.0004265899
2   13   6   4   0.0000000003
2   13   6   5   0.0581033224
2   13   7   4   0.0318828384
2   13   7   5   -0.0000000003
2   14   2   6   0.0004265881
2   14   6   4   -0.0141727882
2   14   6   5   -0.0000000003
2   14   7   4   -0.0000000003
2   14   7   5   0.0403932830
3   8   1   6   0.0075397359
3   8   6   5   -0.0004265899
3   8   7   4   0.0004265864
3   9   2   6   0.0075397253
3   9   6   4   0.0004265848
3   9   7   5   0.0004265881
3   10   3   6   0.0023248307
3   10   4   4   -0.0014171789
3   10   4   5   -0.0000000036
3   10   5   4   0.0000000036
3   10   5   5   -0.0014171789
3   11   3   4   0.0002749185
3   11   3   5   0.0000000007
3   11   4   6   0.0062093650
3   12   3   4   -0.0000000007
3   12   3   5   0.0002749192
3   12   5   6   0.0062093683
3   13   1   4   -0.0000000000
3   13   1   5   -0.0008044789
3   13   2   4   0.0008044632
3   13   2   5   -0.0000000000
3   13   6   6   0.0020875554
3   14   1   4   0.0008044727
3   14   1   5   -0.0000000000
3   14   2   4   0.0000000000
3   14   2   5   0.0008044691
3   14   7   6   0.0020875525

1   8   8   1   -0.2513053615
1   8   8   2   0.0000000005
1   8   9   1   0.0000000005
1   8   9   2   -0.0115971476
1   8   14   3   -0.0001685131
1   9   8   1   0.0000000005
1   9   8   2   -0.0110705034
1   9   9   1   -0.2739730415
1   9   9   2   -0.0000000005
1   9   13   3   -0.0001685116
1   10   10   1   -0.2855083759
1   10   11   3   0.0003192225
1   10   12   3   -0.0000000008
1   11   10   3   0.0002125789
1   11   11   1   -0.2678446344
1   11   11   2   -0.0000000149
1   11   12   1   0.0000000149
1   11   12   2   -0.0025210061
1   12   10   3   -0.0000000005
1   12   11   1   0.0000000149
1   12   11   2   -0.0033803875
1   12   12   1   -0.2619432169
1   12   12   2   0.0000000149
1   13   9   3   -0.0001530916
1   13   13   1   -0.2703721729
1   13   13   2   -0.0000000004
1   13   14   1   -0.0000000004
1   13   14   2   -0.0137728653
1   14   8   3   -0.0001530932
1   14   13   1   -0.0000000004
1   14   13   2   -0.0130187973
1   14   14   1   -0.2971638248
1   14   14   2   0.0000000004
2   8   8   1   0.0000000005
2   8   8   2   -0.2739730274
2   8   9   1   -0.0110705034
2   8   9   2   -0.0000000005
2   8   13   3   0.0001685147
2   9   8   1   -0.0115971476
2   9   8   2   -0.0000000005
2   9   9   1   -0.0000000005
2   9   9   2   -0.2513053920
2   9   14   3   -0.0001685154
2   10   10   2   -0.2855083666
2   10   11   3   0.0000000008
2   10   12   3   0.0003192229
2   11   10   3   0.0000000005
2   11   11   1   -0.0000000149
2   11   11   2   -0.2619432238
2   11   12   1   -0.0033803875
2   11   12   2   -0.0000000149
2   12   10   3   0.0002125792
2   12   11   1   -0.0025210061
2   12   11   2   -0.0000000149
2   12   12   1   0.0000000149
2   12   12   2   -0.2678446141
2   13   8   3   0.0001530949
2   13   13   1   -0.0000000004
2   13   13   2   -0.2971638079
2   13   14   1   -0.0130187973
2   13   14   2   0.0000000004
2   14   9   3   -0.0001530956
2   14   13   1   -0.0137728653
2   14   13   2   0.0000000004
2   14   14   1   0.0000000004
2   14   14   2   -0.2703721561
3   8   8   3   -0.1955156118
3   8   13   2   0.0001530949
3   8   14   1   -0.0001530932
3   9   9   3   -0.1955155843
3   9   13   1   -0.0001530916
3   9   14   2   -0.0001530956
3   10   10   3   -0.1901631495
3   10   11   1   0.0002125789
3   10   11   2   0.0000000005
3   10   12   1   -0.0000000005
3   10   12   2   0.0002125792
3   11   10   1   0.0003192225
3   11   10   2   0.0000000008
3   11   11   3   -0.1954751788
3   12   10   1   -0.0000000008
3   12   10   2   0.0003192229
3   12   12   3   -0.1954751940
3   13   8   2   0.0001685147
3   13   9   1   -0.0001685116
3   13   13   3   -0.1898286722
3   14   8   1   -0.0001685131
3   14   9   2   -0.0001685154
3   14   14   3   -0.1898286505

End AIJB Block
Begin IJKA Block
1   8   3   4   0.0000000001
1   8   3   5   0.0030996279
1   8   4   6   -0.0000000021
1   8   5   6   -0.0007986915
1   9   3   4   -0.0030996293
1   9   3   5   0.0000000001
1   9   4   6   0.0007986940
1   9   5   6   -0.0000000021
1   10   1   4   0.0000000007
1   10   1   5   0.0178063013
1   10   2   4   -0.0178062866
1   10   2   5   0.0000000007
1   10   6   6   -0.0011070883
1   10   7   6   0.0000000000
1   11   1   6   -0.0000000061
1   11   2   6   0.0023642704
1   11   6   4   -0.0032090128
1   11   6   5   -0.0000000110
1   11   7   4   -0.0000000009
1   11   7   5   -0.0007116087
1   12   1   6   -0.0023642595
1   12   2   6   -0.0000000061
1   12   6   4   0.0000000081
1   12   6   5   -0.0043481462
1   12   7   4   -0.0004275209
1   12   7   5   0.0000000019
1   13   3   6   -0.0004662416
1   13   4   4   -0.0291508036
1   13   4   5   -0.0000001007
1   13   5   4   0.0000000745
1   13   5   5   -0.0394955808
1   14   3   6   0.0000000000
1   14   4   4   0.0000000441
1   14   4   5   -0.0272871501
1   14   5   4   0.0169424390
1   14   5   5   0.0000000702
2   8   3   4   -0.0030996283
2   8   3   5   0.0000000001
2   8   4   6   0.0007986853
2   8   5   6   -0.0000000021
2   9   3   4   -0.0000000001
2   9   3   5   -0.0030996236
2   9   4   6   0.0000000021
2   9   5   6   0.0007986993
2   10   1   4   -0.0178062864
2   10   1   5   0.0000000007
2   10   2   4   -0.0000000007
2   10   2   5   -0.0178062739
2   10   6   6   -0.0000000000
2   10   7   6   -0.0011070868
2   11   1   6   0.0023642704
2   11   2   6   0.0000000061
2   11   6   4   -0.0000000019
2   11   6   5   -0.0004275179
2   11   7   4   -0.0043481487
2   11   7   5   -0.0000000081
2   12   1   6   -0.0000000061
2   12   2   6   0.0023642947
2   12   6   4   -0.0007116057
2   12   6   5   0.0000000009
2   12   7   4   0.0000000110
2   12   7   5   -0.0032090111
2   13   3   6   -0.0000000000
2   13   4   4   -0.0000000702
2   13   4   5   0.0169424584
2   13   5   4   -0.0272871300
2   13   5   5   -0.0000000441
2   14   3   6   -0.0004662399
2   14   4   4   -0.0394956102
2   14   4   5   -0.0000000745
2   14   5   4   0.0000001007
2   14   5   5   -0.0291507786
3   8   1   4   0.0000000001
3   8   1   5   0.0030732051
3   8   2   4   -0.0030732055
3   8   2   5   0.0000000001
3   8   6   6   -0.0023486462
3   8   7   6   0.0000000001
3   9   1   4   -0.0030732065
3   9   1   5   0.0000000001
3   9   2   4   -0.0000000001
3   9   2   5   -0.0030732011
3   9   6   6   -0.0000000001
3   9   7   6   -0.0023486301
3   10   3   5   0.0000000028
3   10   5   6   0.0000000006
3   11   4   4   0.0000000042
3   11   4   5   0.0008330734
3   11   5   4   0.0008330734
3   11   5   5   -0.0000000042
3   12   3   6   0.0000000209
3   12   4   4   0.0008330736
3   12   4   5   -0.0000000042
3   12   5   4   -0.0000000042
3   12   5   5   -0.0008330726
3   13   1   6   -0.0004324074
3   13   2   6   -0.0000000000
3   13   6   4   -0.0000000017
3   13   6   5   0.0495558441
3   13   7   4   -0.0495558442
3   13   7   5   -0.0000000017
3   14   1   6   0.0000000000
3   14   2   6   -0.0004324056
3   14   6   4   -0.0495558578
3   14   6   5   -0.0000000017
3   14   7   4   0.0000000017
3   14   7   5   -0.0495558364
4   8   1   6   -0.0000000018
4   8   2   6   0.0006823125
4   8   6   4   -0.0024474049
4   8   6   5   -0.0000000095
4   8   7   4   -0.0000000016
4   8   7   5   -0.0006433252
4   9   1   6   0.0006823210
4   9   2   6   0.0000000018
4   9   6   4   -0.0000000017
4   9   6   5   -0.0006587836
4   9   7   4   -0.0037495202
4   9   7   5   -0.0000000062
4   10   4   4   -0.0000000079
4   10   4   5   -0.0015645406
4   10   5   4   -0.0015645392
4   10   5   5   0.0000000079
4   11   3   4   0.0000000038
4   11   3   5   0.0007596878
4   11   4   6   0.0000000181
4   11   5   6   0.0023865563
4   12   3   4   0.0007596879
4   12   3   5   -0.0000000038
4   12   4   6   0.0023865767
4   12   5   6   -0.0000000181
4   13   1   4   -0.0286321830
4   13   1   5   -0.0000000994
4   13   2   4   -0.0000000694
4   13   2   5   0.0166153624
4   13   6   6   0.0000000000
4   13   7   6   -0.0000118722
4   14   1   4   0.0000000433
4   14   1   5   -0.0269661345
4   14   2   4   -0.0389830683
4   14   2   5   -0.0000000732
4   14   6   6   -0.0000118726
4   14   7   6   -0.0000000000
5   8   1   6   -0.0006823181
5   8   2   6   -0.0000000018
5   8   6   4   0.0000000062
5   8   6   5   -0.0037495167
5   8   7   4   -0.0006587864
5   8   7   5   0.0000000017
5   9   1   6   -0.0000000018
5   9   2   6   0.0006823266
5   9   6   4   -0.0006433216
5   9   6   5   0.0000000016
5   9   7   4   0.0000000095
5   9   7   5   -0.0024474028
5   10   3   6   0.0000000006
5   10   4   4   -0.0015645393
5   10   4   5   0.0000000079
5   10   5   4   0.0000000079
5   10   5   5   0.0015645487
5   11   3   4   0.0007596878
5   11   3   5   -0.0000000038
5   11   4   6   0.0023865565
5   11   5   6   -0.0000000181
5   12   3   4   -0.0000000038
5   12   3   5   -0.0007596869
5   12   4   6   -0.0000000181
5   12   5   6   -0.0023865363
5   13   1   4   0.0000000732
5   13   1   5   -0.0389830386
5   13   2   4   -0.0269661148
5   13   2   5   -0.0000000433
5   13   6   6   0.0000118731
5   13   7   6   0.0000000000
5   14   1   4   0.0166153431
5   14   1   5   0.0000000694
5   14   2   4   0.0000000994
5   14   2   5   -0.0286321585
5   14   6   6   0.0000000000
5   14   7   6   -0.0000118709
6   8   3   6   -0.0022965317
6   8   4   4   -0.0024156103
6   8   4   5   -0.0000000091
6   8   5   4   0.0000000061
6   8   5   5   -0.0035878051
6   9   3   6   -0.0000000001
6   9   4   4   -0.0000000019
6   9   4   5   -0.0004460957
6   9   5   4   -0.0007260922
6   9   5   5   0.0000000010
6   10   1   6   -0.0011001965
6   10   2   6   -0.0000000000
6   10   6   4   -0.0000000008
6   10   6   5   0.0227184261
6   10   7   4   -0.0227184365
6   10   7   5   -0.0000000008
6   11   1   4   -0.0030571003
6   11   1   5   -0.0000000106
6   11   2   4   -0.0000000022
6   11   2   5   -0.0003106732
6   11   6   6   -0.0000000025
6   11   7   6   0.0009829634
6   12   1   4   0.0000000077
6   12   1   5   -0.0041838928
6   12   2   4   -0.0008161097
6   12   2   5   0.0000000007
6   12   6   6   -0.0009829422
6   12   7   6   -0.0000000025
6   13   3   4   -0.0000000017
6   13   3   5   0.0506240464
6   13   4   6   -0.0000000001
6   13   5   6   -0.0000221977
6   14   3   4   -0.0506240590
6   14   3   5   -0.0000000017
6   14   4   6   0.0000221987
6   14   5   6   -0.0000000001
7   8   3   6   0.0000000001
7   8   4   4   -0.0000000010
7   8   4   5   -0.0007260959
7   8   5   4   -0.0004460984
7   8   5   5   0.0000000019
7   9   3   6   -0.0022965158
7   9   4   4   -0.0035878086
7   9   4   5   -0.0000000061
7   9   5   4   0.0000000091
7   9   5   5   -0.0024156082
7   10   1   6   0.0000000000
7   10   2   6   -0.0011001951
7   10   6   4   -0.0227184363
7   10   6   5   -0.0000000008
7   10   7   4   0.0000000008
7   10   7   5   -0.0227184318
7   11   1   4   -0.0000000007
7   11   1   5   -0.0008161128
7   11   2   4   -0.0041838953
7   11   2   5   -0.0000000077
7   11   6   6   0.0009829640
7   11   7   6   0.0000000025
7   12   1   4   -0.0003106761
7   12   1   5   0.0000000022
7   12   2   4   0.0000000106
7   12   2   5   -0.0030570986
7   12   6   6   -0.0000000025
7   12   7   6   0.0009829858
7   13   3   4   -0.0506240445
7   13   3   5   -0.0000000017
7   13   4   6   0.0000221993
7   13   5   6   -0.0000000001
7   14   3   4   0.0000000017
7   14   3   5   -0.0506240383
7   14   4   6   0.0000000001
7   14   5   6   0.0000222003

End IJKA Block
Begin IABC Block
3   4   1   4   0.0000000000
3   4   1   5   -0.0182775231
3   4   2   4   -0.0182775231
3   4   2   5   -0.0000000000
3   5   1   4   -0.0182775222
3   5   1   5   -0.0000000000
3   5   2   4   -0.0000000000
3   5   2   5   0.0182775196
3   5   3   6   0.0000000019
3   6   2   6   0.0000000119
3   6   3   5   0.0000000018
4   4   1   6   -0.0000000028
4   4   2   6   -0.0010965664
4   4   3   4   -0.0000000021
4   4   3   5   -0.0008240570
4   5   1   6   -0.0010965681
4   5   2   6   0.0000000028
4   5   3   4   -0.0008240575
4   5   3   5   0.0000000021
4   6   1   4   -0.0000000025
4   6   1   5   -0.0009978899
4   6   2   4   -0.0009978884
4   6   2   5   0.0000000025
5   4   1   6   -0.0010965650
5   4   2   6   0.0000000028
5   4   3   4   -0.0008240363
5   4   3   5   0.0000000021
5   5   1   6   0.0000000028
5   5   2   6   0.0010965684
5   5   3   4   0.0000000021
5   5   3   5   0.0008240763
5   6   1   4   -0.0009978870
5   6   1   5   0.0000000025
5   6   2   4   0.0000000025
5   6   2   5   0.0009978900
5   6   3   6   -0.0000000017

End IABC Block
