Begin IJ Block
1   1   -4.0629421880
2   2   -4.0629422315
3   3   -4.0626042015
4   4   -3.9998698151
5   5   -3.9998697562
6   6   -3.9090267160
7   7   -3.9090264539

End IJ Block
Begin IA Block
3   2   -0.0000000497
5   3   0.0000002445

End IA Block
Begin AB Block
1   1   -3.4882545948
2   2   -3.4882544734
3   3   -2.4786877668

End AB Block
Begin IJKL Block
1   8   1   8   0.3039671181
1   8   2   9   0.0231372485
1   8   3   10   0.0039024895
1   8   4   11   0.0393657600
1   8   4   12   0.0000000468
1   8   5   11   0.0000000468
1   8   5   12   0.0581135060
1   8   6   13   0.0057150329
1   8   6   14   -0.0000000003
1   8   7   13   -0.0000000003
1   8   7   14   0.0010547076
1   9   1   9   0.2568120371
1   9   2   8   0.0240177743
1   9   4   11   0.0000000468
1   9   4   12   0.0324477398
1   9   5   11   -0.0137002277
1   9   5   12   -0.0000000468
1   9   6   13   0.0000000003
1   9   6   14   0.0031664847
1   9   7   13   0.0014938441
1   9   7   14   -0.0000000003
1   10   1   10   0.2759820994
1   10   3   8   0.0053924999
1   10   4   13   0.0000001176
1   10   4   14   -0.0459986702
1   10   5   13   0.0459987316
1   10   5   14   0.0000001176
1   10   6   11   0.0000000065
1   10   6   12   0.0025352302
1   10   7   11   -0.0025352297
1   10   7   12   0.0000000065
1   11   1   11   0.2710068339
1   11   1   12   0.0000000343
1   11   2   11   0.0000000343
1   11   2   12   0.0065157218
1   11   3   13   0.0000000054
1   11   3   14   -0.0021180861
1   11   4   8   0.0405998557
1   11   4   9   0.0000000461
1   11   5   8   0.0000000461
1   11   5   9   -0.0142712662
1   11   6   10   0.0000000042
1   11   7   10   -0.0016469504
1   12   1   11   0.0000000343
1   12   1   12   0.2847361069
1   12   2   11   0.0072134928
1   12   2   12   -0.0000000343
1   12   3   13   0.0021180865
1   12   3   14   0.0000000054
1   12   4   8   0.0000000461
1   12   4   9   0.0327492542
1   12   5   8   0.0590780749
1   12   5   9   -0.0000000461
1   12   6   10   0.0016469498
1   12   7   10   0.0000000042
1   13   1   13   0.2889591042
1   13   1   14   -0.0000000023
1   13   2   13   0.0000000023
1   13   2   14   0.0160191332
1   13   3   11   0.0000000080
1   13   3   12   0.0031111310
1   13   4   10   0.0000001179
1   13   5   10   0.0461280301
1   13   6   8   0.0076131600
1   13   6   9   0.0000000004
1   13   7   8   -0.0000000004
1   13   7   9   0.0016572102
1   14   1   13   -0.0000000023
1   14   1   14   0.2561224705
1   14   2   13   0.0168174793
1   14   2   14   -0.0000000023
1   14   3   11   -0.0031111291
1   14   3   12   0.0000000080
1   14   4   10   -0.0461279679
1   14   5   10   0.0000001179
1   14   6   8   -0.0000000004
1   14   6   9   0.0036370385
1   14   7   8   0.0023189130
1   14   7   9   -0.0000000004
2   8   1   9   0.0240177743
2   8   2   8   0.2568120371
2   8   4   11   0.0000000468
2   8   4   12   -0.0137002277
2   8   5   11   0.0324477398
2   8   5   12   -0.0000000468
2   8   6   13   0.0000000003
2   8   6   14   0.0014938441
2   8   7   13   0.0031664847
2   8   7   14   -0.0000000003
2   9   1   8   0.0231372485
2   9   2   9   0.3039670731
2   9   3   10   0.0039024904
2   9   4   11   0.0581135383
2   9   4   12   -0.0000000468
2   9   5   11   -0.0000000468
2   9   5   12   0.0393657160
2   9   6   13   0.0010547114
2   9   6   14   0.0000000003
2   9   7   13   0.0000000003
2   9   7   14   0.0057150324
2   10   2   10   0.2759821210
2   10   3   9   0.0053925008
2   10   4   13   -0.0459987773
2   10   4   14   -0.0000001176
2   10   5   13   0.0000001176
2   10   5   14   -0.0459986305
2   10   6   11   -0.0025352358
2   10   6   12   0.0000000065
2   10   7   11   -0.0000000065
2   10   7   12   -0.0025352261
2   11   1   11   0.0000000343
2   11   1   12   0.0072134928
2   11   2   11   0.2847361180
2   11   2   12   -0.0000000343
2   11   3   13   -0.0021180908
2   11   3   14   -0.0000000054
2   11   4   8   0.0000000461
2   11   4   9   0.0590781061
2   11   5   8   0.0327492542
2   11   5   9   -0.0000000461
2   11   6   10   -0.0016469550
2   11   7   10   -0.0000000042
2   12   1   11   0.0065157218
2   12   1   12   -0.0000000343
2   12   2   11   -0.0000000343
2   12   2   12   0.2710068378
2   12   3   13   0.0000000054
2   12   3   14   -0.0021180831
2   12   4   8   -0.0142712662
2   12   4   9   -0.0000000461
2   12   5   8   -0.0000000461
2   12   5   9   0.0405998127
2   12   6   10   0.0000000042
2   12   7   10   -0.0016469474
2   13   1   13   0.0000000023
2   13   1   14   0.0168174793
2   13   2   13   0.2561225303
2   13   2   14   0.0000000023
2   13   3   11   -0.0031111356
2   13   3   12   0.0000000080
2   13   4   10   -0.0461280756
2   13   5   10   0.0000001179
2   13   6   8   0.0000000004
2   13   6   9   0.0023189180
2   13   7   8   0.0036370385
2   13   7   9   0.0000000004
2   14   1   13   0.0160191332
2   14   1   14   -0.0000000023
2   14   2   13   0.0000000023
2   14   2   14   0.2889591001
2   14   3   11   -0.0000000080
2   14   3   12   -0.0031111256
2   14   4   10   -0.0000001179
2   14   5   10   -0.0461279279
2   14   6   8   0.0016572102
2   14   6   9   0.0000000004
2   14   7   8   -0.0000000004
2   14   7   9   0.0076131588
3   8   1   10   0.0053924999
3   8   3   8   0.2759820994
3   8   4   13   0.0000000065
3   8   4   14   -0.0025352297
3   8   5   13   0.0025352302
3   8   5   14   0.0000000065
3   8   6   11   0.0000001176
3   8   6   12   0.0459987316
3   8   7   11   -0.0459986702
3   8   7   12   0.0000001176
3   9   2   10   0.0053925008
3   9   3   9   0.2759821210
3   9   4   13   -0.0025352358
3   9   4   14   -0.0000000065
3   9   5   13   0.0000000065
3   9   5   14   -0.0025352261
3   9   6   11   -0.0459987773
3   9   6   12   0.0000001176
3   9   7   11   -0.0000001176
3   9   7   12   -0.0459986305
3   10   1   8   0.0039024895
3   10   2   9   0.0039024904
3   10   3   10   0.3046799245
3   10   4   11   0.0030667741
3   10   5   12   0.0030667729
3   10   6   13   0.0823705097
3   10   7   14   0.0823704669
3   11   1   13   0.0000000080
3   11   1   14   -0.0031111291
3   11   2   13   -0.0031111356
3   11   2   14   -0.0000000080
3   11   3   11   0.2751057493
3   11   4   10   0.0046129246
3   11   6   8   0.0000001179
3   11   6   9   -0.0461280756
3   11   7   8   -0.0461279679
3   11   7   9   -0.0000001179
3   12   1   13   0.0031111310
3   12   1   14   0.0000000080
3   12   2   13   0.0000000080
3   12   2   14   -0.0031111256
3   12   3   12   0.2751057322
3   12   5   10   0.0046129235
3   12   6   8   0.0461280301
3   12   6   9   0.0000001179
3   12   7   8   0.0000001179
3   12   7   9   -0.0461279279
3   13   1   11   0.0000000054
3   13   1   12   0.0021180865
3   13   2   11   -0.0021180908
3   13   2   12   0.0000000054
3   13   3   13   0.2968635953
3   13   4   8   0.0000000042
3   13   4   9   -0.0016469550
3   13   5   8   0.0016469498
3   13   5   9   0.0000000042
3   13   6   10   0.0824539053
3   14   1   11   -0.0021180861
3   14   1   12   0.0000000054
3   14   2   11   -0.0000000054
3   14   2   12   -0.0021180831
3   14   3   14   0.2968635832
3   14   4   8   -0.0016469504
3   14   4   9   -0.0000000042
3   14   5   8   0.0000000042
3   14   5   9   -0.0016469474
3   14   7   10   0.0824538635
4   8   1   11   0.0405998557
4   8   1   12   0.0000000461
4   8   2   11   0.0000000461
4   8   2   12   -0.0142712662
4   8   3   13   0.0000000042
4   8   3   14   -0.0016469504
4   8   4   8   0.2710068339
4   8   4   9   0.0000000343
4   8   5   8   0.0000000343
4   8   5   9   0.0065157218
4   8   6   10   0.0000000054
4   8   7   10   -0.0021180861
4   9   1   11   0.0000000461
4   9   1   12   0.0327492542
4   9   2   11   0.0590781061
4   9   2   12   -0.0000000461
4   9   3   13   -0.0016469550
4   9   3   14   -0.0000000042
4   9   4   8   0.0000000343
4   9   4   9   0.2847361180
4   9   5   8   0.0072134928
4   9   5   9   -0.0000000343
4   9   6   10   -0.0021180908
4   9   7   10   -0.0000000054
4   10   1   13   0.0000001179
4   10   1   14   -0.0461279679
4   10   2   13   -0.0461280756
4   10   2   14   -0.0000001179
4   10   3   11   0.0046129246
4   10   4   10   0.2751057493
4   10   6   8   0.0000000080
4   10   6   9   -0.0031111356
4   10   7   8   -0.0031111291
4   10   7   9   -0.0000000080
4   11   1   8   0.0393657600
4   11   1   9   0.0000000468
4   11   2   8   0.0000000468
4   11   2   9   0.0581135383
4   11   3   10   0.0030667741
4   11   4   11   0.2906081859
4   11   5   12   0.0093685212
4   11   6   13   0.0039230762
4   11   6   14   -0.0000000041
4   11   7   13   -0.0000000041
4   11   7   14   0.0023268549
4   12   1   8   0.0000000468
4   12   1   9   0.0324477398
4   12   2   8   -0.0137002277
4   12   2   9   -0.0000000468
4   12   4   12   0.2698753845
4   12   5   11   0.0113642534
4   12   6   13   -0.0000000041
4   12   6   14   -0.0007602313
4   12   7   13   -0.0008359898
4   12   7   14   0.0000000041
4   13   1   10   0.0000001176
4   13   2   10   -0.0459987773
4   13   3   8   0.0000000065
4   13   3   9   -0.0025352358
4   13   4   13   0.2719666665
4   13   4   14   0.0000000052
4   13   5   13   0.0000000052
4   13   5   14   0.0014247403
4   13   6   11   0.0053618242
4   13   6   12   -0.0000000026
4   13   7   11   -0.0000000026
4   13   7   12   -0.0004976535
4   14   1   10   -0.0459986702
4   14   2   10   -0.0000001176
4   14   3   8   -0.0025352297
4   14   3   9   -0.0000000065
4   14   4   13   0.0000000052
4   14   4   14   0.2740058456
4   14   5   13   0.0006144409
4   14   5   14   -0.0000000052
4   14   6   11   -0.0000000026
4   14   6   12   -0.0005342912
4   14   7   11   0.0043298796
4   14   7   12   0.0000000026
5   8   1   11   0.0000000461
5   8   1   12   0.0590780749
5   8   2   11   0.0327492542
5   8   2   12   -0.0000000461
5   8   3   13   0.0016469498
5   8   3   14   0.0000000042
5   8   4   8   0.0000000343
5   8   4   9   0.0072134928
5   8   5   8   0.2847361069
5   8   5   9   -0.0000000343
5   8   6   10   0.0021180865
5   8   7   10   0.0000000054
5   9   1   11   -0.0142712662
5   9   1   12   -0.0000000461
5   9   2   11   -0.0000000461
5   9   2   12   0.0405998127
5   9   3   13   0.0000000042
5   9   3   14   -0.0016469474
5   9   4   8   0.0065157218
5   9   4   9   -0.0000000343
5   9   5   8   -0.0000000343
5   9   5   9   0.2710068378
5   9   6   10   0.0000000054
5   9   7   10   -0.0021180831
5   10   1   13   0.0461280301
5   10   1   14   0.0000001179
5   10   2   13   0.0000001179
5   10   2   14   -0.0461279279
5   10   3   12   0.0046129235
5   10   5   10   0.2751057322
5   10   6   8   0.0031111310
5   10   6   9   0.0000000080
5   10   7   8   0.0000000080
5   10   7   9   -0.0031111256
5   11   1   8   0.0000000468
5   11   1   9   -0.0137002277
5   11   2   8   0.0324477398
5   11   2   9   -0.0000000468
5   11   4   12   0.0113642534
5   11   5   11   0.2698753845
5   11   6   13   -0.0000000041
5   11   6   14   -0.0008359898
5   11   7   13   -0.0007602313
5   11   7   14   0.0000000041
5   12   1   8   0.0581135060
5   12   1   9   -0.0000000468
5   12   2   8   -0.0000000468
5   12   2   9   0.0393657160
5   12   3   10   0.0030667729
5   12   4   11   0.0093685212
5   12   5   12   0.2906081684
5   12   6   13   0.0023268540
5   12   6   14   0.0000000041
5   12   7   13   0.0000000041
5   12   7   14   0.0039230751
5   13   1   10   0.0459987316
5   13   2   10   0.0000001176
5   13   3   8   0.0025352302
5   13   3   9   0.0000000065
5   13   4   13   0.0000000052
5   13   4   14   0.0006144409
5   13   5   13   0.2740058372
5   13   5   14   -0.0000000052
5   13   6   11   -0.0000000026
5   13   6   12   0.0043298790
5   13   7   11   -0.0005342912
5   13   7   12   0.0000000026
5   14   1   10   0.0000001176
5   14   2   10   -0.0459986305
5   14   3   8   0.0000000065
5   14   3   9   -0.0025352261
5   14   4   13   0.0014247403
5   14   4   14   -0.0000000052
5   14   5   13   -0.0000000052
5   14   5   14   0.2719666391
5   14   6   11   -0.0004976535
5   14   6   12   0.0000000026
5   14   7   11   0.0000000026
5   14   7   12   0.0053618228
6   8   1   13   0.0076131600
6   8   1   14   -0.0000000004
6   8   2   13   0.0000000004
6   8   2   14   0.0016572102
6   8   3   11   0.0000001179
6   8   3   12   0.0461280301
6   8   4   10   0.0000000080
6   8   5   10   0.0031111310
6   8   6   8   0.2889591042
6   8   6   9   0.0000000023
6   8   7   8   -0.0000000023
6   8   7   9   0.0160191332
6   9   1   13   0.0000000004
6   9   1   14   0.0036370385
6   9   2   13   0.0023189180
6   9   2   14   0.0000000004
6   9   3   11   -0.0461280756
6   9   3   12   0.0000001179
6   9   4   10   -0.0031111356
6   9   5   10   0.0000000080
6   9   6   8   0.0000000023
6   9   6   9   0.2561225303
6   9   7   8   0.0168174793
6   9   7   9   0.0000000023
6   10   1   11   0.0000000042
6   10   1   12   0.0016469498
6   10   2   11   -0.0016469550
6   10   2   12   0.0000000042
6   10   3   13   0.0824539053
6   10   4   8   0.0000000054
6   10   4   9   -0.0021180908
6   10   5   8   0.0021180865
6   10   5   9   0.0000000054
6   10   6   10   0.2968635953
6   11   1   10   0.0000000065
6   11   2   10   -0.0025352358
6   11   3   8   0.0000001176
6   11   3   9   -0.0459987773
6   11   4   13   0.0053618242
6   11   4   14   -0.0000000026
6   11   5   13   -0.0000000026
6   11   5   14   -0.0004976535
6   11   6   11   0.2719666665
6   11   6   12   0.0000000052
6   11   7   11   0.0000000052
6   11   7   12   0.0014247403
6   12   1   10   0.0025352302
6   12   2   10   0.0000000065
6   12   3   8   0.0459987316
6   12   3   9   0.0000001176
6   12   4   13   -0.0000000026
6   12   4   14   -0.0005342912
6   12   5   13   0.0043298790
6   12   5   14   0.0000000026
6   12   6   11   0.0000000052
6   12   6   12   0.2740058372
6   12   7   11   0.0006144409
6   12   7   12   -0.0000000052
6   13   1   8   0.0057150329
6   13   1   9   0.0000000003
6   13   2   8   0.0000000003
6   13   2   9   0.0010547114
6   13   3   10   0.0823705097
6   13   4   11   0.0039230762
6   13   4   12   -0.0000000041
6   13   5   11   -0.0000000041
6   13   5   12   0.0023268540
6   13   6   13   0.3150435679
6   13   7   14   0.0191428115
6   14   1   8   -0.0000000003
6   14   1   9   0.0031664847
6   14   2   8   0.0014938441
6   14   2   9   0.0000000003
6   14   4   11   -0.0000000041
6   14   4   12   -0.0007602313
6   14   5   11   -0.0008359898
6   14   5   12   0.0000000041
6   14   6   14   0.2732052313
6   14   7   13   0.0226955459
7   8   1   13   -0.0000000004
7   8   1   14   0.0023189130
7   8   2   13   0.0036370385
7   8   2   14   -0.0000000004
7   8   3   11   -0.0461279679
7   8   3   12   0.0000001179
7   8   4   10   -0.0031111291
7   8   5   10   0.0000000080
7   8   6   8   -0.0000000023
7   8   6   9   0.0168174793
7   8   7   8   0.2561224705
7   8   7   9   -0.0000000023
7   9   1   13   0.0016572102
7   9   1   14   -0.0000000004
7   9   2   13   0.0000000004
7   9   2   14   0.0076131588
7   9   3   11   -0.0000001179
7   9   3   12   -0.0461279279
7   9   4   10   -0.0000000080
7   9   5   10   -0.0031111256
7   9   6   8   0.0160191332
7   9   6   9   0.0000000023
7   9   7   8   -0.0000000023
7   9   7   9   0.2889591001
7   10   1   11   -0.0016469504
7   10   1   12   0.0000000042
7   10   2   11   -0.0000000042
7   10   2   12   -0.0016469474
7   10   3   14   0.0824538635
7   10   4   8   -0.0021180861
7   10   4   9   -0.0000000054
7   10   5   8   0.0000000054
7   10   5   9   -0.0021180831
7   10   7   10   0.2968635832
7   11   1   10   -0.0025352297
7   11   2   10   -0.0000000065
7   11   3   8   -0.0459986702
7   11   3   9   -0.0000001176
7   11   4   13   -0.0000000026
7   11   4   14   0.0043298796
7   11   5   13   -0.0005342912
7   11   5   14   0.0000000026
7   11   6   11   0.0000000052
7   11   6   12   0.0006144409
7   11   7   11   0.2740058456
7   11   7   12   -0.0000000052
7   12   1   10   0.0000000065
7   12   2   10   -0.0025352261
7   12   3   8   0.0000001176
7   12   3   9   -0.0459986305
7   12   4   13   -0.0004976535
7   12   4   14   0.0000000026
7   12   5   13   0.0000000026
7   12   5   14   0.0053618228
7   12   6   11   0.0014247403
7   12   6   12   -0.0000000052
7   12   7   11   -0.0000000052
7   12   7   12   0.2719666391
7   13   1   8   -0.0000000003
7   13   1   9   0.0014938441
7   13   2   8   0.0031664847
7   13   2   9   0.0000000003
7   13   4   11   -0.0000000041
7   13   4   12   -0.0008359898
7   13   5   11   -0.0007602313
7   13   5   12   0.0000000041
7   13   6   14   0.0226955459
7   13   7   13   0.2732052313
7   14   1   8   0.0010547076
7   14   1   9   -0.0000000003
7   14   2   8   -0.0000000003
7   14   2   9   0.0057150324
7   14   3   10   0.0823704669
7   14   4   11   0.0023268549
7   14   4   12   0.0000000041
7   14   5   11   0.0000000041
7   14   5   12   0.0039230751
7   14   6   13   0.0191428115
7   14   7   14   0.3150435659

End IJKL Block
Begin IJAB Block
1   8   1   4   0.0029659062
1   8   1   5   -0.0000000000
1   8   2   4   -0.0000000000
1   8   2   5   0.0055134324
1   8   3   6   0.0096119187
1   9   1   4   0.0000000000
1   9   1   5   -0.0017191758
1   9   2   4   -0.0008283476
1   9   2   5   -0.0000000000
1   13   1   6   0.0000000001
1   13   2   6   -0.0009929999
1   13   3   4   0.0000000001
1   13   3   5   -0.0009315471
1   14   1   6   -0.0009929940
1   14   2   6   -0.0000000001
1   14   3   4   -0.0009315398
1   14   3   5   -0.0000000001
2   8   1   4   0.0000000000
2   8   1   5   -0.0008283476
2   8   2   4   -0.0017191758
2   8   2   5   -0.0000000000
2   9   1   4   0.0055134310
2   9   1   5   0.0000000000
2   9   2   4   0.0000000000
2   9   2   5   0.0029659083
2   9   3   6   0.0096119056
2   13   1   6   -0.0009929937
2   13   2   6   -0.0000000001
2   13   3   4   -0.0009315324
2   13   3   5   -0.0000000001
2   14   1   6   -0.0000000001
2   14   2   6   0.0009929963
2   14   3   4   -0.0000000001
2   14   3   5   0.0009315369
3   10   1   4   0.0365102808
3   10   2   5   0.0365102818
3   10   3   6   0.0027414435
3   11   1   6   -0.0006977530
3   11   2   6   0.0000000017
3   11   3   4   0.0013158956
3   11   3   5   -0.0000000033
3   12   1   6   0.0000000017
3   12   2   6   0.0006977521
3   12   3   4   -0.0000000033
3   12   3   5   -0.0013158970
4   10   1   6   0.0013158956
4   10   2   6   -0.0000000033
4   10   3   4   -0.0006977530
4   10   3   5   0.0000000017
4   11   1   4   0.0053189782
4   11   1   5   -0.0000000029
4   11   2   4   -0.0000000029
4   11   2   5   0.0041504153
4   11   3   6   0.0079653858
4   12   1   4   -0.0000000029
4   12   1   5   -0.0002121593
4   12   2   4   -0.0009564017
4   12   2   5   0.0000000029
5   10   1   6   -0.0000000033
5   10   2   6   -0.0013158970
5   10   3   4   0.0000000017
5   10   3   5   0.0006977521
5   11   1   4   -0.0000000029
5   11   1   5   -0.0009564017
5   11   2   4   -0.0002121593
5   11   2   5   0.0000000029
5   12   1   4   0.0041504139
5   12   1   5   0.0000000029
5   12   2   4   0.0000000029
5   12   2   5   0.0053189781
5   12   3   6   0.0079653892
6   8   1   6   0.0000000001
6   8   2   6   -0.0009315471
6   8   3   4   0.0000000001
6   8   3   5   -0.0009929999
6   9   1   6   -0.0009315324
6   9   2   6   -0.0000000001
6   9   3   4   -0.0009929937
6   9   3   5   -0.0000000001
6   13   1   4   0.0353572058
6   13   1   5   -0.0000000020
6   13   2   4   -0.0000000020
6   13   2   5   0.0617011843
6   13   3   6   0.0021797713
6   14   1   4   0.0000000020
6   14   1   5   -0.0355791745
6   14   2   4   0.0092351793
6   14   2   5   -0.0000000020
7   8   1   6   -0.0009315398
7   8   2   6   -0.0000000001
7   8   3   4   -0.0009929940
7   8   3   5   -0.0000000001
7   9   1   6   -0.0000000001
7   9   2   6   0.0009315369
7   9   3   4   -0.0000000001
7   9   3   5   0.0009929963
7   13   1   4   0.0000000020
7   13   1   5   0.0092351793
7   13   2   4   -0.0355791745
7   13   2   5   -0.0000000020
7   14   1   4   0.0617012018
7   14   1   5   0.0000000020
7   14   2   4   0.0000000020
7   14   2   5   0.0353571983
7   14   3   6   0.0021797680

End IJAB Block
Begin ABCD Block
1   4   1   4   0.2825159383
1   4   2   5   0.0117767746
1   4   3   6   0.0015837562
1   5   1   5   0.2572819323
1   5   2   4   0.0134572210
1   6   1   6   0.1862267108
1   6   3   4   0.0018421496
2   4   1   5   0.0134572210
2   4   2   4   0.2572819323
2   5   1   4   0.0117767746
2   5   2   5   0.2825159144
2   5   3   6   0.0015837593
2   6   2   6   0.1862267226
2   6   3   5   0.0018421528
3   4   1   6   0.0018421496
3   4   3   4   0.1862267108
3   5   2   6   0.0018421528
3   5   3   5   0.1862267226
3   6   1   4   0.0015837562
3   6   2   5   0.0015837593
3   6   3   6   0.1716428973

End ABCD Block
Begin AIJB Block
1   8   1   4   0.0031756418
1   8   1   5   -0.0000000000
1   8   2   4   0.0000000000
1   8   2   5   -0.0011602372
1   8   6   6   0.0000000001
1   8   7   6   -0.0007889554
1   9   1   4   0.0000000000
1   9   1   5   -0.0018085288
1   9   2   4   0.0061444113
1   9   2   5   0.0000000000
1   9   6   6   -0.0007889463
1   9   7   6   -0.0000000001
1   10   3   4   0.0331537157
1   10   4   6   0.0002800647
1   10   5   6   -0.0000000007
1   11   3   6   -0.0012694339
1   11   4   4   0.0063010133
1   11   4   5   -0.0000000047
1   11   5   4   -0.0000000047
1   11   5   5   -0.0013585169
1   12   3   6   0.0000000032
1   12   4   4   -0.0000000047
1   12   4   5   -0.0005476424
1   12   5   4   0.0043948508
1   12   5   5   0.0000000047
1   13   1   6   0.0000000000
1   13   2   6   -0.0004231733
1   13   6   4   0.0390083992
1   13   6   5   -0.0000000013
1   13   7   4   0.0000000013
1   13   7   5   0.0128782151
1   14   1   6   -0.0004231748
1   14   2   6   -0.0000000000
1   14   6   4   0.0000000013
1   14   6   5   -0.0300017142
1   14   7   4   0.0561319001
1   14   7   5   0.0000000013
2   8   1   4   -0.0000000000
2   8   1   5   0.0061444131
2   8   2   4   -0.0018085288
2   8   2   5   -0.0000000000
2   8   6   6   -0.0007889615
2   8   7   6   -0.0000000001
2   9   1   4   -0.0011602372
2   9   1   5   -0.0000000000
2   9   2   4   0.0000000000
2   9   2   5   0.0031756445
2   9   6   6   -0.0000000001
2   9   7   6   0.0007889519
2   10   3   5   0.0331537139
2   10   4   6   -0.0000000007
2   10   5   6   -0.0002800653
2   11   3   6   0.0000000032
2   11   4   4   -0.0000000047
2   11   4   5   0.0043948517
2   11   5   4   -0.0005476424
2   11   5   5   0.0000000047
2   12   3   6   0.0012694339
2   12   4   4   -0.0013585169
2   12   4   5   0.0000000047
2   12   5   4   0.0000000047
2   12   5   5   0.0063010139
2   13   1   6   -0.0004231781
2   13   2   6   -0.0000000000
2   13   6   4   -0.0000000013
2   13   6   5   0.0561318809
2   13   7   4   -0.0300017142
2   13   7   5   -0.0000000013
2   14   1   6   -0.0000000000
2   14   2   6   0.0004231764
2   14   6   4   0.0128782151
2   14   6   5   -0.0000000013
2   14   7   4   0.0000000013
2   14   7   5   0.0390083919
3   8   1   6   0.0074510956
3   8   6   4   0.0000000000
3   8   6   5   -0.0004231781
3   8   7   4   -0.0004231748
3   8   7   5   -0.0000000000
3   9   2   6   0.0074510852
3   9   6   4   -0.0004231733
3   9   6   5   -0.0000000000
3   9   7   4   -0.0000000000
3   9   7   5   0.0004231764
3   10   3   6   0.0023206524
3   10   4   4   -0.0012694339
3   10   4   5   0.0000000032
3   10   5   4   0.0000000032
3   10   5   5   0.0012694339
3   11   3   4   0.0002800647
3   11   3   5   -0.0000000007
3   11   4   6   0.0061612926
3   12   3   4   -0.0000000007
3   12   3   5   -0.0002800653
3   12   5   6   0.0061612960
3   13   1   4   0.0000000001
3   13   1   5   -0.0007889615
3   13   2   4   -0.0007889463
3   13   2   5   -0.0000000001
3   13   6   6   0.0020715414
3   14   1   4   -0.0007889554
3   14   1   5   -0.0000000001
3   14   2   4   -0.0000000001
3   14   2   5   0.0007889519
3   14   7   6   0.0020715384

1   8   8   1   -0.2509114327
1   8   8   2   0.0000000001
1   8   9   1   -0.0000000001
1   8   9   2   0.0113606834
1   8   13   3   -0.0000000000
1   8   14   3   0.0002321491
1   9   8   1   -0.0000000001
1   9   8   2   0.0108445616
1   9   9   1   -0.2731167069
1   9   9   2   -0.0000000001
1   9   13   3   0.0002321478
1   9   14   3   0.0000000000
1   10   10   1   -0.2852315921
1   10   11   3   0.0002894573
1   10   12   3   -0.0000000007
1   11   10   3   0.0000595400
1   11   11   1   -0.2671027807
1   11   11   2   0.0000000148
1   11   12   1   0.0000000148
1   11   12   2   0.0025323507
1   12   10   3   -0.0000000001
1   12   11   1   0.0000000148
1   12   11   2   0.0034037715
1   12   12   1   -0.2611666349
1   12   12   2   -0.0000000148
1   13   8   3   -0.0000000000
1   13   9   3   0.0001720714
1   13   13   1   -0.2699196114
1   13   13   2   0.0000000020
1   13   14   1   -0.0000000020
1   13   14   2   0.0144475106
1   14   8   3   0.0001720729
1   14   9   3   0.0000000000
1   14   13   1   -0.0000000020
1   14   13   2   0.0123655878
1   14   14   1   -0.2967326997
1   14   14   2   -0.0000000020
2   8   8   1   0.0000000001
2   8   8   2   -0.2731166928
2   8   9   1   0.0108445616
2   8   9   2   0.0000000001
2   8   13   3   0.0002321511
2   8   14   3   0.0000000000
2   9   8   1   0.0113606834
2   9   8   2   0.0000000001
2   9   9   1   -0.0000000001
2   9   9   2   -0.2509114630
2   9   13   3   0.0000000000
2   9   14   3   -0.0002321516
2   10   10   2   -0.2852315828
2   10   11   3   -0.0000000007
2   10   12   3   -0.0002894577
2   11   10   3   -0.0000000001
2   11   11   1   0.0000000148
2   11   11   2   -0.2611666420
2   11   12   1   0.0034037715
2   11   12   2   -0.0000000148
2   12   10   3   -0.0000595404
2   12   11   1   0.0025323507
2   12   11   2   -0.0000000148
2   12   12   1   -0.0000000148
2   12   12   2   -0.2671027608
2   13   8   3   0.0001720748
2   13   9   3   0.0000000000
2   13   13   1   0.0000000020
2   13   13   2   -0.2967326826
2   13   14   1   0.0123655878
2   13   14   2   0.0000000020
2   14   8   3   0.0000000000
2   14   9   3   -0.0001720754
2   14   13   1   0.0144475106
2   14   13   2   0.0000000020
2   14   14   1   -0.0000000020
2   14   14   2   -0.2699195951
3   8   8   3   -0.1957103329
3   8   13   1   -0.0000000000
3   8   13   2   0.0001720748
3   8   14   1   0.0001720729
3   8   14   2   0.0000000000
3   9   9   3   -0.1957103053
3   9   13   1   0.0001720714
3   9   13   2   0.0000000000
3   9   14   1   0.0000000000
3   9   14   2   -0.0001720754
3   10   10   3   -0.1903466038
3   10   11   1   0.0000595400
3   10   11   2   -0.0000000001
3   10   12   1   -0.0000000001
3   10   12   2   -0.0000595404
3   11   10   1   0.0002894573
3   11   10   2   -0.0000000007
3   11   11   3   -0.1957175499
3   12   10   1   -0.0000000007
3   12   10   2   -0.0002894577
3   12   12   3   -0.1957175652
3   13   8   1   -0.0000000000
3   13   8   2   0.0002321511
3   13   9   1   0.0002321478
3   13   9   2   0.0000000000
3   13   13   3   -0.1899380307
3   14   8   1   0.0002321491
3   14   8   2   0.0000000000
3   14   9   1   0.0000000000
3   14   9   2   -0.0002321516
3   14   14   3   -0.1899380094

End AIJB Block
Begin IJKA Block
1   8   3   4   -0.0000000004
1   8   3   5   0.0030272980
1   8   4   6   0.0000000017
1   8   5   6   0.0006466919
1   9   3   4   0.0030272993
1   9   3   5   0.0000000004
1   9   4   6   -0.0006466949
1   9   5   6   0.0000000017
1   10   1   4   -0.0000000024
1   10   1   5   0.0178081116
1   10   2   4   0.0178080970
1   10   2   5   0.0000000024
1   10   6   6   -0.0011305111
1   10   7   6   0.0000000001
1   11   1   6   0.0000000059
1   11   2   6   -0.0022442910
1   11   6   4   -0.0031306099
1   11   6   5   0.0000000105
1   11   7   4   -0.0000000008
1   11   7   5   0.0006647004
1   12   1   6   0.0022442797
1   12   2   6   0.0000000059
1   12   6   4   0.0000000078
1   12   6   5   0.0042042698
1   12   7   4   -0.0004089559
1   12   7   5   -0.0000000020
1   13   3   6   -0.0005067225
1   13   4   4   -0.0288691758
1   13   4   5   0.0000000994
1   13   5   4   0.0000000730
1   13   5   5   0.0390999879
1   14   3   6   0.0000000000
1   14   4   4   0.0000000436
1   14   4   5   0.0269304909
1   14   5   4   0.0166997442
1   14   5   5   -0.0000000699
2   8   3   4   0.0030272984
2   8   3   5   0.0000000004
2   8   4   6   -0.0006466860
2   8   5   6   0.0000000017
2   9   3   4   0.0000000004
2   9   3   5   -0.0030272938
2   9   4   6   -0.0000000017
2   9   5   6   -0.0006467003
2   10   1   4   0.0178080969
2   10   1   5   0.0000000024
2   10   2   4   0.0000000024
2   10   2   5   -0.0178080838
2   10   6   6   -0.0000000001
2   10   7   6   -0.0011305096
2   11   1   6   -0.0022442909
2   11   2   6   -0.0000000059
2   11   6   4   -0.0000000020
2   11   6   5   0.0004089530
2   11   7   4   -0.0042042723
2   11   7   5   0.0000000078
2   12   1   6   0.0000000059
2   12   2   6   -0.0022443150
2   12   6   4   -0.0006646974
2   12   6   5   -0.0000000008
2   12   7   4   0.0000000105
2   12   7   5   0.0031306082
2   13   3   6   -0.0000000000
2   13   4   4   -0.0000000699
2   13   4   5   -0.0166997637
2   13   5   4   -0.0269304709
2   13   5   5   0.0000000436
2   14   3   6   -0.0005067208
2   14   4   4   -0.0391000169
2   14   4   5   0.0000000730
2   14   5   4   0.0000000994
2   14   5   5   0.0288691511
3   8   1   4   -0.0000000004
3   8   1   5   0.0030245763
3   8   2   4   0.0030245766
3   8   2   5   0.0000000004
3   8   6   6   -0.0025717670
3   8   7   6   0.0000000002
3   9   1   4   0.0030245776
3   9   1   5   0.0000000004
3   9   2   4   0.0000000004
3   9   2   5   -0.0030245723
3   9   6   6   -0.0000000002
3   9   7   6   -0.0025717509
3   10   3   5   0.0000000027
3   10   5   6   -0.0000000006
3   11   4   4   -0.0000000042
3   11   4   5   0.0008139116
3   11   5   4   -0.0008139115
3   11   5   5   -0.0000000042
3   12   3   6   -0.0000000211
3   12   4   4   -0.0008139117
3   12   4   5   -0.0000000042
3   12   5   4   0.0000000042
3   12   5   5   -0.0008139108
3   13   1   6   -0.0004376359
3   13   2   6   -0.0000000000
3   13   6   4   0.0000000003
3   13   6   5   0.0490565189
3   13   7   4   0.0490565186
3   13   7   5   -0.0000000003
3   14   1   6   0.0000000000
3   14   2   6   -0.0004376342
3   14   6   4   0.0490565321
3   14   6   5   -0.0000000003
3   14   7   4   -0.0000000003
3   14   7   5   -0.0490565111
4   8   1   6   0.0000000014
4   8   2   6   -0.0005251411
4   8   6   4   -0.0023927725
4   8   6   5   0.0000000091
4   8   7   4   -0.0000000014
4   8   7   5   0.0005980944
4   9   1   6   -0.0005251498
4   9   2   6   -0.0000000014
4   9   6   4   -0.0000000018
4   9   6   5   0.0006314872
4   9   7   4   -0.0036223605
4   9   7   5   0.0000000059
4   10   4   4   0.0000000079
4   10   4   5   -0.0015314762
4   10   5   4   0.0015314748
4   10   5   5   0.0000000079
4   11   3   4   -0.0000000040
4   11   3   5   0.0007709763
4   11   4   6   -0.0000000178
4   11   5   6   -0.0023371418
4   12   3   4   -0.0007709763
4   12   3   5   -0.0000000040
4   12   4   6   -0.0023371620
4   12   5   6   0.0000000178
4   13   1   4   -0.0284140593
4   13   1   5   0.0000000983
4   13   2   4   -0.0000000690
4   13   2   5   -0.0163276727
4   13   6   6   -0.0000000001
4   13   7   6   0.0000364789
4   14   1   4   0.0000000426
4   14   1   5   0.0265964135
4   14   2   4   -0.0386829123
4   14   2   5   0.0000000719
4   14   6   6   0.0000364793
4   14   7   6   0.0000000001
5   8   1   6   0.0005251463
5   8   2   6   0.0000000014
5   8   6   4   0.0000000059
5   8   6   5   0.0036223571
5   8   7   4   -0.0006314900
5   8   7   5   -0.0000000018
5   9   1   6   0.0000000014
5   9   2   6   -0.0005251554
5   9   6   4   -0.0005980909
5   9   6   5   -0.0000000014
5   9   7   4   0.0000000091
5   9   7   5   0.0023927705
5   10   3   6   -0.0000000006
5   10   4   4   0.0015314749
5   10   4   5   0.0000000079
5   10   5   4   -0.0000000079
5   10   5   5   0.0015314840
5   11   3   4   -0.0007709762
5   11   3   5   -0.0000000040
5   11   4   6   -0.0023371421
5   11   5   6   0.0000000178
5   12   3   4   0.0000000040
5   12   3   5   -0.0007709754
5   12   4   6   0.0000000178
5   12   5   6   0.0023371219
5   13   1   4   0.0000000719
5   13   1   5   0.0386828831
5   13   2   4   -0.0265963940
5   13   2   5   0.0000000426
5   13   6   6   -0.0000364799
5   13   7   6   -0.0000000001
5   14   1   4   0.0163276532
5   14   1   5   -0.0000000690
5   14   2   4   0.0000000983
5   14   2   5   0.0284140351
5   14   6   6   -0.0000000001
5   14   7   6   0.0000364776
6   8   3   6   -0.0025338332
6   8   4   4   -0.0023586881
6   8   4   5   0.0000000088
6   8   5   4   0.0000000058
6   8   5   5   0.0035255782
6   9   3   6   -0.0000000002
6   9   4   4   -0.0000000021
6   9   4   5   0.0004215694
6   9   5   4   -0.0007453139
6   9   5   5   -0.0000000009
6   10   1   6   -0.0010856889
6   10   2   6   -0.0000000001
6   10   6   4   0.0000000001
6   10   6   5   0.0226852031
6   10   7   4   0.0226852134
6   10   7   5   -0.0000000001
6   11   1   4   -0.0030049373
6   11   1   5   0.0000000104
6   11   2   4   -0.0000000023
6   11   2   5   0.0003303293
6   11   6   6   0.0000000022
6   11   7   6   -0.0008684472
6   12   1   4   0.0000000075
6   12   1   5   0.0041576002
6   12   2   4   -0.0008223240
6   12   2   5   -0.0000000006
6   12   6   6   0.0008684259
6   12   7   6   0.0000000022
6   13   3   4   0.0000000003
6   13   3   5   0.0501227272
6   13   4   6   0.0000000000
6   13   5   6   0.0000153298
6   14   3   4   0.0501227398
6   14   3   5   -0.0000000003
6   14   4   6   -0.0000153308
6   14   5   6   0.0000000000
7   8   3   6   0.0000000002
7   8   4   4   -0.0000000009
7   8   4   5   0.0007453175
7   8   5   4   -0.0004215721
7   8   5   5   -0.0000000021
7   9   3   6   -0.0025338173
7   9   4   4   -0.0035255816
7   9   4   5   0.0000000058
7   9   5   4   0.0000000088
7   9   5   5   0.0023586861
7   10   1   6   0.0000000001
7   10   2   6   -0.0010856875
7   10   6   4   0.0226852132
7   10   6   5   -0.0000000001
7   10   7   4   -0.0000000001
7   10   7   5   -0.0226852089
7   11   1   4   -0.0000000006
7   11   1   5   0.0008223271
7   11   2   4   -0.0041576026
7   11   2   5   0.0000000075
7   11   6   6   -0.0008684476
7   11   7   6   -0.0000000022
7   12   1   4   -0.0003303322
7   12   1   5   -0.0000000023
7   12   2   4   0.0000000104
7   12   2   5   0.0030049357
7   12   6   6   0.0000000022
7   12   7   6   -0.0008684694
7   13   3   4   0.0501227255
7   13   3   5   -0.0000000003
7   13   4   6   -0.0000153313
7   13   5   6   0.0000000000
7   14   3   4   -0.0000000003
7   14   3   5   -0.0501227193
7   14   4   6   -0.0000000000
7   14   5   6   -0.0000153323

End IJKA Block
Begin IABC Block
3   4   1   4   0.0000000025
3   4   1   5   -0.0172510168
3   4   2   4   -0.0172510169
3   4   2   5   -0.0000000025
3   5   1   4   -0.0172510160
3   5   1   5   -0.0000000025
3   5   2   4   -0.0000000025
3   5   2   5   0.0172510136
3   5   3   6   0.0000000019
3   6   2   6   0.0000000117
3   6   3   5   0.0000000018
4   4   1   6   0.0000000029
4   4   2   6   -0.0010813348
4   4   3   4   0.0000000021
4   4   3   5   -0.0008073201
4   5   1   6   -0.0010813364
4   5   2   6   -0.0000000029
4   5   3   4   -0.0008073206
4   5   3   5   -0.0000000021
4   6   1   4   0.0000000026
4   6   1   5   -0.0009898544
4   6   2   4   -0.0009898530
4   6   2   5   -0.0000000026
5   4   1   6   0.0010813334
5   4   2   6   0.0000000029
5   4   3   4   0.0008072996
5   4   3   5   0.0000000021
5   5   1   6   0.0000000029
5   5   2   6   -0.0010813368
5   5   3   4   0.0000000021
5   5   3   5   -0.0008073394
5   6   1   4   0.0009898516
5   6   1   5   0.0000000026
5   6   2   4   0.0000000026
5   6   2   5   -0.0009898545
5   6   3   6   0.0000000016

End IABC Block
