Begin IJ Block
1   1   -2.4337075239
2   2   -2.4337074368
3   3   -2.3093425193
4   4   -2.3093423585

End IJ Block
Begin IA Block
2   3   -0.0000001421

End IA Block
Begin AB Block
1   1   -1.9128050150
2   2   -1.9128048823
3   3   -1.3320533420
4   4   -1.2111246904
5   5   -1.2111245365

End AB Block
Begin IJKL Block
1   5   1   5   0.2913044760
1   5   2   6   0.0101637353
1   5   3   7   0.0043541714
1   5   3   8   0.0000000034
1   5   4   7   0.0000000034
1   5   4   8   0.0028221740
1   6   1   6   0.2694853311
1   6   2   5   0.0116553821
1   6   3   7   -0.0000000034
1   6   3   8   0.0007301693
1   6   4   7   0.0008018281
1   6   4   8   0.0000000034
1   7   1   7   0.2708826037
1   7   1   8   -0.0000000049
1   7   2   7   0.0000000049
1   7   2   8   -0.0014528777
1   7   3   5   0.0056462787
1   7   3   6   -0.0000000028
1   7   4   5   0.0000000028
1   7   4   6   0.0006309051
1   8   1   7   -0.0000000049
1   8   1   8   0.2730943147
1   8   2   7   -0.0007588358
1   8   2   8   -0.0000000049
1   8   3   5   0.0000000028
1   8   3   6   0.0006060225
1   8   4   5   0.0044093513
1   8   4   6   0.0000000028
2   5   1   6   0.0116553821
2   5   2   5   0.2694853311
2   5   3   7   -0.0000000034
2   5   3   8   0.0008018281
2   5   4   7   0.0007301693
2   5   4   8   0.0000000034
2   6   1   5   0.0101637353
2   6   2   6   0.2913044594
2   6   3   7   0.0028221730
2   6   3   8   -0.0000000034
2   6   4   7   -0.0000000034
2   6   4   8   0.0043541704
2   7   1   7   0.0000000049
2   7   1   8   -0.0007588358
2   7   2   7   0.2730943062
2   7   2   8   0.0000000049
2   7   3   5   -0.0000000028
2   7   3   6   0.0044093505
2   7   4   5   0.0006060225
2   7   4   6   -0.0000000028
2   8   1   7   -0.0014528777
2   8   1   8   -0.0000000049
2   8   2   7   0.0000000049
2   8   2   8   0.2708825759
2   8   3   5   0.0006309051
2   8   3   6   -0.0000000028
2   8   4   5   0.0000000028
2   8   4   6   0.0056462774
3   5   1   7   0.0056462787
3   5   1   8   0.0000000028
3   5   2   7   -0.0000000028
3   5   2   8   0.0006309051
3   5   3   5   0.2708826037
3   5   3   6   0.0000000049
3   5   4   5   -0.0000000049
3   5   4   6   -0.0014528777
3   6   1   7   -0.0000000028
3   6   1   8   0.0006060225
3   6   2   7   0.0044093505
3   6   2   8   -0.0000000028
3   6   3   5   0.0000000049
3   6   3   6   0.2730943062
3   6   4   5   -0.0007588358
3   6   4   6   0.0000000049
3   7   1   5   0.0043541714
3   7   1   6   -0.0000000034
3   7   2   5   -0.0000000034
3   7   2   6   0.0028221730
3   7   3   7   0.3139770523
3   7   4   8   0.0199791305
3   8   1   5   0.0000000034
3   8   1   6   0.0007301693
3   8   2   5   0.0008018281
3   8   2   6   -0.0000000034
3   8   3   8   0.2722723381
3   8   4   7   0.0217256045
4   5   1   7   0.0000000028
4   5   1   8   0.0044093513
4   5   2   7   0.0006060225
4   5   2   8   0.0000000028
4   5   3   5   -0.0000000049
4   5   3   6   -0.0007588358
4   5   4   5   0.2730943147
4   5   4   6   -0.0000000049
4   6   1   7   0.0006309051
4   6   1   8   0.0000000028
4   6   2   7   -0.0000000028
4   6   2   8   0.0056462774
4   6   3   5   -0.0014528777
4   6   3   6   0.0000000049
4   6   4   5   -0.0000000049
4   6   4   6   0.2708825759
4   7   1   5   0.0000000034
4   7   1   6   0.0008018281
4   7   2   5   0.0007301693
4   7   2   6   -0.0000000034
4   7   3   8   0.0217256045
4   7   4   7   0.2722723381
4   8   1   5   0.0028221740
4   8   1   6   0.0000000034
4   8   2   5   0.0000000034
4   8   2   6   0.0043541704
4   8   3   7   0.0199791305
4   8   4   8   0.3139770499

End IJKL Block
Begin IJAB Block
1   5   1   6   0.0047586880
1   5   1   7   0.0000000026
1   5   2   6   0.0000000026
1   5   2   7   0.0036325136
1   5   3   8   0.0077949593
1   5   4   9   0.0044183073
1   5   4   10   0.0000000102
1   5   5   9   0.0000000102
1   5   5   10   0.0081249477
1   6   1   6   -0.0000000026
1   6   1   7   0.0001715102
1   6   2   6   0.0009546626
1   6   2   7   0.0000000026
1   6   4   9   0.0000000102
1   6   4   10   0.0022005784
1   6   5   9   0.0015060583
1   6   5   10   -0.0000000102
1   7   1   9   -0.0003603666
1   7   1   10   -0.0000000020
1   7   2   9   -0.0000000068
1   7   2   10   -0.0013484932
1   7   4   6   -0.0009948682
1   7   4   7   -0.0000000132
1   7   5   6   -0.0000000060
1   7   5   7   -0.0015559544
1   8   1   9   0.0000000044
1   8   1   10   0.0027107339
1   8   2   9   0.0010018728
1   8   2   10   0.0000000004
1   8   4   6   0.0000000062
1   8   4   7   0.0029764402
1   8   5   6   0.0055272694
1   8   5   7   0.0000000010
2   5   1   6   -0.0000000026
2   5   1   7   0.0009546626
2   5   2   6   0.0001715102
2   5   2   7   0.0000000026
2   5   4   9   0.0000000102
2   5   4   10   0.0015060583
2   5   5   9   0.0022005784
2   5   5   10   -0.0000000102
2   6   1   6   0.0036325125
2   6   1   7   -0.0000000026
2   6   2   6   -0.0000000026
2   6   2   7   0.0047586880
2   6   3   8   0.0077949637
2   6   4   9   0.0081249589
2   6   4   10   -0.0000000102
2   6   5   9   -0.0000000102
2   6   5   10   0.0044183053
2   7   1   9   0.0000000004
2   7   1   10   -0.0010018731
2   7   2   9   -0.0027107364
2   7   2   10   0.0000000044
2   7   4   6   0.0000000010
2   7   4   7   -0.0055272657
2   7   5   6   -0.0029764456
2   7   5   7   0.0000000062
2   8   1   9   0.0013484933
2   8   1   10   -0.0000000068
2   8   2   9   -0.0000000020
2   8   2   10   0.0003603672
2   8   4   6   0.0015559569
2   8   4   7   -0.0000000060
2   8   5   6   -0.0000000132
2   8   5   7   0.0009948734
3   5   1   9   -0.0009948682
3   5   1   10   -0.0000000060
3   5   2   9   -0.0000000132
3   5   2   10   -0.0015559544
3   5   4   6   -0.0003603666
3   5   4   7   -0.0000000068
3   5   5   6   -0.0000000020
3   5   5   7   -0.0013484932
3   6   1   9   0.0000000010
3   6   1   10   -0.0029764456
3   6   2   9   -0.0055272657
3   6   2   10   0.0000000062
3   6   4   6   0.0000000004
3   6   4   7   -0.0027107364
3   6   5   6   -0.0010018731
3   6   5   7   0.0000000044
3   7   1   6   0.0337942154
3   7   1   7   -0.0000000015
3   7   2   6   -0.0000000015
3   7   2   7   0.0598311911
3   7   3   8   0.0020438344
3   7   4   9   0.0021530591
3   7   4   10   -0.0000000008
3   7   5   9   -0.0000000008
3   7   5   10   0.0006451007
3   8   1   6   0.0000000015
3   8   1   7   -0.0358123718
3   8   2   6   0.0097753775
3   8   2   7   -0.0000000015
3   8   4   9   -0.0000000008
3   8   4   10   -0.0008957821
3   8   5   9   -0.0006121740
3   8   5   10   0.0000000008
4   5   1   9   0.0000000062
4   5   1   10   0.0055272694
4   5   2   9   0.0029764402
4   5   2   10   0.0000000010
4   5   4   6   0.0000000044
4   5   4   7   0.0010018728
4   5   5   6   0.0027107339
4   5   5   7   0.0000000004
4   6   1   9   0.0015559569
4   6   1   10   -0.0000000132
4   6   2   9   -0.0000000060
4   6   2   10   0.0009948734
4   6   4   6   0.0013484933
4   6   4   7   -0.0000000020
4   6   5   6   -0.0000000068
4   6   5   7   0.0003603672
4   7   1   6   0.0000000015
4   7   1   7   0.0097753775
4   7   2   6   -0.0358123718
4   7   2   7   -0.0000000015
4   7   4   9   -0.0000000008
4   7   4   10   -0.0006121740
4   7   5   9   -0.0008957821
4   7   5   10   0.0000000008
4   8   1   6   0.0598312108
4   8   1   7   0.0000000015
4   8   2   6   0.0000000015
4   8   2   7   0.0337942089
4   8   3   8   0.0020438309
4   8   4   9   0.0006450996
4   8   4   10   0.0000000008
4   8   5   9   0.0000000008
4   8   5   10   0.0021530569

End IJAB Block
Begin ABCD Block
1   6   1   6   0.2806719409
1   6   2   7   0.0112432748
1   6   3   8   0.0015674534
1   6   4   9   0.0007431801
1   6   4   10   0.0000000004
1   6   5   9   0.0000000004
1   6   5   10   0.0016588545
1   7   1   7   0.2567952423
1   7   2   6   0.0126334140
1   7   4   9   0.0000000004
1   7   4   10   0.0005640991
1   7   5   9   0.0003515733
1   7   5   10   -0.0000000004
1   8   1   8   0.1859416922
1   8   3   6   0.0018710933
1   9   1   9   0.1705298962
1   9   1   10   0.0000000050
1   9   2   9   0.0000000050
1   9   2   10   0.0053092750
1   9   4   6   0.0009196968
1   9   4   7   0.0000000005
1   9   5   6   0.0000000005
1   9   5   7   0.0003943140
1   10   1   9   0.0000000050
1   10   1   10   0.1812497141
1   10   2   9   0.0054105392
1   10   2   10   -0.0000000050
1   10   4   6   0.0000000005
1   10   4   7   0.0006502499
1   10   5   6   0.0019642629
1   10   5   7   -0.0000000005
2   6   1   7   0.0126334140
2   6   2   6   0.2567952423
2   6   4   9   0.0000000004
2   6   4   10   0.0003515733
2   6   5   9   0.0005640991
2   6   5   10   -0.0000000004
2   7   1   6   0.0112432748
2   7   2   7   0.2806719172
2   7   3   8   0.0015674567
2   7   4   9   0.0016588560
2   7   4   10   -0.0000000004
2   7   5   9   -0.0000000004
2   7   5   10   0.0007431810
2   8   2   8   0.1859417041
2   8   3   7   0.0018710966
2   9   1   9   0.0000000050
2   9   1   10   0.0054105392
2   9   2   9   0.1812497277
2   9   2   10   -0.0000000050
2   9   4   6   0.0000000005
2   9   4   7   0.0019642645
2   9   5   6   0.0006502499
2   9   5   7   -0.0000000005
2   10   1   9   0.0053092750
2   10   1   10   -0.0000000050
2   10   2   9   -0.0000000050
2   10   2   10   0.1705298940
2   10   4   6   0.0003943140
2   10   4   7   -0.0000000005
2   10   5   6   -0.0000000005
2   10   5   7   0.0009196976
3   6   1   8   0.0018710933
3   6   3   6   0.1859416922
3   7   2   8   0.0018710966
3   7   3   7   0.1859417041
3   8   1   6   0.0015674534
3   8   2   7   0.0015674567
3   8   3   8   0.1714072051
3   8   4   9   0.0556857948
3   8   5   10   0.0556857069
3   9   3   9   0.1673758041
3   9   4   8   0.0557127433
3   10   3   10   0.1673757573
3   10   5   8   0.0557126556
4   6   1   9   0.0009196968
4   6   1   10   0.0000000005
4   6   2   9   0.0000000005
4   6   2   10   0.0003943140
4   6   4   6   0.1705298962
4   6   4   7   0.0000000050
4   6   5   6   0.0000000050
4   6   5   7   0.0053092750
4   7   1   9   0.0000000005
4   7   1   10   0.0006502499
4   7   2   9   0.0019642645
4   7   2   10   -0.0000000005
4   7   4   6   0.0000000050
4   7   4   7   0.1812497277
4   7   5   6   0.0054105392
4   7   5   7   -0.0000000050
4   8   3   9   0.0557127433
4   8   4   8   0.1673758041
4   9   1   6   0.0007431801
4   9   1   7   0.0000000004
4   9   2   6   0.0000000004
4   9   2   7   0.0016588560
4   9   3   8   0.0556857948
4   9   4   9   0.1816482046
4   9   5   10   0.0168623022
4   10   1   6   0.0000000004
4   10   1   7   0.0005640991
4   10   2   6   0.0003515733
4   10   2   7   -0.0000000004
4   10   4   10   0.1479252135
4   10   5   9   0.0168606140
5   6   1   9   0.0000000005
5   6   1   10   0.0019642629
5   6   2   9   0.0006502499
5   6   2   10   -0.0000000005
5   6   4   6   0.0000000050
5   6   4   7   0.0054105392
5   6   5   6   0.1812497141
5   6   5   7   -0.0000000050
5   7   1   9   0.0003943140
5   7   1   10   -0.0000000005
5   7   2   9   -0.0000000005
5   7   2   10   0.0009196976
5   7   4   6   0.0053092750
5   7   4   7   -0.0000000050
5   7   5   6   -0.0000000050
5   7   5   7   0.1705298940
5   8   3   10   0.0557126556
5   8   5   8   0.1673757573
5   9   1   6   0.0000000004
5   9   1   7   0.0003515733
5   9   2   6   0.0005640991
5   9   2   7   -0.0000000004
5   9   4   10   0.0168606140
5   9   5   9   0.1479252135
5   10   1   6   0.0016588545
5   10   1   7   -0.0000000004
5   10   2   6   -0.0000000004
5   10   2   7   0.0007431810
5   10   3   8   0.0556857069
5   10   4   9   0.0168623022
5   10   5   10   0.1816481537

End ABCD Block
Begin AIJB Block
1   5   1   6   0.0063411162
1   5   1   7   0.0000000048
1   5   2   6   -0.0000000048
1   5   2   7   0.0014897232
1   5   3   9   -0.0013695209
1   5   3   10   -0.0000000057
1   5   4   9   0.0000000051
1   5   4   10   0.0054018655
1   6   1   6   -0.0000000048
1   6   1   7   0.0005907695
1   6   2   6   0.0042606202
1   6   2   7   -0.0000000048
1   6   3   9   0.0000000018
1   6   3   10   -0.0029199010
1   6   4   9   0.0011124440
1   6   4   10   -0.0000000127
1   7   1   9   -0.0001576994
1   7   1   10   -0.0000000014
1   7   2   9   0.0000000001
1   7   2   10   -0.0006917110
1   7   3   6   0.0404136492
1   7   3   7   -0.0000000010
1   7   4   6   0.0000000010
1   7   4   7   0.0141497856
1   8   1   9   0.0000000019
1   8   1   10   0.0014096709
1   8   2   9   0.0005602593
1   8   2   10   -0.0000000034
1   8   3   6   0.0000000010
1   8   3   7   -0.0319000011
1   8   4   6   0.0581638664
1   8   4   7   0.0000000010
2   5   1   6   0.0000000048
2   5   1   7   0.0042606213
2   5   2   6   0.0005907695
2   5   2   7   0.0000000048
2   5   3   9   -0.0000000127
2   5   3   10   -0.0011124418
2   5   4   9   0.0029198954
2   5   4   10   0.0000000018
2   6   1   6   0.0014897232
2   6   1   7   0.0000000048
2   6   2   6   -0.0000000048
2   6   2   7   0.0063411170
2   6   3   9   -0.0054018614
2   6   3   10   0.0000000051
2   6   4   9   -0.0000000057
2   6   4   10   0.0013695263
2   7   1   9   -0.0000000034
2   7   1   10   -0.0005602595
2   7   2   9   -0.0014096722
2   7   2   10   0.0000000019
2   7   3   6   -0.0000000010
2   7   3   7   0.0581638456
2   7   4   6   -0.0319000011
2   7   4   7   -0.0000000010
2   8   1   9   0.0006917108
2   8   1   10   0.0000000001
2   8   2   9   -0.0000000014
2   8   2   10   0.0001577003
2   8   3   6   0.0141497856
2   8   3   7   -0.0000000010
2   8   4   6   0.0000000010
2   8   4   7   0.0404136415
3   5   1   8   0.0062055740
3   6   2   8   0.0062055774
3   7   3   8   0.0020941288
3   8   4   8   0.0020941258
4   5   1   9   0.0036081399
4   5   1   10   0.0000000087
4   5   2   9   0.0000000087
4   5   2   10   0.0012737363
4   5   3   6   -0.0001576994
4   5   3   7   -0.0000000034
4   5   4   6   0.0000000019
4   5   4   7   0.0006917108
4   6   1   9   0.0000000087
4   6   1   10   0.0019075438
4   6   2   9   0.0067894320
4   6   2   10   -0.0000000087
4   6   3   6   0.0000000001
4   6   3   7   -0.0014096722
4   6   4   6   0.0005602593
4   6   4   7   -0.0000000014
4   7   1   6   -0.0013695209
4   7   1   7   -0.0000000127
4   7   2   6   0.0000000018
4   7   2   7   -0.0054018614
4   7   3   9   0.0022302065
4   7   3   10   -0.0000000008
4   7   4   9   -0.0000000008
4   7   4   10   -0.0006622493
4   8   1   6   0.0000000051
4   8   1   7   0.0029198954
4   8   2   6   0.0011124440
4   8   2   7   -0.0000000057
4   8   3   9   -0.0000000008
4   8   3   10   -0.0008982673
4   8   4   9   0.0006696868
4   8   4   10   0.0000000008
5   5   1   9   0.0000000087
5   5   1   10   0.0067894242
5   5   2   9   0.0019075438
5   5   2   10   -0.0000000087
5   5   3   6   -0.0000000014
5   5   3   7   -0.0005602595
5   5   4   6   0.0014096709
5   5   4   7   0.0000000001
5   6   1   9   0.0012737363
5   6   1   10   -0.0000000087
5   6   2   9   -0.0000000087
5   6   2   10   0.0036081389
5   6   3   6   -0.0006917110
5   6   3   7   0.0000000019
5   6   4   6   -0.0000000034
5   6   4   7   0.0001577003
5   7   1   6   -0.0000000057
5   7   1   7   -0.0011124418
5   7   2   6   -0.0029199010
5   7   2   7   0.0000000051
5   7   3   9   -0.0000000008
5   7   3   10   0.0006696877
5   7   4   9   -0.0008982673
5   7   4   10   0.0000000008
5   8   1   6   0.0054018655
5   8   1   7   0.0000000018
5   8   2   6   -0.0000000127
5   8   2   7   0.0013695263
5   8   3   9   -0.0006622493
5   8   3   10   0.0000000008
5   8   4   9   0.0000000008
5   8   4   10   0.0022302046

1   5   5   1   -0.2678049667
1   5   5   2   -0.0000000134
1   5   6   1   0.0000000134
1   5   6   2   -0.0025139096
1   5   7   4   0.0000934375
1   5   7   5   0.0000000014
1   5   8   4   -0.0000000012
1   5   8   5   -0.0010598800
1   6   5   1   0.0000000134
1   6   5   2   -0.0033584127
1   6   6   1   -0.2619326206
1   6   6   2   0.0000000134
1   6   7   4   0.0000000001
1   6   7   5   0.0006756643
1   6   8   4   -0.0002907784
1   6   8   5   0.0000000025
1   7   5   4   0.0000528425
1   7   5   5   0.0000000017
1   7   6   4   0.0000000002
1   7   6   5   0.0007648432
1   7   7   1   -0.2703718658
1   7   7   2   0.0000000015
1   7   8   1   -0.0000000015
1   7   8   2   0.0137792501
1   8   5   4   -0.0000000013
1   8   5   5   -0.0011602490
1   8   6   4   -0.0003425637
1   8   6   5   0.0000000028
1   8   7   1   -0.0000000015
1   8   7   2   0.0130185742
1   8   8   1   -0.2971696793
1   8   8   2   -0.0000000015
2   5   5   1   -0.0000000134
2   5   5   2   -0.2619326275
2   5   6   1   -0.0033584127
2   5   6   2   -0.0000000134
2   5   7   4   0.0000000025
2   5   7   5   0.0002907779
2   5   8   4   -0.0006756649
2   5   8   5   0.0000000001
2   6   5   1   -0.0025139096
2   6   5   2   -0.0000000134
2   6   6   1   0.0000000134
2   6   6   2   -0.2678049465
2   6   7   4   0.0010598800
2   6   7   5   -0.0000000012
2   6   8   4   0.0000000014
2   6   8   5   -0.0000934381
2   7   5   4   0.0000000028
2   7   5   5   0.0003425630
2   7   6   4   0.0011602486
2   7   6   5   -0.0000000013
2   7   7   1   0.0000000015
2   7   7   2   -0.2971696624
2   7   8   1   0.0130185742
2   7   8   2   0.0000000015
2   8   5   4   -0.0007648436
2   8   5   5   0.0000000002
2   8   6   4   0.0000000017
2   8   6   5   -0.0000528432
2   8   7   1   0.0137792501
2   8   7   2   0.0000000015
2   8   8   1   -0.0000000015
2   8   8   2   -0.2703718490
3   5   5   3   -0.1954741588
3   6   6   3   -0.1954741740
3   7   7   3   -0.1898334604
3   8   8   3   -0.1898334387
4   5   5   4   -0.1787056399
4   5   5   5   -0.0000000355
4   5   6   4   -0.0000000355
4   5   6   5   -0.0064570430
4   5   7   1   0.0000528425
4   5   7   2   0.0000000028
4   5   8   1   -0.0000000013
4   5   8   2   -0.0007648436
4   6   5   4   -0.0000000355
4   6   5   5   -0.0064592740
4   6   6   4   -0.1916219876
4   6   6   5   0.0000000355
4   6   7   1   0.0000000002
4   6   7   2   0.0011602486
4   6   8   1   -0.0003425637
4   6   8   2   0.0000000017
4   7   5   1   0.0000934375
4   7   5   2   0.0000000025
4   7   6   1   0.0000000001
4   7   6   2   0.0010598800
4   7   7   4   -0.1867231741
4   7   7   5   0.0000000087
4   7   8   4   0.0000000087
4   7   8   5   0.0084164208
4   8   5   1   -0.0000000012
4   8   5   2   -0.0006756649
4   8   6   1   -0.0002907784
4   8   6   2   0.0000000014
4   8   7   4   0.0000000087
4   8   7   5   0.0083273660
4   8   8   4   -0.1699793660
4   8   8   5   -0.0000000087
5   5   5   4   -0.0000000355
5   5   5   5   -0.1916219602
5   5   6   4   -0.0064592740
5   5   6   5   0.0000000355
5   5   7   1   0.0000000017
5   5   7   2   0.0003425630
5   5   8   1   -0.0011602490
5   5   8   2   0.0000000002
5   6   5   4   -0.0064570430
5   6   5   5   0.0000000355
5   6   6   4   0.0000000355
5   6   6   5   -0.1787056276
5   6   7   1   0.0007648432
5   6   7   2   -0.0000000013
5   6   8   1   0.0000000028
5   6   8   2   -0.0000528432
5   7   5   1   0.0000000014
5   7   5   2   0.0002907779
5   7   6   1   0.0006756643
5   7   6   2   -0.0000000012
5   7   7   4   0.0000000087
5   7   7   5   -0.1699793706
5   7   8   4   0.0083273660
5   7   8   5   -0.0000000087
5   8   5   1   -0.0010598800
5   8   5   2   0.0000000001
5   8   6   1   0.0000000025
5   8   6   2   -0.0000934381
5   8   7   4   0.0084164208
5   8   7   5   -0.0000000087
5   8   8   4   -0.0000000087
5   8   8   5   -0.1867231520

End AIJB Block
Begin IJKA Block
1   5   1   8   0.0000000157
1   5   2   8   0.0023963380
1   6   1   8   0.0023963584
1   6   2   8   -0.0000000157
1   7   3   8   0.0000000003
1   7   4   8   0.0001621624
1   8   3   8   0.0001621629
1   8   4   8   -0.0000000003
2   5   1   8   0.0023963383
2   5   2   8   -0.0000000157
2   6   1   8   -0.0000000157
2   6   2   8   -0.0023963182
2   7   3   8   0.0001621642
2   7   4   8   -0.0000000003
2   8   3   8   -0.0000000003
2   8   4   8   -0.0001621614
3   5   3   8   -0.0000000018
3   5   4   8   -0.0008486292
3   6   3   8   -0.0008486068
3   6   4   8   0.0000000018
3   7   1   8   -0.0000000001
3   7   2   8   -0.0000256162
3   8   1   8   -0.0000256172
3   8   2   8   0.0000000001
4   5   3   8   -0.0008486293
4   5   4   8   0.0000000018
4   6   3   8   0.0000000018
4   6   4   8   0.0008486510
4   7   1   8   -0.0000256178
4   7   2   8   0.0000000001
4   8   1   8   0.0000000001
4   8   2   8   0.0000256188

End IJKA Block
Begin IABC Block
1   6   1   8   -0.0000000020
1   6   2   8   -0.0010187544
1   6   3   6   -0.0000000014
1   6   3   7   -0.0007046336
1   7   1   8   -0.0010187561
1   7   2   8   0.0000000020
1   7   3   6   -0.0007046338
1   7   3   7   0.0000000014
1   8   1   6   -0.0000000020
1   8   1   7   -0.0009903652
1   8   2   6   -0.0009903637
1   8   2   7   0.0000000020
1   8   4   9   -0.0000000052
1   8   4   10   0.0048935185
1   8   5   9   0.0048935169
1   8   5   10   0.0000000052
1   9   3   9   -0.0000000061
1   9   3   10   0.0057673856
1   9   4   8   -0.0000000052
1   9   5   8   0.0048619355
1   10   3   9   0.0057673855
1   10   3   10   0.0000000061
1   10   4   8   0.0048619370
1   10   5   8   0.0000000052
2   6   1   8   -0.0010187530
2   6   2   8   0.0000000020
2   6   3   6   -0.0007046128
2   6   3   7   0.0000000014
2   7   1   8   0.0000000020
2   7   2   8   0.0010187559
2   7   3   6   0.0000000014
2   7   3   7   0.0007046522
2   8   1   6   -0.0009903623
2   8   1   7   0.0000000020
2   8   2   6   0.0000000020
2   8   2   7   0.0009903652
2   8   3   8   -0.0000000017
2   8   4   9   -0.0048935347
2   8   4   10   -0.0000000052
2   8   5   9   -0.0000000052
2   8   5   10   0.0048935122
2   9   3   9   -0.0057673928
2   9   3   10   -0.0000000061
2   9   4   8   -0.0048619533
2   9   5   8   -0.0000000052
2   10   3   9   -0.0000000061
2   10   3   10   0.0057673923
2   10   4   8   -0.0000000052
2   10   5   8   0.0048619307
3   6   3   9   0.0000000007
3   6   3   10   0.0009731575
3   6   4   8   0.0000000006
3   6   5   8   0.0008678970
3   7   3   9   -0.0009731606
3   7   3   10   0.0000000007
3   7   4   8   -0.0008678997
3   7   5   8   0.0000000006
3   8   1   9   0.0000000184
3   8   1   10   0.0261426486
3   8   2   9   -0.0261426752
3   8   2   10   0.0000000184
3   8   4   6   0.0000000007
3   8   4   7   -0.0009866135
3   8   5   6   0.0009866104
3   8   5   7   0.0000000007
3   9   1   8   0.0000000183
3   9   2   8   -0.0260847788
3   9   3   6   0.0000000008
3   9   3   7   -0.0011477672
3   10   1   8   0.0260847522
3   10   2   8   0.0000000183
3   10   3   6   0.0011477637
3   10   3   7   0.0000000008
4   6   3   9   -0.0009731565
4   6   3   10   0.0000000007
4   6   4   8   -0.0008678959
4   6   5   8   0.0000000006
4   7   3   9   -0.0000000007
4   7   3   10   -0.0009731574
4   7   4   8   -0.0000000006
4   7   5   8   -0.0008678971
4   8   1   9   -0.0261426645
4   8   1   10   0.0000000184
4   8   2   9   -0.0000000184
4   8   2   10   -0.0261426451
4   8   4   6   -0.0009866094
4   8   4   7   -0.0000000007
4   8   5   6   0.0000000007
4   8   5   7   -0.0009866104
4   9   1   8   -0.0260847681
4   9   2   8   -0.0000000183
4   9   3   6   -0.0011477626
4   9   3   7   -0.0000000008
4   10   1   8   0.0000000183
4   10   2   8   -0.0260847487
4   10   3   6   0.0000000008
4   10   3   7   -0.0011477635

End IABC Block
