Begin IJ Block
1   1   -2.1836018344
2   2   -2.1676317548
3   3   -2.1676317548

End IJ Block
Begin IA Block
1   1   0.0000000000
1   2   -0.0000000001
1   3   0.0000000002
2   1   -0.0000000009
2   2   0.0000000035
3   1   -0.0000000035
3   2   -0.0000000009
3   3   0.0000000001

End IA Block
Begin AB Block
1   1   -2.1705789233
2   2   -2.1705789233
3   3   -2.1971394357

End AB Block
Begin IJKL Block
1   4   1   4   0.3970562766
1   4   2   5   0.0156336393
1   4   3   6   0.0156336393
1   5   1   5   0.3652662162
1   5   2   4   0.0156336393
1   6   1   6   0.3652662162
1   6   3   4   0.0156336393
2   4   1   5   0.0156336393
2   4   2   4   0.3652662162
2   5   1   4   0.0156336393
2   5   2   5   0.3976332639
2   5   3   6   0.0157467576
2   6   2   6   0.3661397488
2   6   3   5   0.0157467576
3   4   1   6   0.0156336393
3   4   3   4   0.3652662162
3   5   2   6   0.0157467576
3   5   3   5   0.3661397488
3   6   1   4   0.0156336393
3   6   2   5   0.0157467576
3   6   3   6   0.3976332639

End IJKL Block
Begin IJAB Block
1   4   1   4   0.0150705373
1   4   2   5   0.0150705373
1   4   3   6   0.2303547151
1   5   1   6   0.0153296862
1   5   2   6   0.0015715142
1   5   3   4   0.2048075730
1   5   3   5   0.0209957335
1   6   1   6   0.0015715142
1   6   2   6   -0.0153296862
1   6   3   4   0.0209957335
1   6   3   5   -0.2048075730
2   4   1   6   0.2048075730
2   4   2   6   0.0209957335
2   4   3   4   0.0153296862
2   4   3   5   0.0015715142
2   5   1   4   0.2412732368
2   5   1   5   0.0231080589
2   5   2   4   0.0231080589
2   5   2   5   0.0182294234
2   5   3   6   0.0164098011
2   6   1   4   0.0231080589
2   6   1   5   -0.2095522095
2   6   2   4   -0.0134916040
2   6   2   5   -0.0231080589
3   4   1   6   0.0209957335
3   4   2   6   -0.2048075730
3   4   3   4   0.0015715142
3   4   3   5   -0.0153296862
3   5   1   4   0.0231080589
3   5   1   5   -0.0134916040
3   5   2   4   -0.2095522095
3   5   2   5   -0.0231080589
3   6   1   4   0.0182294234
3   6   1   5   -0.0231080589
3   6   2   4   -0.0231080589
3   6   2   5   0.2412732368
3   6   3   6   0.0164098011

End IJAB Block
Begin ABCD Block
1   4   1   4   0.4028473268
1   4   2   5   0.0162361107
1   4   3   6   0.0168124457
1   5   1   5   0.3703751054
1   5   2   4   0.0162361107
1   6   1   6   0.3775834225
1   6   3   4   0.0168124457
2   4   1   5   0.0162361107
2   4   2   4   0.3703751054
2   5   1   4   0.0162361107
2   5   2   5   0.4028473268
2   5   3   6   0.0168124457
2   6   2   6   0.3775834225
2   6   3   5   0.0168124457
3   4   1   6   0.0168124457
3   4   3   4   0.3775834225
3   5   2   6   0.0168124457
3   5   3   5   0.3775834225
3   6   1   4   0.0168124457
3   6   2   5   0.0168124457
3   6   3   6   0.4189206998

End ABCD Block
Begin AIJB Block
1   4   1   4   0.0150705373
1   4   2   6   0.2048075730
1   4   3   6   0.0209957335
1   5   1   6   0.0153296862
1   5   2   4   0.2412732368
1   5   2   5   0.0231080589
1   5   3   4   0.0231080589
1   5   3   5   -0.0134916040
1   6   1   6   0.0015715142
1   6   2   4   0.0231080589
1   6   2   5   -0.2095522095
1   6   3   4   0.0182294234
1   6   3   5   -0.0231080589
2   4   1   5   0.0150705373
2   4   2   6   0.0209957335
2   4   3   6   -0.2048075730
2   5   1   6   0.0015715142
2   5   2   4   0.0231080589
2   5   2   5   0.0182294234
2   5   3   4   -0.2095522095
2   5   3   5   -0.0231080589
2   6   1   6   -0.0153296862
2   6   2   4   -0.0134916040
2   6   2   5   -0.0231080589
2   6   3   4   -0.0231080589
2   6   3   5   0.2412732368
3   4   1   6   0.2303547151
3   4   2   4   0.0153296862
3   4   2   5   0.0015715142
3   4   3   4   0.0015715142
3   4   3   5   -0.0153296862
3   5   1   4   0.2048075730
3   5   1   5   0.0209957335
3   5   2   6   0.0164098011
3   6   1   4   0.0209957335
3   6   1   5   -0.2048075730
3   6   3   6   0.0164098011

1   4   4   1   -0.3667644067
1   4   5   3   -0.0158629284
1   4   6   3   -0.0016261792
1   5   4   3   -0.0158629284
1   5   5   1   -0.3998210458
1   5   5   2   -0.0032425303
1   5   6   1   -0.0032425303
1   5   6   2   0.0156487898
1   6   4   3   -0.0016261792
1   6   5   1   -0.0032425303
1   6   5   2   0.0156487898
1   6   6   1   -0.3685234662
1   6   6   2   0.0032425303
2   4   4   2   -0.3667644067
2   4   5   3   -0.0016261792
2   4   6   3   0.0158629284
2   5   4   3   -0.0016261792
2   5   5   1   -0.0032425303
2   5   5   2   -0.3685234662
2   5   6   1   0.0156487898
2   5   6   2   0.0032425303
2   6   4   3   0.0158629284
2   6   5   1   0.0156487898
2   6   5   2   0.0032425303
2   6   6   1   0.0032425303
2   6   6   2   -0.3998210458
3   4   4   3   -0.4060044631
3   4   5   1   -0.0158629284
3   4   5   2   -0.0016261792
3   4   6   1   -0.0016261792
3   4   6   2   0.0158629284
3   5   4   1   -0.0158629284
3   5   4   2   -0.0016261792
3   5   5   3   -0.3756798483
3   6   4   1   -0.0016261792
3   6   4   2   0.0158629284
3   6   6   3   -0.3756798483

End AIJB Block
Begin IJKA Block
1   4   1   5   -0.0000000000
1   4   1   6   0.0000000002
1   4   2   4   0.0000000000
1   4   2   5   -0.0000000000
1   4   3   4   0.0000000000
1   4   3   5   -0.0000000000
1   4   3   6   0.0000000001
1   5   1   4   0.0000000002
1   5   1   5   0.0000000001
1   5   2   6   -0.0000000001
1   5   3   4   0.0000000001
1   5   3   5   0.0000000000
1   5   3   6   -0.0000000004
1   6   1   4   -0.0000000001
1   6   1   5   -0.0000000002
1   6   1   6   0.0000000000
1   6   2   4   0.0000000000
1   6   2   6   -0.0000000004
1   6   3   4   0.0000000000
1   6   3   5   -0.0000000001
1   6   3   6   0.0000000001
2   4   1   4   0.0000000000
2   4   1   5   -0.0000000000
2   4   2   5   -0.0000000000
2   4   2   6   -0.0000000010
2   4   3   4   0.0000000000
2   4   3   6   -0.0000000052
2   5   1   6   -0.0000000001
2   5   2   4   -0.0000000012
2   5   2   5   0.0000000000
2   5   3   4   -0.0000000057
2   5   3   5   -0.0000000005
2   6   1   4   0.0000000000
2   6   1   6   -0.0000000004
2   6   2   4   -0.0000000010
2   6   2   5   0.0000000009
2   6   2   6   0.0000000000
2   6   3   4   -0.0000000005
2   6   3   5   0.0000000057
3   4   1   4   0.0000000000
3   4   1   5   -0.0000000000
3   4   1   6   0.0000000001
3   4   2   4   0.0000000000
3   4   2   6   -0.0000000052
3   4   3   4   0.0000000000
3   4   3   5   -0.0000000000
3   4   3   6   0.0000000007
3   5   1   4   0.0000000001
3   5   1   5   0.0000000000
3   5   1   6   -0.0000000004
3   5   2   4   -0.0000000057
3   5   2   5   -0.0000000005
3   5   3   4   0.0000000006
3   5   3   5   0.0000000010
3   6   1   4   0.0000000000
3   6   1   5   -0.0000000001
3   6   1   6   0.0000000001
3   6   2   4   -0.0000000005
3   6   2   5   0.0000000057
3   6   3   4   -0.0000000000
3   6   3   5   -0.0000000009
3   6   3   6   0.0000000000

End IJKA Block
Begin IABC Block
1   4   1   6   0.0000000001
1   4   2   4   -0.0000000000
1   4   2   6   -0.0000000004
1   4   3   4   0.0000000019
1   4   3   5   -0.0000000047
1   4   3   6   -0.0000000000
1   5   1   6   -0.0000000004
1   5   2   5   -0.0000000000
1   5   2   6   -0.0000000001
1   5   3   4   -0.0000000047
1   5   3   5   -0.0000000017
1   5   3   6   0.0000000001
1   6   1   4   0.0000000001
1   6   1   5   -0.0000000004
1   6   1   6   -0.0000000000
1   6   2   4   -0.0000000004
1   6   2   5   -0.0000000001
1   6   2   6   0.0000000000
1   6   3   4   -0.0000000000
1   6   3   5   0.0000000001
1   6   3   6   -0.0000000002
2   4   1   4   0.0000000022
2   4   1   5   -0.0000000052
2   4   1   6   -0.0000000000
2   4   2   4   -0.0000000004
2   4   2   5   -0.0000000007
2   4   2   6   0.0000000000
2   4   3   4   -0.0000000000
2   4   3   5   0.0000000000
2   4   3   6   -0.0000000000
2   5   1   4   -0.0000000052
2   5   1   5   -0.0000000018
2   5   1   6   0.0000000001
2   5   2   4   -0.0000000007
2   5   2   5   -0.0000000001
2   5   2   6   0.0000000000
2   5   3   4   0.0000000000
2   5   3   5   0.0000000000
2   5   3   6   0.0000000000
2   6   1   4   -0.0000000000
2   6   1   5   0.0000000001
2   6   1   6   -0.0000000002
2   6   2   4   0.0000000000
2   6   2   5   0.0000000000
2   6   2   6   0.0000000001
2   6   3   4   -0.0000000000
2   6   3   5   0.0000000000
3   4   1   4   0.0000000001
3   4   1   5   -0.0000000007
3   4   2   4   -0.0000000021
3   4   2   5   0.0000000052
3   4   2   6   0.0000000000
3   4   3   4   0.0000000000
3   4   3   5   0.0000000000
3   4   3   6   -0.0000000000
3   5   1   4   -0.0000000007
3   5   1   5   0.0000000004
3   5   1   6   0.0000000000
3   5   2   4   0.0000000052
3   5   2   5   0.0000000020
3   5   2   6   -0.0000000001
3   5   3   4   0.0000000000
3   5   3   5   -0.0000000000
3   5   3   6   0.0000000000
3   6   1   5   0.0000000000
3   6   1   6   -0.0000000001
3   6   2   4   0.0000000000
3   6   2   5   -0.0000000001
3   6   2   6   0.0000000002
3   6   3   4   -0.0000000000
3   6   3   5   0.0000000000
3   6   3   6   0.0000000000

End IABC Block
