Begin IJ Block
1   1   -33.0221023619
1   2   0.5820981813
1   4   0.1849170307
2   2   -7.8657814549
2   4   -0.2250491689
3   3   -6.7490273899
4   4   -6.9144483820
5   5   -7.0462567301

End IJ Block
Begin IA Block
1   1   0.1543252209
1   4   -0.1463884897
1   5   0.0125936345
2   1   -0.7665332640
2   4   0.5475088955
2   5   0.2121682329
3   2   0.9217692203
3   3   0.4140054751
3   5   0.0000000000
4   1   0.3951561296
4   4   -0.2671771398
4   5   -1.2729194647

End IA Block
Begin AB Block
1   1   -3.0233178493
1   4   0.7460398422
1   5   0.5878623231
2   2   -2.7137839676
2   3   -0.6829577233
2   4   0.0000000000
2   5   -0.0000000000
3   3   -3.6025904599
4   4   -3.5577209665
4   5   -0.2454412382
5   5   -3.6820439397

End AB Block
Begin IJKL Block
1   6   1   6   4.7296167437
1   6   1   7   -0.4293235846
1   6   1   9   -0.1370800505
1   6   2   6   -0.4293235846
1   6   2   7   0.0596108055
1   6   2   9   0.0159857771
1   6   3   8   0.0170458595
1   6   4   6   -0.1370800505
1   6   4   7   0.0159857771
1   6   4   9   0.0268018600
1   6   5   10   0.0257409126
1   7   1   6   -0.4293235846
1   7   1   7   1.0471614365
1   7   1   9   0.0850005841
1   7   2   6   0.0636149406
1   7   2   7   -0.0145963162
1   7   2   9   -0.0075781576
1   7   3   8   0.0228932302
1   7   4   6   0.0162645204
1   7   4   7   -0.0145688711
1   7   4   9   0.0222068367
1   7   5   10   0.0283446820
1   8   1   8   0.8893103766
1   8   2   8   -0.0074244608
1   8   3   6   0.0210028038
1   8   3   7   0.0235867491
1   8   3   9   0.0031209244
1   8   4   8   -0.0074822861
1   9   1   6   -0.1370800505
1   9   1   7   0.0850005841
1   9   1   9   0.9826327565
1   9   2   6   0.0162645204
1   9   2   7   -0.0077673790
1   9   2   9   -0.0133551610
1   9   3   8   0.0027291836
1   9   4   6   0.0309885149
1   9   4   7   0.0226636096
1   9   4   9   0.0082833374
1   9   5   10   0.0085951408
1   10   1   10   1.0276009086
1   10   2   10   -0.0121627819
1   10   4   10   -0.0048132376
1   10   5   6   0.0306503209
1   10   5   7   0.0287044093
1   10   5   9   0.0089540348
2   6   1   6   -0.4293235846
2   6   1   7   0.0636149406
2   6   1   9   0.0162645204
2   6   2   6   1.0471614365
2   6   2   7   -0.0145963162
2   6   2   9   -0.0145688711
2   6   3   8   0.0228932302
2   6   4   6   0.0850005841
2   6   4   7   -0.0075781576
2   6   4   9   0.0222068367
2   6   5   10   0.0283446820
2   7   1   6   0.0596108055
2   7   1   7   -0.0145963162
2   7   1   9   -0.0077673790
2   7   2   6   -0.0145963162
2   7   2   7   0.7449942875
2   7   2   9   -0.0173041639
2   7   3   8   0.1431850014
2   7   4   6   -0.0077673790
2   7   4   7   -0.0173041639
2   7   4   9   0.1156960257
2   7   5   10   0.1171734167
2   8   1   8   -0.0074244608
2   8   2   8   0.6742996062
2   8   3   6   0.0235867491
2   8   3   7   0.1466655462
2   8   3   9   -0.0144382426
2   8   4   8   -0.0121884982
2   9   1   6   0.0159857771
2   9   1   7   -0.0075781576
2   9   1   9   -0.0133551610
2   9   2   6   -0.0145688711
2   9   2   7   -0.0173041639
2   9   2   9   0.6710663692
2   9   3   8   -0.0150454851
2   9   4   6   0.0226636096
2   9   4   7   0.1195772510
2   9   4   9   0.0629280652
2   9   5   10   0.0272598995
2   10   1   10   -0.0121627819
2   10   2   10   0.6988807537
2   10   4   10   0.0325133305
2   10   5   6   0.0287044093
2   10   5   7   0.1208814960
2   10   5   9   0.0275459026
3   6   1   8   0.0210028038
3   6   2   8   0.0235867491
3   6   3   6   0.8893103766
3   6   3   7   -0.0074244608
3   6   3   9   -0.0074822861
3   6   4   8   0.0031209244
3   7   1   8   0.0235867491
3   7   2   8   0.1466655462
3   7   3   6   -0.0074244608
3   7   3   7   0.6742996062
3   7   3   9   -0.0121884982
3   7   4   8   -0.0144382426
3   8   1   6   0.0170458595
3   8   1   7   0.0228932302
3   8   1   9   0.0027291836
3   8   2   6   0.0228932302
3   8   2   7   0.1431850014
3   8   2   9   -0.0150454851
3   8   3   8   0.6528589195
3   8   4   6   0.0027291836
3   8   4   7   -0.0150454851
3   8   4   9   0.0322622177
3   8   5   10   0.0224755815
3   9   1   8   0.0031209244
3   9   2   8   -0.0144382426
3   9   3   6   -0.0074822861
3   9   3   7   -0.0121884982
3   9   3   9   0.6006714330
3   9   4   8   0.0376248007
3   10   3   10   0.6133391877
3   10   5   8   0.0278965803
4   6   1   6   -0.1370800505
4   6   1   7   0.0162645204
4   6   1   9   0.0309885149
4   6   2   6   0.0850005841
4   6   2   7   -0.0077673790
4   6   2   9   0.0226636096
4   6   3   8   0.0027291836
4   6   4   6   0.9826327565
4   6   4   7   -0.0133551610
4   6   4   9   0.0082833374
4   6   5   10   0.0085951408
4   7   1   6   0.0159857771
4   7   1   7   -0.0145688711
4   7   1   9   0.0226636096
4   7   2   6   -0.0075781576
4   7   2   7   -0.0173041639
4   7   2   9   0.1195772510
4   7   3   8   -0.0150454851
4   7   4   6   -0.0133551610
4   7   4   7   0.6710663692
4   7   4   9   0.0629280652
4   7   5   10   0.0272598995
4   8   1   8   -0.0074822861
4   8   2   8   -0.0121884982
4   8   3   6   0.0031209244
4   8   3   7   -0.0144382426
4   8   3   9   0.0376248007
4   8   4   8   0.6006714330
4   9   1   6   0.0268018600
4   9   1   7   0.0222068367
4   9   1   9   0.0082833374
4   9   2   6   0.0222068367
4   9   2   7   0.1156960257
4   9   2   9   0.0629280652
4   9   3   8   0.0322622177
4   9   4   6   0.0082833374
4   9   4   7   0.0629280652
4   9   4   9   0.7019207536
4   9   5   10   0.0326724281
4   10   1   10   -0.0048132376
4   10   2   10   0.0325133305
4   10   4   10   0.6449146341
4   10   5   6   0.0089540348
4   10   5   7   0.0275459026
4   10   5   9   0.0380682899
5   6   1   10   0.0306503209
5   6   2   10   0.0287044093
5   6   4   10   0.0089540348
5   6   5   6   1.0276009086
5   6   5   7   -0.0121627819
5   6   5   9   -0.0048132376
5   7   1   10   0.0287044093
5   7   2   10   0.1208814960
5   7   4   10   0.0275459026
5   7   5   6   -0.0121627819
5   7   5   7   0.6988807537
5   7   5   9   0.0325133305
5   8   3   10   0.0278965803
5   8   5   8   0.6133391877
5   9   1   10   0.0089540348
5   9   2   10   0.0275459026
5   9   4   10   0.0380682899
5   9   5   6   -0.0048132376
5   9   5   7   0.0325133305
5   9   5   9   0.6449146341
5   10   1   6   0.0257409126
5   10   1   7   0.0283446820
5   10   1   9   0.0085951408
5   10   2   6   0.0283446820
5   10   2   7   0.1171734167
5   10   2   9   0.0272598995
5   10   3   8   0.0224755815
5   10   4   6   0.0085951408
5   10   4   7   0.0272598995
5   10   4   9   0.0326724281
5   10   5   10   0.7222754506

End IJKL Block
Begin IJAB Block
1   6   1   6   0.0078827706
1   6   1   9   -0.0077305432
1   6   1   10   -0.0045786607
1   6   2   7   0.0045294174
1   6   2   8   0.0037632685
1   6   3   7   0.0037632685
1   6   3   8   0.0031020905
1   6   4   6   -0.0077305432
1   6   4   9   0.0075741657
1   6   4   10   0.0050784014
1   6   5   6   -0.0045786607
1   6   5   9   0.0050784014
1   6   5   10   0.0133623022
1   7   1   6   0.0008828118
1   7   1   9   -0.0007359316
1   7   1   10   -0.0034117356
1   7   2   7   0.0038319550
1   7   2   8   0.0027027031
1   7   3   7   0.0031634834
1   7   3   8   0.0024692760
1   7   4   6   -0.0010428910
1   7   4   9   0.0010737503
1   7   4   10   0.0036041224
1   7   5   6   -0.0048604353
1   7   5   9   0.0045320757
1   7   5   10   0.0093717578
1   8   1   7   0.0002393778
1   8   1   8   0.0014972767
1   8   2   6   -0.0020278200
1   8   2   9   -0.0000159783
1   8   2   10   0.0004163319
1   8   3   6   -0.0015680102
1   8   3   9   0.0000023567
1   8   3   10   0.0000160811
1   8   4   7   -0.0004736869
1   8   4   8   -0.0016783840
1   8   5   7   0.0001491934
1   8   5   8   -0.0031425501
1   9   1   6   -0.0011227562
1   9   1   9   0.0010665118
1   9   1   10   -0.0017154358
1   9   2   7   0.0014344816
1   9   2   8   0.0031399705
1   9   3   7   0.0014224635
1   9   3   8   0.0027381821
1   9   4   6   0.0012072261
1   9   4   9   -0.0012243297
1   9   4   10   0.0017507979
1   9   5   6   0.0025492042
1   9   5   9   -0.0027073293
1   9   5   10   0.0025506726
2   6   1   6   0.0008828118
2   6   1   9   -0.0010428910
2   6   1   10   -0.0048604353
2   6   2   7   0.0038319550
2   6   2   8   0.0031634834
2   6   3   7   0.0027027031
2   6   3   8   0.0024692760
2   6   4   6   -0.0007359316
2   6   4   9   0.0010737503
2   6   4   10   0.0045320757
2   6   5   6   -0.0034117356
2   6   5   9   0.0036041224
2   6   5   10   0.0093717578
2   7   1   6   0.0271468258
2   7   1   9   -0.0235388446
2   7   1   10   -0.0167070281
2   7   2   7   0.0145512775
2   7   2   8   0.0106136091
2   7   3   7   0.0106136091
2   7   3   8   0.0259207982
2   7   4   6   -0.0235388446
2   7   4   9   0.0360066356
2   7   4   10   0.0125629146
2   7   5   6   -0.0167070281
2   7   5   9   0.0125629146
2   7   5   10   0.0269154838
2   8   1   7   -0.0226364059
2   8   1   8   -0.0097730836
2   8   2   6   -0.0098265564
2   8   2   9   0.0017815782
2   8   2   10   0.0035620777
2   8   3   6   -0.0078062556
2   8   3   9   0.0169661250
2   8   3   10   0.0018741097
2   8   4   7   0.0151139041
2   8   4   8   0.0169097959
2   8   5   7   0.0067303607
2   8   5   8   -0.0008263832
2   9   1   6   -0.0132554469
2   9   1   9   0.0122244535
2   9   1   10   0.0284988908
2   9   2   7   0.0028248838
2   9   2   8   0.0084869252
2   9   3   7   0.0030498464
2   9   3   8   -0.0031825259
2   9   4   6   0.0123450652
2   9   4   9   -0.0204768080
2   9   4   10   -0.0217140637
2   9   5   6   0.0129313863
2   9   5   9   -0.0095334597
2   9   5   10   -0.0022098417
3   6   1   7   -0.0020278200
3   6   1   8   -0.0015680102
3   6   2   6   0.0002393778
3   6   2   9   -0.0004736869
3   6   2   10   0.0001491934
3   6   3   6   0.0014972767
3   6   3   9   -0.0016783840
3   6   3   10   -0.0031425501
3   6   4   7   -0.0000159783
3   6   4   8   0.0000023567
3   6   5   7   0.0004163319
3   6   5   8   0.0000160811
3   7   1   7   -0.0098265564
3   7   1   8   -0.0078062556
3   7   2   6   -0.0226364059
3   7   2   9   0.0151139041
3   7   2   10   0.0067303607
3   7   3   6   -0.0097730836
3   7   3   9   0.0169097959
3   7   3   10   -0.0008263832
3   7   4   7   0.0017815782
3   7   4   8   0.0169661250
3   7   5   7   0.0035620777
3   7   5   8   0.0018741097
3   8   1   6   0.0156285994
3   8   1   9   -0.0197186992
3   8   1   10   -0.0055207266
3   8   2   7   0.0341645341
3   8   2   8   0.0245750490
3   8   3   7   0.0245750490
3   8   3   8   0.0546910898
3   8   4   6   -0.0197186992
3   8   4   9   0.0562712630
3   8   4   10   0.0039793486
3   8   5   6   -0.0055207266
3   8   5   9   0.0039793486
3   8   5   10   0.0102162140
3   9   1   7   0.0050381063
3   9   1   8   0.0101144631
3   9   2   6   0.0121974957
3   9   2   9   -0.0099787840
3   9   2   10   -0.0311566043
3   9   3   6   0.0129921419
3   9   3   9   -0.0159833256
3   9   3   10   -0.0216541429
3   9   4   7   -0.0107622347
3   9   4   8   -0.0339570315
3   9   5   7   -0.0062371500
3   9   5   8   -0.0050440917
4   6   1   6   -0.0011227562
4   6   1   9   0.0012072261
4   6   1   10   0.0025492042
4   6   2   7   0.0014344816
4   6   2   8   0.0014224635
4   6   3   7   0.0031399705
4   6   3   8   0.0027381821
4   6   4   6   0.0010665118
4   6   4   9   -0.0012243297
4   6   4   10   -0.0027073293
4   6   5   6   -0.0017154358
4   6   5   9   0.0017507979
4   6   5   10   0.0025506726
4   7   1   6   -0.0132554469
4   7   1   9   0.0123450652
4   7   1   10   0.0129313863
4   7   2   7   0.0028248838
4   7   2   8   0.0030498464
4   7   3   7   0.0084869252
4   7   3   8   -0.0031825259
4   7   4   6   0.0122244535
4   7   4   9   -0.0204768080
4   7   4   10   -0.0095334597
4   7   5   6   0.0284988908
4   7   5   9   -0.0217140637
4   7   5   10   -0.0022098417
4   8   1   7   0.0121974957
4   8   1   8   0.0129921419
4   8   2   6   0.0050381063
4   8   2   9   -0.0107622347
4   8   2   10   -0.0062371500
4   8   3   6   0.0101144631
4   8   3   9   -0.0339570315
4   8   3   10   -0.0050440917
4   8   4   7   -0.0099787840
4   8   4   8   -0.0159833256
4   8   5   7   -0.0311566043
4   8   5   8   -0.0216541429
4   9   1   6   0.0143866644
4   9   1   9   -0.0101459654
4   9   1   10   -0.0149742266
4   9   2   7   0.0095237900
4   9   2   8   0.0151608071
4   9   3   7   0.0151608071
4   9   3   8   0.0430147315
4   9   4   6   -0.0101459654
4   9   4   9   0.0172848574
4   9   4   10   0.0131574786
4   9   5   6   -0.0149742266
4   9   5   9   0.0131574786
4   9   5   10   0.0636589692
5   10   1   6   0.0114391464
5   10   1   9   -0.0082381665
5   10   1   10   -0.0039759200
5   10   2   7   0.0061742832
5   10   2   8   0.0047588291
5   10   3   7   0.0047588291
5   10   3   8   0.0077218346
5   10   4   6   -0.0082381665
5   10   4   9   0.0210851260
5   10   4   10   -0.0025659042
5   10   5   6   -0.0039759200
5   10   5   9   -0.0025659042
5   10   5   10   0.0125100881

End IJAB Block
Begin ABCD Block
1   6   1   6   0.2664984407
1   6   1   9   -0.0211787529
1   6   1   10   -0.0323732119
1   6   2   7   0.0656042652
1   6   2   8   -0.0000215281
1   6   3   7   -0.0000215281
1   6   3   8   0.0174456225
1   6   4   6   -0.0211787529
1   6   4   9   0.0297004183
1   6   4   10   0.0054737200
1   6   5   6   -0.0323732119
1   6   5   9   0.0054737200
1   6   5   10   0.0335652913
1   7   1   7   0.2534902030
1   7   1   8   0.0242960084
1   7   2   6   0.0656110153
1   7   2   9   -0.0100606595
1   7   2   10   -0.0023538203
1   7   3   6   -0.0000269588
1   7   3   9   -0.0069566938
1   7   3   10   -0.0083364675
1   7   4   7   -0.0233988521
1   7   4   8   -0.0125342422
1   7   5   7   -0.0246302004
1   7   5   8   -0.0152579503
1   8   1   7   0.0242960084
1   8   1   8   0.2840100358
1   8   2   6   -0.0000269588
1   8   2   9   -0.0361974049
1   8   2   10   -0.0312915357
1   8   3   6   0.0174518594
1   8   3   9   -0.0151149263
1   8   3   10   0.0023759714
1   8   4   7   -0.0125349324
1   8   4   8   -0.0496162664
1   8   5   7   -0.0152488306
1   8   5   8   -0.0282537101
1   9   1   6   -0.0211787529
1   9   1   9   0.3003294756
1   9   1   10   0.0055545435
1   9   2   7   -0.0100529682
1   9   2   8   -0.0362035485
1   9   3   7   -0.0069777314
1   9   3   8   -0.0151256149
1   9   4   6   0.0297040673
1   9   4   9   -0.0568554670
1   9   4   10   -0.0124437630
1   9   5   6   0.0054751811
1   9   5   9   -0.0505081588
1   9   5   10   -0.0075263846
1   10   1   6   -0.0323732119
1   10   1   9   0.0055545435
1   10   1   10   0.2658672989
1   10   2   7   -0.0023616278
1   10   2   8   -0.0313085145
1   10   3   7   -0.0083361671
1   10   3   8   0.0023956783
1   10   4   6   0.0054751811
1   10   4   9   -0.0124392264
1   10   4   10   -0.0355098095
1   10   5   6   0.0335856500
1   10   5   9   -0.0075255126
1   10   5   10   -0.0161588790
2   6   1   7   0.0656110153
2   6   1   8   -0.0000269588
2   6   2   6   0.2534902030
2   6   2   9   -0.0233988521
2   6   2   10   -0.0246302004
2   6   3   6   0.0242960084
2   6   3   9   -0.0125342422
2   6   3   10   -0.0152579503
2   6   4   7   -0.0100606595
2   6   4   8   -0.0069566938
2   6   5   7   -0.0023538203
2   6   5   8   -0.0083364675
2   7   1   6   0.0656042652
2   7   1   9   -0.0100529682
2   7   1   10   -0.0023616278
2   7   2   7   0.2587148686
2   7   2   8   0.0195395153
2   7   3   7   0.0195395153
2   7   3   8   0.0183474256
2   7   4   6   -0.0100529682
2   7   4   9   0.0120183564
2   7   4   10   0.0040742747
2   7   5   6   -0.0023616278
2   7   5   9   0.0040742747
2   7   5   10   0.0063822817
2   8   1   6   -0.0000215281
2   8   1   9   -0.0362035485
2   8   1   10   -0.0313085145
2   8   2   7   0.0195395153
2   8   2   8   0.2659956358
2   8   3   7   0.0183863292
2   8   3   8   0.0433813159
2   8   4   6   -0.0069777314
2   8   4   9   0.0178746499
2   8   4   10   0.0086846282
2   8   5   6   -0.0083361671
2   8   5   9   0.0085166830
2   8   5   10   0.0024718836
2   9   1   7   -0.0100606595
2   9   1   8   -0.0361974049
2   9   2   6   -0.0233988521
2   9   2   9   0.2808570337
2   9   2   10   0.0093044397
2   9   3   6   -0.0125349324
2   9   3   9   0.0468548769
2   9   3   10   0.0058952680
2   9   4   7   0.0120542874
2   9   4   8   0.0178854736
2   9   5   7   0.0040489587
2   9   5   8   0.0084957092
2   10   1   7   -0.0023538203
2   10   1   8   -0.0312915357
2   10   2   6   -0.0246302004
2   10   2   9   0.0093044397
2   10   2   10   0.2406851090
2   10   3   6   -0.0152488306
2   10   3   9   0.0058931753
2   10   3   10   0.0338537178
2   10   4   7   0.0040489587
2   10   4   8   0.0086232752
2   10   5   7   0.0063881255
2   10   5   8   0.0024888929
3   6   1   7   -0.0000269588
3   6   1   8   0.0174518594
3   6   2   6   0.0242960084
3   6   2   9   -0.0125349324
3   6   2   10   -0.0152488306
3   6   3   6   0.2840100358
3   6   3   9   -0.0496162664
3   6   3   10   -0.0282537101
3   6   4   7   -0.0361974049
3   6   4   8   -0.0151149263
3   6   5   7   -0.0312915357
3   6   5   8   0.0023759714
3   7   1   6   -0.0000215281
3   7   1   9   -0.0069777314
3   7   1   10   -0.0083361671
3   7   2   7   0.0195395153
3   7   2   8   0.0183863292
3   7   3   7   0.2659956358
3   7   3   8   0.0433813159
3   7   4   6   -0.0362035485
3   7   4   9   0.0178746499
3   7   4   10   0.0085166830
3   7   5   6   -0.0313085145
3   7   5   9   0.0086846282
3   7   5   10   0.0024718836
3   8   1   6   0.0174456225
3   8   1   9   -0.0151256149
3   8   1   10   0.0023956783
3   8   2   7   0.0183474256
3   8   2   8   0.0433813159
3   8   3   7   0.0433813159
3   8   3   8   0.3738089920
3   8   4   6   -0.0151256149
3   8   4   9   0.0506821930
3   8   4   10   0.0234069305
3   8   5   6   0.0023956783
3   8   5   9   0.0234069305
3   8   5   10   0.0319962762
3   9   1   7   -0.0069566938
3   9   1   8   -0.0151149263
3   9   2   6   -0.0125342422
3   9   2   9   0.0468548769
3   9   2   10   0.0058931753
3   9   3   6   -0.0496162664
3   9   3   9   0.3643743064
3   9   3   10   0.0104150722
3   9   4   7   0.0178854736
3   9   4   8   0.0506938590
3   9   5   7   0.0086232752
3   9   5   8   0.0233828357
3   10   1   7   -0.0083364675
3   10   1   8   0.0023759714
3   10   2   6   -0.0152579503
3   10   2   9   0.0058952680
3   10   2   10   0.0338537178
3   10   3   6   -0.0282537101
3   10   3   9   0.0104150722
3   10   3   10   0.3296525582
3   10   4   7   0.0084957092
3   10   4   8   0.0233828357
3   10   5   7   0.0024888929
3   10   5   8   0.0320705830
4   6   1   6   -0.0211787529
4   6   1   9   0.0297040673
4   6   1   10   0.0054751811
4   6   2   7   -0.0100529682
4   6   2   8   -0.0069777314
4   6   3   7   -0.0362035485
4   6   3   8   -0.0151256149
4   6   4   6   0.3003294756
4   6   4   9   -0.0568554670
4   6   4   10   -0.0505081588
4   6   5   6   0.0055545435
4   6   5   9   -0.0124437630
4   6   5   10   -0.0075263846
4   7   1   7   -0.0233988521
4   7   1   8   -0.0125349324
4   7   2   6   -0.0100606595
4   7   2   9   0.0120542874
4   7   2   10   0.0040489587
4   7   3   6   -0.0361974049
4   7   3   9   0.0178854736
4   7   3   10   0.0084957092
4   7   4   7   0.2808570337
4   7   4   8   0.0468548769
4   7   5   7   0.0093044397
4   7   5   8   0.0058952680
4   8   1   7   -0.0125342422
4   8   1   8   -0.0496162664
4   8   2   6   -0.0069566938
4   8   2   9   0.0178854736
4   8   2   10   0.0086232752
4   8   3   6   -0.0151149263
4   8   3   9   0.0506938590
4   8   3   10   0.0233828357
4   8   4   7   0.0468548769
4   8   4   8   0.3643743064
4   8   5   7   0.0058931753
4   8   5   8   0.0104150722
4   9   1   6   0.0297004183
4   9   1   9   -0.0568554670
4   9   1   10   -0.0124392264
4   9   2   7   0.0120183564
4   9   2   8   0.0178746499
4   9   3   7   0.0178746499
4   9   3   8   0.0506821930
4   9   4   6   -0.0568554670
4   9   4   9   0.4099607685
4   9   4   10   0.0150416373
4   9   5   6   -0.0124392264
4   9   5   9   0.0150416373
4   9   5   10   0.0143456873
4   10   1   6   0.0054737200
4   10   1   9   -0.0124437630
4   10   1   10   -0.0355098095
4   10   2   7   0.0040742747
4   10   2   8   0.0086846282
4   10   3   7   0.0085166830
4   10   3   8   0.0234069305
4   10   4   6   -0.0505081588
4   10   4   9   0.0150416373
4   10   4   10   0.3125370648
4   10   5   6   -0.0075255126
4   10   5   9   0.0143545916
4   10   5   10   -0.0007838135
5   6   1   6   -0.0323732119
5   6   1   9   0.0054751811
5   6   1   10   0.0335856500
5   6   2   7   -0.0023616278
5   6   2   8   -0.0083361671
5   6   3   7   -0.0313085145
5   6   3   8   0.0023956783
5   6   4   6   0.0055545435
5   6   4   9   -0.0124392264
5   6   4   10   -0.0075255126
5   6   5   6   0.2658672989
5   6   5   9   -0.0355098095
5   6   5   10   -0.0161588790
5   7   1   7   -0.0246302004
5   7   1   8   -0.0152488306
5   7   2   6   -0.0023538203
5   7   2   9   0.0040489587
5   7   2   10   0.0063881255
5   7   3   6   -0.0312915357
5   7   3   9   0.0086232752
5   7   3   10   0.0024888929
5   7   4   7   0.0093044397
5   7   4   8   0.0058931753
5   7   5   7   0.2406851090
5   7   5   8   0.0338537178
5   8   1   7   -0.0152579503
5   8   1   8   -0.0282537101
5   8   2   6   -0.0083364675
5   8   2   9   0.0084957092
5   8   2   10   0.0024888929
5   8   3   6   0.0023759714
5   8   3   9   0.0233828357
5   8   3   10   0.0320705830
5   8   4   7   0.0058952680
5   8   4   8   0.0104150722
5   8   5   7   0.0338537178
5   8   5   8   0.3296525582
5   9   1   6   0.0054737200
5   9   1   9   -0.0505081588
5   9   1   10   -0.0075255126
5   9   2   7   0.0040742747
5   9   2   8   0.0085166830
5   9   3   7   0.0086846282
5   9   3   8   0.0234069305
5   9   4   6   -0.0124437630
5   9   4   9   0.0150416373
5   9   4   10   0.0143545916
5   9   5   6   -0.0355098095
5   9   5   9   0.3125370648
5   9   5   10   -0.0007838135
5   10   1   6   0.0335652913
5   10   1   9   -0.0075263846
5   10   1   10   -0.0161588790
5   10   2   7   0.0063822817
5   10   2   8   0.0024718836
5   10   3   7   0.0024718836
5   10   3   8   0.0319962762
5   10   4   6   -0.0075263846
5   10   4   9   0.0143456873
5   10   4   10   -0.0007838135
5   10   5   6   -0.0161588790
5   10   5   9   -0.0007838135
5   10   5   10   0.3578938237

End ABCD Block
Begin AIJB Block
1   6   1   6   0.0072972305
1   6   1   9   -0.0071405976
1   6   1   10   -0.0043139977
1   6   2   6   0.0005437562
1   6   2   9   -0.0007389103
1   6   2   10   -0.0044717000
1   6   3   7   -0.0017559379
1   6   3   8   -0.0013359687
1   6   4   6   -0.0008285279
1   6   4   9   0.0008981551
1   6   4   10   0.0022603092
1   7   1   6   0.0005437562
1   7   1   9   -0.0004645639
1   7   1   10   -0.0030444759
1   7   2   6   0.0242347836
1   7   2   9   -0.0212944509
1   7   2   10   -0.0156252791
1   7   3   7   -0.0073676972
1   7   3   8   -0.0064431255
1   7   4   6   -0.0129553498
1   7   4   9   0.0119048827
1   7   4   10   0.0114454283
1   8   1   7   0.0005430408
1   8   1   8   0.0016697794
1   8   2   7   -0.0207078881
1   8   2   8   -0.0090126077
1   8   3   6   0.0139955346
1   8   3   9   -0.0192056770
1   8   3   10   -0.0050220363
1   8   4   7   0.0130206441
1   8   4   8   0.0137109842
1   9   1   6   -0.0008285279
1   9   1   9   0.0008001445
1   9   1   10   -0.0020350764
1   9   2   6   -0.0129553498
1   9   2   9   0.0115757696
1   9   2   10   0.0276401971
1   9   3   7   0.0052318607
1   9   3   8   0.0105411516
1   9   4   6   0.0140002180
1   9   4   9   -0.0098704116
1   9   4   10   -0.0167689816
1   10   5   6   0.0091440350
1   10   5   9   -0.0064675610
1   10   5   10   -0.0036481675
2   6   1   7   0.0042321529
2   6   1   8   0.0035311964
2   6   2   7   0.0034809170
2   6   2   8   0.0028992359
2   6   3   6   0.0005430408
2   6   3   9   -0.0007111761
2   6   3   10   0.0000765455
2   6   4   7   0.0013155570
2   6   4   8   0.0013214910
2   7   1   7   0.0034809170
2   7   1   8   0.0024398073
2   7   2   7   0.0119190461
2   7   2   8   0.0090037260
2   7   3   6   -0.0207078881
2   7   3   9   0.0148643257
2   7   3   10   0.0068983262
2   7   4   7   0.0023590670
2   7   4   8   0.0024673006
2   8   1   6   -0.0017559379
2   8   1   9   -0.0001674253
2   8   1   10   0.0003826939
2   8   2   6   -0.0073676972
2   8   2   9   0.0005144527
2   8   2   10   0.0035184567
2   8   3   7   0.0308804449
2   8   3   8   0.0234979392
2   8   4   6   0.0052318607
2   8   4   9   -0.0104523893
2   8   4   10   -0.0049600689
2   9   1   7   0.0013155570
2   9   1   8   0.0029537170
2   9   2   7   0.0023590670
2   9   2   8   0.0080626384
2   9   3   6   0.0130206441
2   9   3   9   -0.0100491061
2   9   3   10   -0.0312192969
2   9   4   7   0.0075314184
2   9   4   8   0.0138828620
2   10   5   7   0.0042568413
2   10   5   8   0.0035810513
3   6   1   7   0.0035311964
3   6   1   8   0.0029891826
3   6   2   7   0.0024398073
3   6   2   8   0.0022045014
3   6   3   6   0.0016697794
3   6   3   9   -0.0018616677
3   6   3   10   -0.0031196530
3   6   4   7   0.0029537170
3   6   4   8   0.0026652034
3   7   1   7   0.0028992359
3   7   1   8   0.0022045014
3   7   2   7   0.0090037260
3   7   2   8   0.0236655486
3   7   3   6   -0.0090126077
3   7   3   9   0.0168008779
3   7   3   10   -0.0006148640
3   7   4   7   0.0080626384
3   7   4   8   -0.0029192491
3   8   1   6   -0.0013359687
3   8   1   9   -0.0002171753
3   8   1   10   0.0000217339
3   8   2   6   -0.0064431255
3   8   2   9   0.0158649454
3   8   2   10   0.0023311154
3   8   3   7   0.0234979392
3   8   3   8   0.0540168721
3   8   4   6   0.0105411516
3   8   4   9   -0.0343988415
3   8   4   10   -0.0038314093
3   9   1   7   0.0013214910
3   9   1   8   0.0026652034
3   9   2   7   0.0024673006
3   9   2   8   -0.0029192491
3   9   3   6   0.0137109842
3   9   3   9   -0.0164140352
3   9   3   10   -0.0219072495
3   9   4   7   0.0138828620
3   9   4   8   0.0420006750
3   10   5   7   0.0035810513
3   10   5   8   0.0074700222
4   6   1   6   -0.0071405976
4   6   1   9   0.0070573524
4   6   1   10   0.0047684342
4   6   2   6   -0.0004645639
4   6   2   9   0.0007803027
4   6   2   10   0.0041459576
4   6   3   7   -0.0001674253
4   6   3   8   -0.0002171753
4   6   4   6   0.0008001445
4   6   4   9   -0.0008854219
4   6   4   10   -0.0024620101
4   7   1   6   -0.0007389103
4   7   1   9   0.0007803027
4   7   1   10   0.0032563420
4   7   2   6   -0.0212944509
4   7   2   9   0.0333390367
4   7   2   10   0.0114146814
4   7   3   7   0.0005144527
4   7   3   8   0.0158649454
4   7   4   6   0.0115757696
4   7   4   9   -0.0191561580
4   7   4   10   -0.0087814540
4   8   1   7   -0.0007111761
4   8   1   8   -0.0018616677
4   8   2   7   0.0148643257
4   8   2   8   0.0168008779
4   8   3   6   -0.0192056770
4   8   3   9   0.0561765407
4   8   3   10   0.0033036696
4   8   4   7   -0.0100491061
4   8   4   8   -0.0164140352
4   9   1   6   0.0008981551
4   9   1   9   -0.0008854219
4   9   1   10   0.0020006509
4   9   2   6   0.0119048827
4   9   2   9   -0.0191561580
4   9   2   10   -0.0220942888
4   9   3   7   -0.0104523893
4   9   3   8   -0.0343988415
4   9   4   6   -0.0098704116
4   9   4   9   0.0170944332
4   9   4   10   0.0130333488
4   10   5   6   -0.0064675610
4   10   5   9   0.0203460370
4   10   5   10   -0.0039645360
5   6   1   6   -0.0043139977
5   6   1   9   0.0047684342
5   6   1   10   0.0126256184
5   6   2   6   -0.0030444759
5   6   2   9   0.0032563420
5   6   2   10   0.0085587176
5   6   3   7   0.0003826939
5   6   3   8   0.0000217339
5   6   4   6   -0.0020350764
5   6   4   9   0.0020006509
5   6   4   10   0.0023040354
5   7   1   6   -0.0044717000
5   7   1   9   0.0041459576
5   7   1   10   0.0085587176
5   7   2   6   -0.0156252791
5   7   2   9   0.0114146814
5   7   2   10   0.0243355830
5   7   3   7   0.0035184567
5   7   3   8   0.0023311154
5   7   4   6   0.0276401971
5   7   4   9   -0.0220942888
5   7   4   10   -0.0036253557
5   8   1   7   0.0000765455
5   8   1   8   -0.0031196530
5   8   2   7   0.0068983262
5   8   2   8   -0.0006148640
5   8   3   6   -0.0050220363
5   8   3   9   0.0033036696
5   8   3   10   0.0094581629
5   8   4   7   -0.0312192969
5   8   4   8   -0.0219072495
5   9   1   6   0.0022603092
5   9   1   9   -0.0024620101
5   9   1   10   0.0023040354
5   9   2   6   0.0114454283
5   9   2   9   -0.0087814540
5   9   2   10   -0.0036253557
5   9   3   7   -0.0049600689
5   9   3   8   -0.0038314093
5   9   4   6   -0.0167689816
5   9   4   9   0.0130333488
5   9   4   10   0.0629902966
5   10   5   6   -0.0036481675
5   10   5   9   -0.0039645360
5   10   5   10   0.0129222266

1   6   6   1   -0.3555756592
1   6   6   4   0.1145696235
1   6   6   5   0.0943116813
1   6   7   1   0.0012712832
1   6   7   4   -0.0014566733
1   6   7   5   -0.0006671990
1   6   8   2   0.0038764083
1   6   8   3   0.0009171698
1   6   9   1   0.0048622048
1   6   9   4   -0.0037182268
1   6   9   5   -0.0060350273
1   7   6   1   0.0012712832
1   7   6   4   -0.0014449325
1   7   6   5   -0.0006403860
1   7   7   1   -0.3265096138
1   7   7   4   0.0799814312
1   7   7   5   0.0683837080
1   7   8   2   0.0413654117
1   7   8   3   0.0063744960
1   7   9   1   0.0232572303
1   7   9   4   -0.0085434764
1   7   9   5   -0.0330419062
1   8   6   2   0.0038777837
1   8   6   3   0.0009914861
1   8   7   2   0.0413283661
1   8   7   3   0.0065625945
1   8   8   1   -0.3200110499
1   8   8   4   0.0788834912
1   8   8   5   0.0578110223
1   8   9   2   -0.0126303055
1   8   9   3   -0.0103376361
1   9   6   1   0.0048622048
1   9   6   4   -0.0037246377
1   9   6   5   -0.0060477854
1   9   7   1   0.0232572303
1   9   7   4   -0.0085817887
1   9   7   5   -0.0329591881
1   9   8   2   -0.0127619476
1   9   8   3   -0.0104557050
1   9   9   1   -0.3061492526
1   9   9   4   0.0659416619
1   9   9   5   0.0448487947
1   10   10   1   -0.3111030548
1   10   10   4   0.0676393389
1   10   10   5   0.0534142748
2   6   6   2   -0.3300170918
2   6   6   3   -0.1026318687
2   6   7   2   0.0013436334
2   6   7   3   0.0013677181
2   6   8   1   0.0038777837
2   6   8   4   -0.0017235794
2   6   8   5   -0.0002638899
2   6   9   2   0.0014095818
2   6   9   3   -0.0001703541
2   7   6   2   0.0013436334
2   7   6   3   0.0013503584
2   7   7   2   -0.2962430206
2   7   7   3   -0.0697226122
2   7   8   1   0.0413283661
2   7   8   4   -0.0164624885
2   7   8   5   -0.0068366528
2   7   9   2   0.0100529176
2   7   9   3   -0.0001143362
2   8   6   1   0.0038764083
2   8   6   4   -0.0017985862
2   8   6   5   -0.0001891096
2   8   7   1   0.0413654117
2   8   7   4   -0.0166104712
2   8   7   5   -0.0067822955
2   8   8   2   -0.3000871374
2   8   8   3   -0.0690252023
2   8   9   1   -0.0127619476
2   8   9   4   0.0078017642
2   8   9   5   0.0091527137
2   9   6   2   0.0014095818
2   9   6   3   -0.0000971566
2   9   7   2   0.0100529176
2   9   7   3   0.0000913970
2   9   8   1   -0.0126303055
2   9   8   4   0.0079269467
2   9   8   5   0.0088165912
2   9   9   2   -0.2812367061
2   9   9   3   -0.0667515407
2   10   10   2   -0.2834221992
2   10   10   3   -0.0622626873
3   6   6   2   -0.1026318687
3   6   6   3   -0.4582258501
3   6   7   2   0.0013503584
3   6   7   3   0.0011754720
3   6   8   1   0.0009914861
3   6   8   4   -0.0026806754
3   6   8   5   -0.0007235958
3   6   9   2   -0.0000971566
3   6   9   3   0.0001418255
3   7   6   2   0.0013677181
3   7   6   3   0.0011754720
3   7   7   2   -0.0697226122
3   7   7   3   -0.4296483452
3   7   8   1   0.0065625945
3   7   8   4   -0.0453889062
3   7   8   5   -0.0258760936
3   7   9   2   0.0000913970
3   7   9   3   0.0080916417
3   8   6   1   0.0009171698
3   8   6   4   -0.0026653043
3   8   6   5   -0.0005323514
3   8   7   1   0.0063744960
3   8   7   4   -0.0451652277
3   8   7   5   -0.0255962832
3   8   8   2   -0.0690252023
3   8   8   3   -0.4336581947
3   8   9   1   -0.0104557050
3   8   9   4   0.0252231251
3   8   9   5   0.0098858599
3   9   6   2   -0.0001703541
3   9   6   3   0.0001418255
3   9   7   2   -0.0001143362
3   9   7   3   0.0080916417
3   9   8   1   -0.0103376361
3   9   8   4   0.0258088032
3   9   8   5   0.0094604021
3   9   9   2   -0.0667515407
3   9   9   3   -0.4185112209
3   10   10   2   -0.0622626873
3   10   10   3   -0.4014636938
4   6   6   1   0.1145696235
4   6   6   4   -0.4621333305
4   6   6   5   -0.0605302861
4   6   7   1   -0.0014449325
4   6   7   4   0.0009604935
4   6   7   5   0.0010776087
4   6   8   2   -0.0017985862
4   6   8   3   -0.0026653043
4   6   9   1   -0.0037246377
4   6   9   4   0.0068311723
4   6   9   5   0.0044568972
4   7   6   1   -0.0014566733
4   7   6   4   0.0009604935
4   7   6   5   0.0010691280
4   7   7   1   0.0799814312
4   7   7   4   -0.4408061625
4   7   7   5   -0.0261427259
4   7   8   2   -0.0166104712
4   7   8   3   -0.0451652277
4   7   9   1   -0.0085817887
4   7   9   4   0.0449318406
4   7   9   5   0.0143043817
4   8   6   2   -0.0017235794
4   8   6   3   -0.0026806754
4   8   7   2   -0.0164624885
4   8   7   3   -0.0453889062
4   8   8   1   0.0788834912
4   8   8   4   -0.4464070898
4   8   8   5   -0.0222448244
4   8   9   2   0.0079269467
4   8   9   3   0.0258088032
4   9   6   1   -0.0037182268
4   9   6   4   0.0068311723
4   9   6   5   0.0044824451
4   9   7   1   -0.0085434764
4   9   7   4   0.0449318406
4   9   7   5   0.0142528607
4   9   8   2   0.0078017642
4   9   8   3   0.0252231251
4   9   9   1   0.0659416619
4   9   9   4   -0.3954336917
4   9   9   5   -0.0162595644
4   10   10   1   0.0676393389
4   10   10   4   -0.4052388745
4   10   10   5   -0.0132659091
5   6   6   1   0.0943116813
5   6   6   4   -0.0605302861
5   6   6   5   -0.5488296447
5   6   7   1   -0.0006403860
5   6   7   4   0.0010691280
5   6   7   5   0.0047237960
5   6   8   2   -0.0001891096
5   6   8   3   -0.0005323514
5   6   9   1   -0.0060477854
5   6   9   4   0.0044824451
5   6   9   5   0.0006009991
5   7   6   1   -0.0006671990
5   7   6   4   0.0010776087
5   7   6   5   0.0047237960
5   7   7   1   0.0683837080
5   7   7   4   -0.0261427259
5   7   7   5   -0.4297839534
5   7   8   2   -0.0067822955
5   7   8   3   -0.0255962832
5   7   9   1   -0.0329591881
5   7   9   4   0.0142528607
5   7   9   5   -0.0173616575
5   8   6   2   -0.0002638899
5   8   6   3   -0.0007235958
5   8   7   2   -0.0068366528
5   8   7   3   -0.0258760936
5   8   8   1   0.0578110223
5   8   8   4   -0.0222448244
5   8   8   5   -0.3997663725
5   8   9   2   0.0088165912
5   8   9   3   0.0094604021
5   9   6   1   -0.0060350273
5   9   6   4   0.0044568972
5   9   6   5   0.0006009991
5   9   7   1   -0.0330419062
5   9   7   4   0.0143043817
5   9   7   5   -0.0173616575
5   9   8   2   0.0091527137
5   9   8   3   0.0098858599
5   9   9   1   0.0448487947
5   9   9   4   -0.0162595644
5   9   9   5   -0.4405430134
5   10   10   1   0.0534142748
5   10   10   4   -0.0132659091
5   10   10   5   -0.4218173251

End AIJB Block
Begin IJKA Block
1   6   1   6   -0.1257537395
1   6   1   9   0.1194507476
1   6   1   10   -0.0055129317
1   6   2   6   0.0202433927
1   6   2   9   -0.0192807535
1   6   2   10   -0.0020057553
1   6   3   7   -0.0092918711
1   6   3   8   -0.0077502601
1   6   4   6   0.0000254201
1   6   4   9   0.0009714701
1   6   4   10   0.0175771828
1   7   1   6   0.1560610764
1   7   1   9   -0.1288890555
1   7   1   10   -0.0384985980
1   7   2   6   -0.0028446960
1   7   2   9   0.0029445413
1   7   2   10   -0.0014659429
1   7   3   7   -0.0080255457
1   7   3   8   -0.0054709986
1   7   4   6   -0.0077081703
1   7   4   9   0.0072351046
1   7   4   10   0.0126367436
1   8   1   7   -0.1711408611
1   8   1   8   -0.1040231803
1   8   2   7   0.0018217320
1   8   2   8   0.0024498669
1   8   3   6   0.0040088505
1   8   3   9   0.0006411715
1   8   3   10   -0.0011085205
1   8   4   7   0.0004816003
1   8   4   8   -0.0044466382
1   9   1   6   -0.0705756180
1   9   1   9   0.0580397197
1   9   1   10   0.2621037818
1   9   2   6   -0.0005135311
1   9   2   9   0.0001397800
1   9   2   10   -0.0047477138
1   9   3   7   -0.0029179911
1   9   3   8   -0.0068976125
1   9   4   6   0.0031684571
1   9   4   9   -0.0036181927
1   9   4   10   0.0022972972
1   10   5   6   0.0065430778
1   10   5   9   -0.0100634789
1   10   5   10   0.0022236282
2   6   1   6   0.0211931827
2   6   1   9   -0.0200761807
2   6   1   10   -0.0019318307
2   6   2   6   -0.0015537811
2   6   2   9   0.0012057083
2   6   2   10   -0.0070283902
2   6   3   7   -0.0106854775
2   6   3   8   -0.0087418381
2   6   4   6   -0.0074217855
2   6   4   9   0.0077810898
2   6   4   10   0.0168917314
2   7   1   6   -0.0019149829
2   7   1   9   0.0021343045
2   7   1   10   -0.0015466155
2   7   2   6   0.0865220949
2   7   2   9   -0.0553387876
2   7   2   10   -0.0334032549
2   7   3   7   -0.0323282628
2   7   3   8   -0.0038502900
2   7   4   6   -0.0132405774
2   7   4   9   0.0074889505
2   7   4   10   0.0344926014
2   8   1   7   0.0010873054
2   8   1   8   0.0017224226
2   8   2   7   -0.0962304303
2   8   2   8   -0.0226504205
2   8   3   6   0.0029261986
2   8   3   9   0.0478541466
2   8   3   10   -0.0078059859
2   8   4   7   -0.0149511817
2   8   4   8   -0.0524925468
2   9   1   6   -0.0006228667
2   9   1   9   0.0003035637
2   9   1   10   -0.0037276492
2   9   2   6   -0.0430316864
2   9   2   9   0.0256905794
2   9   2   10   0.1243251023
2   9   3   7   -0.0160314955
2   9   3   8   -0.0581225620
2   9   4   6   -0.0016070891
2   9   4   9   -0.0019439182
2   9   4   10   0.0224473942
2   10   5   6   0.0179897008
2   10   5   9   -0.0423882592
2   10   5   10   0.0118981630
3   6   1   7   -0.0100482547
3   6   1   8   -0.0084999581
3   6   2   7   -0.0107917469
3   6   2   8   -0.0088756238
3   6   3   6   -0.0005074373
3   6   3   9   0.0009281835
3   6   3   10   -0.0036577684
3   6   4   7   -0.0016917554
3   6   4   8   -0.0020462197
3   7   1   7   -0.0079533846
3   7   1   8   -0.0056339353
3   7   2   7   -0.0315481038
3   7   2   8   -0.0037695122
3   7   3   6   0.0652925838
3   7   3   9   -0.0204889084
3   7   3   10   -0.0232392715
3   7   4   7   -0.0055617120
3   7   4   8   -0.0250137076
3   8   1   6   0.0038035649
3   8   1   9   0.0003816648
3   8   1   10   -0.0009797253
3   8   2   6   0.0019162345
3   8   2   9   0.0478911576
3   8   2   10   -0.0075383760
3   8   3   7   -0.0856878978
3   8   3   8   -0.0116447670
3   8   4   6   0.0031010331
3   8   4   9   -0.0171580174
3   8   4   10   0.0049737808
3   9   1   7   -0.0027664432
3   9   1   8   -0.0062970020
3   9   2   7   -0.0157260039
3   9   2   8   -0.0566185629
3   9   3   6   -0.0290739124
3   9   3   9   0.0066471391
3   9   3   10   0.0966982561
3   9   4   7   -0.0054892846
3   9   4   8   0.0031570049
3   10   5   7   -0.0087569013
3   10   5   8   -0.0087681973
4   6   1   6   -0.0000239971
4   6   1   9   0.0011983945
4   6   1   10   0.0187465368
4   6   2   6   -0.0074671451
4   6   2   9   0.0078372946
4   6   2   10   0.0169217297
4   6   3   7   -0.0016507276
4   6   3   8   -0.0019835361
4   6   4   6   -0.0058603092
4   6   4   9   0.0058890445
4   6   4   10   0.0086455976
4   7   1   6   -0.0072446031
4   7   1   9   0.0069002928
4   7   1   10   0.0121444234
4   7   2   6   -0.0128848154
4   7   2   9   0.0073063189
4   7   2   10   0.0337663653
4   7   3   7   -0.0054867031
4   7   3   8   -0.0248982945
4   7   4   6   0.0596333112
4   7   4   9   -0.0395251921
4   7   4   10   0.0004848446
4   8   1   7   0.0004807313
4   8   1   8   -0.0039183263
4   8   2   7   -0.0144580243
4   8   2   8   -0.0505718403
4   8   3   6   0.0027988096
4   8   3   9   -0.0164975391
4   8   3   10   0.0056214105
4   8   4   7   -0.0838166337
4   8   4   8   -0.0390079685
4   9   1   6   0.0028190606
4   9   1   9   -0.0032219478
4   9   1   10   0.0022689159
4   9   2   6   -0.0011903589
4   9   2   9   -0.0020120173
4   9   2   10   0.0218877776
4   9   3   7   -0.0056450823
4   9   3   8   0.0028830642
4   9   4   6   -0.0410750926
4   9   4   9   0.0250064490
4   9   4   10   0.1309089801
4   10   5   6   -0.0004785959
4   10   5   9   -0.0048707402
4   10   5   10   0.0137792158
5   6   5   6   -0.0022697681
5   6   5   9   0.0016639796
5   6   5   10   -0.0007186077
5   7   5   6   0.0783872387
5   7   5   9   -0.0651860554
5   7   5   10   -0.0131973908
5   8   5   7   -0.0914333037
5   8   5   8   -0.0430137090
5   9   5   6   -0.0389415353
5   9   5   9   0.0232151443
5   9   5   10   0.1215423438
5   10   1   6   0.0060013179
5   10   1   9   -0.0091032243
5   10   1   10   0.0021928345
5   10   2   6   0.0168509849
5   10   2   9   -0.0394380565
5   10   2   10   0.0110440086
5   10   3   7   -0.0081706615
5   10   3   8   -0.0083948218
5   10   4   6   -0.0001489406
5   10   4   9   -0.0041091594
5   10   4   10   0.0126398143

End IJKA Block
Begin IABC Block
1   6   1   6   0.0005566242
1   6   1   9   -0.0002843647
1   6   1   10   -0.0010369712
1   6   2   7   0.0016357676
1   6   2   8   0.0003931355
1   6   3   7   0.0013014201
1   6   3   8   0.0002815487
1   6   4   6   -0.0006644822
1   6   4   9   0.0003716664
1   6   4   10   0.0011685266
1   6   5   6   -0.0029239277
1   6   5   9   0.0021837504
1   6   5   10   0.0038109867
1   7   1   7   -0.0001270126
1   7   1   8   -0.0004453223
1   7   2   6   0.0016412877
1   7   2   9   -0.0007353172
1   7   2   10   -0.0000633558
1   7   3   6   0.0013040440
1   7   3   9   -0.0005596939
1   7   3   10   0.0000820280
1   7   4   7   0.0001828313
1   7   4   8   0.0005035675
1   7   5   7   -0.0006762079
1   7   5   8   0.0003371768
1   8   1   7   -0.0004322343
1   8   1   8   -0.0003165834
1   8   2   6   0.0004094003
1   8   2   9   -0.0011062707
1   8   2   10   -0.0002312280
1   8   3   6   0.0002814691
1   8   3   9   -0.0008235927
1   8   3   10   -0.0000973602
1   8   4   7   0.0004954005
1   8   4   8   0.0004100685
1   8   5   7   0.0003133363
1   8   5   8   0.0001054851
1   9   1   6   -0.0002858456
1   9   1   9   0.0010620918
1   9   1   10   0.0005891236
1   9   2   7   -0.0007449895
1   9   2   8   -0.0011016491
1   9   3   7   -0.0005656854
1   9   3   8   -0.0008283186
1   9   4   6   0.0003613927
1   9   4   9   -0.0011696446
1   9   4   10   -0.0006791172
1   9   5   6   0.0021838291
1   9   5   9   -0.0042293568
1   9   5   10   -0.0027487788
1   10   1   6   -0.0010442115
1   10   1   9   0.0005964262
1   10   1   10   -0.0013019799
1   10   2   7   -0.0000491808
1   10   2   8   -0.0001980246
1   10   3   7   0.0000936873
1   10   3   8   -0.0000751074
1   10   4   6   0.0011790159
1   10   4   9   -0.0006947637
1   10   4   10   0.0012205755
1   10   5   6   0.0038146876
1   10   5   9   -0.0027617072
1   10   5   10   0.0004059528
2   6   1   6   0.0110202106
2   6   1   9   -0.0105103252
2   6   1   10   -0.0112941449
2   6   2   7   -0.0008586855
2   6   2   8   -0.0009637171
2   6   3   7   -0.0065378342
2   6   3   8   -0.0103580747
2   6   4   6   -0.0051445681
2   6   4   9   -0.0016711326
2   6   4   10   0.0099958135
2   6   5   6   -0.0045220972
2   6   5   9   0.0087020250
2   6   5   10   0.0035926265
2   7   1   7   0.0073370408
2   7   1   8   0.0063701704
2   7   2   6   -0.0007742721
2   7   2   9   0.0000221450
2   7   2   10   0.0003944537
2   7   3   6   -0.0065249645
2   7   3   9   0.0052972879
2   7   3   10   0.0058251987
2   7   4   7   0.0014488185
2   7   4   8   -0.0007993265
2   7   5   7   0.0001396170
2   7   5   8   0.0017655623
2   8   1   7   0.0064141029
2   8   1   8   0.0145518986
2   8   2   6   -0.0009182377
2   8   2   9   0.0016060298
2   8   2   10   0.0019532156
2   8   3   6   -0.0108944254
2   8   3   9   0.0206364430
2   8   3   10   0.0052323191
2   8   4   7   -0.0006463463
2   8   4   8   0.0083626931
2   8   5   7   0.0019773126
2   8   5   8   -0.0021124151
2   9   1   6   -0.0105183590
2   9   1   9   0.0182634873
2   9   1   10   0.0080765519
2   9   2   7   0.0000509541
2   9   2   8   0.0016841798
2   9   3   7   0.0055647524
2   9   3   8   0.0205313871
2   9   4   6   -0.0022661051
2   9   4   9   0.0098191224
2   9   4   10   -0.0020511063
2   9   5   6   0.0087508136
2   9   5   9   -0.0076083986
2   9   5   10   -0.0075071009
2   10   1   6   -0.0110690161
2   10   1   9   0.0080654134
2   10   1   10   0.0259125535
2   10   2   7   0.0004955905
2   10   2   8   0.0019903517
2   10   3   7   0.0059437427
2   10   3   8   0.0049684283
2   10   4   6   0.0099986598
2   10   4   9   -0.0024056075
2   10   4   10   -0.0194847970
2   10   5   6   0.0037210390
2   10   5   9   -0.0075958274
2   10   5   10   -0.0078243672
3   6   1   7   0.0184288143
3   6   1   8   0.0004756375
3   6   2   6   -0.0080111269
3   6   2   9   0.0081798669
3   6   2   10   0.0042425888
3   6   3   6   0.0131865951
3   6   3   9   -0.0047030811
3   6   3   10   -0.0182367724
3   6   4   7   -0.0319073752
3   6   4   8   -0.0075741129
3   6   5   7   -0.0019322017
3   6   5   8   -0.0056387923
3   7   1   6   0.0182470585
3   7   1   9   -0.0051419897
3   7   1   10   -0.0007013104
3   7   2   7   -0.0058925608
3   7   2   8   -0.0100898879
3   7   3   7   0.0087280141
3   7   3   8   0.0040235415
3   7   4   6   -0.0316656938
3   7   4   9   0.0156759248
3   7   4   10   0.0047047655
3   7   5   6   -0.0020612585
3   7   5   9   0.0012481962
3   7   5   10   0.0006127530
3   8   1   6   0.0007478874
3   8   1   9   -0.0154346340
3   8   1   10   -0.0142441748
3   8   2   7   -0.0099224680
3   8   2   8   -0.0247591236
3   8   3   7   0.0050702335
3   8   3   8   0.0154342816
3   8   4   6   -0.0083034710
3   8   4   9   0.0441372540
3   8   4   10   0.0249847546
3   8   5   6   -0.0061183086
3   8   5   9   0.0058847654
3   8   5   10   -0.0010609259
3   9   1   7   -0.0056253423
3   9   1   8   -0.0152382512
3   9   2   6   0.0080222535
3   9   2   9   -0.0159533745
3   9   2   10   -0.0019173103
3   9   3   6   -0.0049816690
3   9   3   9   0.0387199236
3   9   3   10   0.0077464546
3   9   4   7   0.0171031544
3   9   4   8   0.0440310528
3   9   5   7   0.0011852787
3   9   5   8   0.0054956771
3   10   1   7   -0.0005167516
3   10   1   8   -0.0134961778
3   10   2   6   0.0041434377
3   10   2   9   -0.0020765260
3   10   2   10   -0.0368651434
3   10   3   6   -0.0179680156
3   10   3   9   0.0073156022
3   10   3   10   -0.0168207466
3   10   4   7   0.0043091794
3   10   4   8   0.0236611102
3   10   5   7   0.0007136657
3   10   5   8   -0.0011404226
4   6   1   6   0.0010239907
4   6   1   9   0.0068587700
4   6   1   10   -0.0036269728
4   6   2   7   0.0119804092
4   6   2   8   0.0017527600
4   6   3   7   0.0259960735
4   6   3   8   0.0032806369
4   6   4   6   0.0010212432
4   6   4   9   0.0039936818
4   6   4   10   -0.0029832915
4   6   5   6   0.0143582278
4   6   5   9   -0.0152861483
4   6   5   10   -0.0140025643
4   7   1   7   0.0038969783
4   7   1   8   0.0003320050
4   7   2   6   0.0120391879
4   7   2   9   -0.0028803235
4   7   2   10   -0.0002065397
4   7   3   6   0.0260138228
4   7   3   9   -0.0093710384
4   7   3   10   -0.0030905416
4   7   4   7   -0.0042477713
4   7   4   8   -0.0015614855
4   7   5   7   0.0152442969
4   7   5   8   0.0115044005
4   8   1   7   0.0005391144
4   8   1   8   -0.0064603947
4   8   2   6   0.0020277751
4   8   2   9   -0.0089597625
4   8   2   10   -0.0065793874
4   8   3   6   0.0038162573
4   8   3   9   -0.0297059523
4   8   3   10   -0.0237300495
4   8   4   7   -0.0017709532
4   8   4   8   -0.0093216634
4   8   5   7   0.0115445435
4   8   5   8   0.0251506510
4   9   1   6   0.0068285845
4   9   1   9   0.0002355324
4   9   1   10   -0.0026424756
4   9   2   7   -0.0030416474
4   9   2   8   -0.0089599298
4   9   3   7   -0.0098316956
4   9   3   8   -0.0296793971
4   9   4   6   0.0042268945
4   9   4   9   -0.0139996076
4   9   4   10   -0.0015170237
4   9   5   6   -0.0152676401
4   9   5   9   0.0276005615
4   9   5   10   0.0113059479
4   10   1   6   -0.0034491339
4   10   1   9   -0.0027369515
4   10   1   10   -0.0224701358
4   10   2   7   -0.0000547105
4   10   2   8   -0.0062231159
4   10   3   7   -0.0027408855
4   10   3   8   -0.0224114378
4   10   4   6   -0.0030095163
4   10   4   9   -0.0010556330
4   10   4   10   0.0144068233
4   10   5   6   -0.0136601366
4   10   5   9   0.0111243351
4   10   5   10   0.0406971608

End IABC Block
