Begin IJ Block
1   1   -1.9140062088
2   2   -1.7791025550
2   3   -0.0000000143
3   3   -1.7740085075

End IJ Block
Begin IA Block
1   3   0.0023464138

End IA Block
Begin AB Block
1   1   -1.3831020196
1   2   -0.0000000273
2   2   -1.3930546274
3   3   -0.9469176800
4   4   -0.8571972579
4   5   0.0000000698
5   5   -0.8342557641

End AB Block
Begin IJKL Block
1   4   1   4   0.2906963072
1   4   2   5   0.0023499077
1   4   2   6   -0.0000000045
1   4   3   5   -0.0000000045
1   4   3   6   0.0039386478
1   5   1   5   0.2740649530
1   5   1   6   0.0000000058
1   5   2   4   0.0043799629
1   5   3   4   -0.0000000028
1   6   1   5   0.0000000058
1   6   1   6   0.2719784724
1   6   2   4   -0.0000000028
1   6   3   4   0.0053713224
2   4   1   5   0.0043799629
2   4   1   6   -0.0000000028
2   4   2   4   0.2740649530
2   4   3   4   0.0000000058
2   5   1   4   0.0023499077
2   5   2   5   0.3150387476
2   5   2   6   -0.0000000000
2   5   3   5   -0.0000000000
2   5   3   6   0.0191464220
2   6   1   4   -0.0000000045
2   6   2   5   -0.0000000000
2   6   2   6   0.2732042054
2   6   3   5   0.0226947475
2   6   3   6   -0.0000000000
3   4   1   5   -0.0000000028
3   4   1   6   0.0053713224
3   4   2   4   0.0000000058
3   4   3   4   0.2719784724
3   5   1   4   -0.0000000045
3   5   2   5   -0.0000000000
3   5   2   6   0.0226947475
3   5   3   5   0.2732042054
3   5   3   6   -0.0000000000
3   6   1   4   0.0039386478
3   6   2   5   0.0191464220
3   6   2   6   -0.0000000000
3   6   3   5   -0.0000000000
3   6   3   6   0.3150495040

End IJKL Block
Begin IJAB Block
1   4   1   6   0.0037477667
1   4   1   7   0.0000000031
1   4   2   6   0.0000000031
1   4   2   7   0.0048856242
1   4   3   8   0.0077512476
1   4   4   9   0.0082432816
1   4   4   10   -0.0000000116
1   4   5   9   -0.0000000116
1   4   5   10   0.0044308708
1   5   1   9   -0.0000000006
1   5   1   10   0.0009891714
1   5   2   9   -0.0027424789
1   5   2   10   0.0000000045
1   5   4   6   -0.0000000020
1   5   4   7   -0.0056834279
1   5   5   6   0.0030632332
1   5   5   7   0.0000000057
1   6   1   9   -0.0014053270
1   6   1   10   0.0000000081
1   6   2   9   -0.0000000027
1   6   2   10   0.0003845716
1   6   4   6   -0.0015170466
1   6   4   7   -0.0000000083
1   6   5   6   0.0000000164
1   6   5   7   0.0011488233
2   4   1   9   -0.0000000020
2   4   1   10   0.0030632332
2   4   2   9   -0.0056834279
2   4   2   10   0.0000000057
2   4   4   6   -0.0000000006
2   4   4   7   -0.0027424789
2   4   5   6   0.0009891714
2   4   5   7   0.0000000045
2   5   1   6   0.0330315363
2   5   1   7   -0.0000000015
2   5   2   6   -0.0000000015
2   5   2   7   0.0594003230
2   5   3   8   0.0020732995
2   5   4   9   0.0021980489
2   5   4   10   -0.0000000004
2   5   5   9   -0.0000000004
2   5   5   10   0.0006579771
2   6   1   6   -0.0000000014
2   6   1   7   0.0355431115
2   6   2   6   -0.0092062372
2   6   2   7   0.0000000017
2   6   3   8   -0.0000000000
2   6   4   9   -0.0000000004
2   6   4   10   -0.0009075182
2   6   5   9   -0.0006297073
2   6   5   10   0.0000000003
3   4   1   9   -0.0015170466
3   4   1   10   0.0000000164
3   4   2   9   -0.0000000083
3   4   2   10   0.0011488233
3   4   4   6   -0.0014053270
3   4   4   7   -0.0000000027
3   4   5   6   0.0000000081
3   4   5   7   0.0003845716
3   5   1   6   -0.0000000014
3   5   1   7   -0.0092062372
3   5   2   6   0.0355431115
3   5   2   7   0.0000000017
3   5   3   8   -0.0000000000
3   5   4   9   -0.0000000004
3   5   4   10   -0.0006297073
3   5   5   9   -0.0009075182
3   5   5   10   0.0000000003
3   6   1   6   0.0593276845
3   6   1   7   0.0000000016
3   6   2   6   0.0000000016
3   6   2   7   0.0330231867
3   6   3   8   0.0020824447
3   6   4   9   0.0006821578
3   6   4   10   0.0000000003
3   6   5   9   0.0000000003
3   6   5   10   0.0022119558

End IJAB Block
Begin ABCD Block
1   6   1   6   0.2809184200
1   6   1   7   0.0000000000
1   6   2   6   0.0000000000
1   6   2   7   0.0101818211
1   6   3   8   0.0013439421
1   6   4   9   0.0006365592
1   6   4   10   0.0000000002
1   6   5   9   0.0000000002
1   6   5   10   0.0014159119
1   7   1   6   0.0000000000
1   7   1   7   0.2572901676
1   7   2   6   0.0134530201
1   7   2   7   0.0000000000
1   7   3   8   0.0000000000
1   7   4   9   -0.0000000002
1   7   4   10   -0.0005029781
1   7   5   9   -0.0002939951
1   7   5   10   0.0000000003
1   8   1   8   0.1862239135
1   8   2   8   -0.0000000000
1   8   3   6   0.0018416371
1   8   3   7   0.0000000000
1   9   1   9   0.1708633326
1   9   1   10   0.0000000031
1   9   2   9   -0.0000000031
1   9   2   10   -0.0052568706
1   9   4   6   0.0009179993
1   9   4   7   -0.0000000003
1   9   5   6   0.0000000002
1   9   5   7   -0.0003693643
1   10   1   9   0.0000000031
1   10   1   10   0.1814323863
1   10   2   9   -0.0053382703
1   10   2   10   0.0000000032
1   10   4   6   0.0000000002
1   10   4   7   -0.0006216424
1   10   5   6   0.0018887527
1   10   5   7   0.0000000003
2   6   1   6   0.0000000000
2   6   1   7   0.0134530201
2   6   2   6   0.2572901676
2   6   2   7   0.0000000000
2   6   3   8   0.0000000000
2   6   4   9   -0.0000000002
2   6   4   10   -0.0002939951
2   6   5   9   -0.0005029781
2   6   5   10   0.0000000003
2   7   1   6   0.0101818211
2   7   1   7   0.0000000000
2   7   2   6   0.0000000000
2   7   2   7   0.2809311793
2   7   3   8   0.0013565280
2   7   4   9   0.0014474985
2   7   4   10   -0.0000000003
2   7   5   9   -0.0000000003
2   7   5   10   0.0006249703
2   8   1   8   -0.0000000000
2   8   2   8   0.1862234625
2   8   3   6   0.0000000000
2   8   3   7   0.0018425305
2   9   1   9   -0.0000000031
2   9   1   10   -0.0053382703
2   9   2   9   0.1814705461
2   9   2   10   -0.0000000032
2   9   4   6   -0.0000000003
2   9   4   7   0.0019245788
2   9   5   6   -0.0006216424
2   9   5   7   -0.0000000004
2   10   1   9   -0.0052568706
2   10   1   10   0.0000000032
2   10   2   9   -0.0000000032
2   10   2   10   0.1708554388
2   10   4   6   -0.0003693643
2   10   4   7   -0.0000000004
2   10   5   6   0.0000000003
2   10   5   7   0.0009124214
3   6   1   8   0.0018416371
3   6   2   8   0.0000000000
3   6   3   6   0.1862239135
3   6   3   7   -0.0000000000
3   7   1   8   0.0000000000
3   7   2   8   0.0018425305
3   7   3   6   -0.0000000000
3   7   3   7   0.1862234625
3   8   1   6   0.0013439421
3   8   1   7   0.0000000000
3   8   2   6   0.0000000000
3   8   2   7   0.0013565280
3   8   3   8   0.1713963785
3   8   4   9   0.0554575899
3   8   4   10   -0.0000000001
3   8   5   9   -0.0000000001
3   8   5   10   0.0554305621
3   9   3   9   0.1673975222
3   9   3   10   -0.0000000000
3   9   4   8   0.0554914544
3   9   5   8   0.0000000000
3   10   3   9   -0.0000000000
3   10   3   10   0.1673963588
3   10   4   8   0.0000000000
3   10   5   8   0.0554949162
4   6   1   9   0.0009179993
4   6   1   10   0.0000000002
4   6   2   9   -0.0000000003
4   6   2   10   -0.0003693643
4   6   4   6   0.1708633326
4   6   4   7   -0.0000000031
4   6   5   6   0.0000000031
4   6   5   7   -0.0052568706
4   7   1   9   -0.0000000003
4   7   1   10   -0.0006216424
4   7   2   9   0.0019245788
4   7   2   10   -0.0000000004
4   7   4   6   -0.0000000031
4   7   4   7   0.1814705461
4   7   5   6   -0.0053382703
4   7   5   7   -0.0000000032
4   8   3   9   0.0554914544
4   8   3   10   0.0000000000
4   8   4   8   0.1673975222
4   8   5   8   -0.0000000000
4   9   1   6   0.0006365592
4   9   1   7   -0.0000000002
4   9   2   6   -0.0000000002
4   9   2   7   0.0014474985
4   9   3   8   0.0554575899
4   9   4   9   0.1816127291
4   9   4   10   -0.0000000001
4   9   5   9   -0.0000000001
4   9   5   10   0.0167677150
4   10   1   6   0.0000000002
4   10   1   7   -0.0005029781
4   10   2   6   -0.0002939951
4   10   2   7   -0.0000000003
4   10   3   8   -0.0000000001
4   10   4   9   -0.0000000001
4   10   4   10   0.1480472552
4   10   5   9   0.0167735763
4   10   5   10   -0.0000000000
5   6   1   9   0.0000000002
5   6   1   10   0.0018887527
5   6   2   9   -0.0006216424
5   6   2   10   0.0000000003
5   6   4   6   0.0000000031
5   6   4   7   -0.0053382703
5   6   5   6   0.1814323863
5   6   5   7   0.0000000032
5   7   1   9   -0.0003693643
5   7   1   10   0.0000000003
5   7   2   9   -0.0000000004
5   7   2   10   0.0009124214
5   7   4   6   -0.0052568706
5   7   4   7   -0.0000000032
5   7   5   6   0.0000000032
5   7   5   7   0.1708554388
5   8   3   9   0.0000000000
5   8   3   10   0.0554949162
5   8   4   8   -0.0000000000
5   8   5   8   0.1673963588
5   9   1   6   0.0000000002
5   9   1   7   -0.0002939951
5   9   2   6   -0.0005029781
5   9   2   7   -0.0000000003
5   9   3   8   -0.0000000001
5   9   4   9   -0.0000000001
5   9   4   10   0.0167735763
5   9   5   9   0.1480472552
5   9   5   10   -0.0000000000
5   10   1   6   0.0014159119
5   10   1   7   0.0000000003
5   10   2   6   0.0000000003
5   10   2   7   0.0006249703
5   10   3   8   0.0554305621
5   10   4   9   0.0167677150
5   10   4   10   -0.0000000000
5   10   5   9   -0.0000000000
5   10   5   10   0.1815678474

End ABCD Block
Begin AIJB Block
1   4   1   6   0.0043852239
1   4   1   7   0.0000000052
1   4   2   9   -0.0000000028
1   4   2   10   0.0027497848
1   4   3   9   -0.0010587128
1   4   3   10   0.0000000146
1   5   1   9   -0.0000000003
1   5   1   10   0.0006782781
1   5   2   6   0.0390320375
1   5   2   7   -0.0000000010
1   5   3   6   -0.0000000009
1   5   3   7   -0.0128160896
1   6   1   9   -0.0005601619
1   6   1   10   0.0000000041
1   6   2   6   -0.0000000009
1   6   2   7   0.0299595600
1   6   3   6   0.0561414915
1   6   3   7   0.0000000011
2   4   1   6   0.0000000052
2   4   1   7   0.0062777059
2   4   2   9   -0.0051561021
2   4   2   10   0.0000000044
2   4   3   9   -0.0000000075
2   4   3   10   0.0013352638
2   5   1   9   -0.0014221778
2   5   1   10   0.0000000019
2   5   2   6   -0.0000000010
2   5   2   7   0.0561931412
2   5   3   6   0.0299595600
2   5   3   7   0.0000000011
2   6   1   9   -0.0000000019
2   6   1   10   0.0001855341
2   6   2   6   -0.0128160896
2   6   2   7   0.0000000011
2   6   3   6   0.0000000011
2   6   3   7   0.0390152718
3   4   1   8   0.0061581922
3   5   2   8   0.0020722514
3   6   3   8   0.0020723153
4   4   1   9   0.0067583104
4   4   1   10   -0.0000000097
4   4   2   6   -0.0000000003
4   4   2   7   -0.0014221778
4   4   3   6   -0.0005601619
4   4   3   7   -0.0000000019
4   5   1   6   -0.0000000028
4   5   1   7   -0.0051561021
4   5   2   9   0.0022527630
4   5   2   10   -0.0000000003
4   5   3   9   -0.0000000004
4   5   3   10   -0.0006720755
4   6   1   6   -0.0010587128
4   6   1   7   -0.0000000075
4   6   2   9   -0.0000000004
4   6   2   10   -0.0009039777
4   6   3   9   0.0006899969
4   6   3   10   0.0000000004
5   4   1   9   -0.0000000097
5   4   1   10   0.0035728601
5   4   2   6   0.0006782781
5   4   2   7   0.0000000019
5   4   3   6   0.0000000041
5   4   3   7   0.0001855341
5   5   1   6   0.0027497848
5   5   1   7   0.0000000044
5   5   2   9   -0.0000000003
5   5   2   10   0.0006871312
5   5   3   9   -0.0009039777
5   5   3   10   0.0000000003
5   6   1   6   0.0000000146
5   6   1   7   0.0013352638
5   6   2   9   -0.0006720755
5   6   2   10   0.0000000003
5   6   3   9   0.0000000004
5   6   3   10   0.0022738995

1   4   4   1   -0.2611111306
1   4   4   2   -0.0000000162
1   4   5   4   0.0000000001
1   4   5   5   -0.0007112579
1   4   6   4   0.0004840108
1   4   6   5   -0.0000000038
1   5   4   4   -0.0000000000
1   5   4   5   -0.0007668351
1   5   5   1   -0.2699386758
1   5   5   2   0.0000000016
1   5   6   1   0.0000000016
1   5   6   2   -0.0145415863
1   6   4   4   0.0003654432
1   6   4   5   -0.0000000035
1   6   5   1   0.0000000016
1   6   5   2   -0.0124126131
1   6   6   1   -0.2968942091
1   6   6   2   -0.0000000016
2   4   4   1   -0.0000000162
2   4   4   2   -0.2670277159
2   4   5   4   0.0013105574
2   4   5   5   -0.0000000017
2   4   6   4   0.0000000020
2   4   6   5   -0.0001170448
2   5   4   4   0.0012084272
2   5   4   5   -0.0000000013
2   5   5   1   0.0000000016
2   5   5   2   -0.2968937100
2   5   6   1   -0.0124126131
2   5   6   2   -0.0000000016
2   6   4   4   0.0000000021
2   6   4   5   -0.0000813622
2   6   5   1   -0.0145415863
2   6   5   2   -0.0000000016
2   6   6   1   -0.0000000016
2   6   6   2   -0.2699409071
3   4   4   3   -0.1957250383
3   5   5   3   -0.1899435680
3   5   6   3   -0.0000000000
3   6   5   3   -0.0000000000
3   6   6   3   -0.1899429964
4   4   4   4   -0.1918200002
4   4   4   5   0.0000000397
4   4   5   1   -0.0000000000
4   4   5   2   0.0012084272
4   4   6   1   0.0003654432
4   4   6   2   0.0000000021
4   5   4   1   0.0000000001
4   5   4   2   0.0013105574
4   5   5   4   -0.1866348543
4   5   5   5   0.0000000039
4   5   6   4   0.0000000040
4   5   6   5   0.0082893236
4   6   4   1   0.0004840108
4   6   4   2   0.0000000020
4   6   5   4   0.0000000040
4   6   5   5   0.0082177763
4   6   6   4   -0.1701490934
4   6   6   5   -0.0000000040
5   4   4   4   0.0000000397
5   4   4   5   -0.1787821838
5   4   5   1   -0.0007668351
5   4   5   2   -0.0000000013
5   4   6   1   -0.0000000035
5   4   6   2   -0.0000813622
5   5   4   1   -0.0007112579
5   5   4   2   -0.0000000017
5   5   5   4   0.0000000039
5   5   5   5   -0.1701406007
5   5   6   4   0.0082177763
5   5   6   5   -0.0000000039
5   6   4   1   -0.0000000038
5   6   4   2   -0.0001170448
5   6   5   4   0.0082893236
5   6   5   5   -0.0000000039
5   6   6   4   -0.0000000040
5   6   6   5   -0.1866676187

End AIJB Block
Begin IJKA Block
1   4   1   8   -0.0023475738
1   5   2   8   0.0001682961
1   5   3   8   -0.0000000005
1   6   2   8   -0.0000000005
1   6   3   8   -0.0001685044
2   4   2   8   -0.0007494449
2   4   3   8   0.0000000020
2   5   1   8   -0.0000200935
2   6   1   8   0.0000000001
3   4   2   8   0.0000000020
3   4   3   8   0.0007499076
3   5   1   8   0.0000000001
3   6   1   8   0.0000202561

End IJKA Block
Begin IABC Block
1   6   1   8   -0.0010132324
1   6   2   8   -0.0000000029
1   6   3   6   -0.0007051146
1   6   3   7   -0.0000000020
1   7   1   8   -0.0000000029
1   7   2   8   0.0010147889
1   7   3   6   -0.0000000020
1   7   3   7   0.0007065058
1   8   1   6   -0.0009978331
1   8   1   7   -0.0000000028
1   8   2   6   -0.0000000028
1   8   2   7   0.0009740692
1   8   3   8   -0.0000165851
1   8   4   9   -0.0047528727
1   8   4   10   -0.0000000108
1   8   5   9   -0.0000000106
1   8   5   10   0.0047500027
1   9   3   9   -0.0056436709
1   9   3   10   -0.0000000128
1   9   4   8   -0.0047057046
1   9   5   8   -0.0000000106
1   10   3   9   -0.0000000127
1   10   3   10   0.0056600870
1   10   4   8   -0.0000000106
1   10   5   8   0.0047054936
2   6   3   9   -0.0000000003
2   6   3   10   -0.0009554988
2   6   4   8   -0.0000000002
2   6   5   8   -0.0008522093
2   7   3   9   -0.0009527326
2   7   3   10   0.0000000002
2   7   4   8   -0.0008515016
2   7   5   8   0.0000000002
2   8   1   9   -0.0000000064
2   8   1   10   -0.0256763662
2   8   2   9   -0.0256666827
2   8   2   10   0.0000000064
2   8   4   6   -0.0000000002
2   8   4   7   -0.0009867440
2   8   5   6   -0.0009755182
2   8   5   7   0.0000000002
2   9   1   8   -0.0000000064
2   9   2   8   -0.0256017779
2   9   3   6   -0.0000000003
2   9   3   7   -0.0011384490
2   10   1   8   -0.0256068516
2   10   2   8   0.0000000064
2   10   3   6   -0.0011288408
2   10   3   7   0.0000000002
3   6   3   9   0.0009557088
3   6   3   10   -0.0000000002
3   6   4   8   0.0008531477
3   6   5   8   -0.0000000002
3   7   3   9   -0.0000000002
3   7   3   10   -0.0009585934
3   7   4   8   -0.0000000002
3   7   5   8   -0.0008540284
3   8   1   9   0.0256754550
3   8   1   10   -0.0000000064
3   8   2   9   -0.0000000064
3   8   2   10   -0.0256802453
3   8   4   6   0.0009589876
3   8   4   7   -0.0000000003
3   8   5   6   -0.0000000003
3   8   5   7   -0.0009731013
3   9   1   8   0.0256148576
3   9   2   8   -0.0000000064
3   9   3   6   0.0011151908
3   9   3   7   -0.0000000003
3   10   1   8   -0.0000000063
3   10   2   8   -0.0256136064
3   10   3   6   -0.0000000003
3   10   3   7   -0.0011256406

End IABC Block
