Begin IJ Block
1   1   -2.4423745956
1   2   0.0000000000
2   2   -2.4423788214
3   3   -2.3176659401
3   4   0.0000000000
4   4   -2.3176849185

End IJ Block
Begin IA Block
1   3   -0.0000000000
2   3   -0.0000000806

End IA Block
Begin AB Block
1   1   -1.9109730343
1   2   -0.0000000001
2   2   -1.9109115231
3   3   -1.3322624722
4   4   -1.2112166173

End AB Block
Begin IJKL Block
1   5   1   5   0.2906274582
1   5   1   6   -0.0000000001
1   5   2   5   -0.0000000001
1   5   2   6   0.0094056165
1   5   3   7   0.0039329200
1   5   3   8   -0.0000000060
1   5   4   7   -0.0000000060
1   5   4   8   0.0023294464
1   6   1   5   -0.0000000001
1   6   1   6   0.2698733801
1   6   2   5   0.0113650666
1   6   2   6   -0.0000000002
1   6   3   7   0.0000000059
1   6   3   8   0.0007600787
1   6   4   7   0.0008359690
1   6   4   8   -0.0000000060
1   7   1   7   0.2719654494
1   7   1   8   0.0000000078
1   7   2   7   -0.0000000079
1   7   2   8   -0.0014272356
1   7   3   5   0.0053623862
1   7   3   6   0.0000000037
1   7   4   5   -0.0000000038
1   7   4   6   0.0004951417
1   8   1   7   0.0000000078
1   8   1   8   0.2740160764
1   8   2   7   -0.0006376848
1   8   2   8   0.0000000076
1   8   3   5   -0.0000000038
1   8   3   6   0.0005157843
1   8   4   5   0.0043364860
1   8   4   6   -0.0000000039
2   5   1   5   -0.0000000001
2   5   1   6   0.0113650666
2   5   2   5   0.2698733801
2   5   2   6   -0.0000000002
2   5   3   7   0.0000000059
2   5   3   8   0.0008359690
2   5   4   7   0.0007600787
2   5   4   8   -0.0000000060
2   6   1   5   0.0094056165
2   6   1   6   -0.0000000002
2   6   2   5   -0.0000000002
2   6   2   6   0.2906768378
2   6   3   7   0.0023467276
2   6   3   8   0.0000000060
2   6   4   7   0.0000000060
2   6   4   8   0.0039281713
2   7   1   7   -0.0000000079
2   7   1   8   -0.0006376848
2   7   2   7   0.2740526401
2   7   2   8   -0.0000000077
2   7   3   5   0.0000000037
2   7   3   6   0.0043723984
2   7   4   5   0.0005157843
2   7   4   6   0.0000000038
2   8   1   7   -0.0014272356
2   8   1   8   0.0000000076
2   8   2   7   -0.0000000077
2   8   2   8   0.2719758363
2   8   3   5   0.0004951417
2   8   3   6   0.0000000038
2   8   4   5   -0.0000000039
2   8   4   6   0.0053699712
3   5   1   7   0.0053623862
3   5   1   8   -0.0000000038
3   5   2   7   0.0000000037
3   5   2   8   0.0004951417
3   5   3   5   0.2719654494
3   5   3   6   -0.0000000079
3   5   4   5   0.0000000078
3   5   4   6   -0.0014272356
3   6   1   7   0.0000000037
3   6   1   8   0.0005157843
3   6   2   7   0.0043723984
3   6   2   8   0.0000000038
3   6   3   5   -0.0000000079
3   6   3   6   0.2740526401
3   6   4   5   -0.0006376848
3   6   4   6   -0.0000000077
3   7   1   5   0.0039329200
3   7   1   6   0.0000000059
3   7   2   5   0.0000000059
3   7   2   6   0.0023467276
3   7   3   7   0.3150391958
3   7   3   8   0.0000000000
3   7   4   7   0.0000000000
3   7   4   8   0.0191447549
3   8   1   5   -0.0000000060
3   8   1   6   0.0007600787
3   8   2   5   0.0008359690
3   8   2   6   0.0000000060
3   8   3   7   0.0000000000
3   8   3   8   0.2732023705
3   8   4   7   0.0226932993
3   8   4   8   -0.0000000000
4   5   1   7   -0.0000000038
4   5   1   8   0.0043364860
4   5   2   7   0.0005157843
4   5   2   8   -0.0000000039
4   5   3   5   0.0000000078
4   5   3   6   -0.0006376848
4   5   4   5   0.2740160764
4   5   4   6   0.0000000076
4   6   1   7   0.0004951417
4   6   1   8   -0.0000000039
4   6   2   7   0.0000000038
4   6   2   8   0.0053699712
4   6   3   5   -0.0014272356
4   6   3   6   -0.0000000077
4   6   4   5   0.0000000076
4   6   4   6   0.2719758363
4   7   1   5   -0.0000000060
4   7   1   6   0.0008359690
4   7   2   5   0.0007600787
4   7   2   6   0.0000000060
4   7   3   7   0.0000000000
4   7   3   8   0.0226932993
4   7   4   7   0.2732023705
4   7   4   8   -0.0000000000
4   8   1   5   0.0023294464
4   8   1   6   -0.0000000060
4   8   2   5   -0.0000000060
4   8   2   6   0.0039281713
4   8   3   7   0.0191447549
4   8   3   8   -0.0000000000
4   8   4   7   -0.0000000000
4   8   4   8   0.3150418302

End IJKL Block
Begin IJAB Block
1   5   1   5   0.0049174402
1   5   1   6   -0.0000000041
1   5   2   5   -0.0000000041
1   5   2   6   0.0037919881
1   5   3   7   0.0074691090
1   5   4   8   0.0043896109
1   6   1   5   0.0000000041
1   6   1   6   0.0001659787
1   6   2   5   0.0009500062
1   6   2   6   -0.0000000041
1   6   3   7   -0.0000000008
1   6   4   8   -0.0000000182
1   7   1   8   -0.0003897681
1   7   2   8   0.0000000116
1   7   4   5   -0.0011662136
1   7   4   6   0.0000000227
1   8   1   8   -0.0000000081
1   8   2   8   0.0009789228
1   8   4   5   -0.0000000117
1   8   4   6   0.0030442704
2   5   1   5   0.0000000041
2   5   1   6   0.0009500062
2   5   2   5   0.0001659787
2   5   2   6   -0.0000000041
2   5   3   7   -0.0000000008
2   5   4   8   -0.0000000182
2   6   1   5   0.0037969685
2   6   1   6   0.0000000041
2   6   2   5   0.0000000041
2   6   2   6   0.0049077459
2   6   3   7   0.0076463996
2   6   4   8   0.0082228421
2   7   1   8   -0.0000000003
2   7   2   8   -0.0027356558
2   7   4   5   -0.0000000009
2   7   4   6   -0.0056729613
2   8   1   8   0.0014087015
2   8   2   8   0.0000000035
2   8   4   5   0.0015285978
2   8   4   6   0.0000000105
3   5   1   8   -0.0011662136
3   5   2   8   0.0000000227
3   5   4   5   -0.0003897681
3   5   4   6   0.0000000116
3   6   1   8   -0.0000000009
3   6   2   8   -0.0056729613
3   6   4   5   -0.0000000003
3   6   4   6   -0.0027356558
3   7   1   5   0.0330325724
3   7   1   6   -0.0000000025
3   7   2   5   -0.0000000025
3   7   2   6   0.0594153445
3   7   3   7   0.0020801724
3   7   4   8   0.0022287605
3   8   1   5   0.0000000025
3   8   1   6   -0.0355419912
3   8   2   5   0.0092081995
3   8   2   6   -0.0000000025
3   8   3   7   0.0000000001
3   8   4   8   0.0000000015
4   5   1   8   -0.0000000117
4   5   2   8   0.0030442704
4   5   4   5   -0.0000000081
4   5   4   6   0.0009789228
4   6   1   8   0.0015285978
4   6   2   8   0.0000000105
4   6   4   5   0.0014087015
4   6   4   6   0.0000000035
4   7   1   5   0.0000000025
4   7   1   6   0.0092081995
4   7   2   5   -0.0355419912
4   7   2   6   -0.0000000025
4   7   3   7   0.0000000001
4   7   4   8   0.0000000015
4   8   1   5   0.0593392588
4   8   1   6   0.0000000024
4   8   2   5   0.0000000024
4   8   2   6   0.0330521643
4   8   3   7   0.0019932794
4   8   4   8   0.0006772263

End IJAB Block
Begin ABCD Block
1   5   1   5   0.2809574048
1   5   1   6   0.0000000000
1   5   2   5   0.0000000000
1   5   2   6   0.0102089596
1   5   3   7   0.0013931497
1   5   4   8   0.0006624281
1   6   1   5   0.0000000000
1   6   1   6   0.2572920203
1   6   2   5   0.0134537987
1   6   2   6   0.0000000000
1   6   4   8   -0.0000000009
1   7   1   7   0.1862229854
1   7   2   7   0.0000000000
1   7   3   5   0.0018418735
1   8   1   8   0.1708641684
1   8   2   8   -0.0000000115
1   8   4   5   0.0009192426
1   8   4   6   -0.0000000011
2   5   1   5   0.0000000000
2   5   1   6   0.0134537987
2   5   2   5   0.2572920203
2   5   2   6   0.0000000000
2   5   4   8   -0.0000000009
2   6   1   5   0.0102089596
2   6   1   6   0.0000000000
2   6   2   5   0.0000000000
2   6   2   6   0.2809501083
2   6   3   7   0.0013930251
2   6   4   8   0.0014666636
2   7   1   7   0.0000000000
2   7   2   7   0.1862219229
2   7   3   6   0.0018421771
2   8   1   8   -0.0000000115
2   8   2   8   0.1814821396
2   8   4   5   -0.0000000011
2   8   4   6   0.0019322616
3   5   1   7   0.0018418735
3   5   3   5   0.1862229854
3   5   3   6   0.0000000000
3   6   2   7   0.0018421771
3   6   3   5   0.0000000000
3   6   3   6   0.1862219229
3   7   1   5   0.0013931497
3   7   2   6   0.0013930251
3   7   3   7   0.1714609274
3   7   4   8   0.0554896763
3   8   3   8   0.1673991805
3   8   4   7   0.0554921231
4   5   1   8   0.0009192426
4   5   2   8   -0.0000000011
4   5   4   5   0.1708641684
4   5   4   6   -0.0000000115
4   6   1   8   -0.0000000011
4   6   2   8   0.0019322616
4   6   4   5   -0.0000000115
4   6   4   6   0.1814821396
4   7   3   8   0.0554921231
4   7   4   7   0.1673991805
4   8   1   5   0.0006624281
4   8   1   6   -0.0000000009
4   8   2   5   -0.0000000009
4   8   2   6   0.0014666636
4   8   3   7   0.0554896763
4   8   4   8   0.1816306597

End ABCD Block
Begin AIJB Block
1   5   1   5   0.0062955687
1   5   1   6   -0.0000000069
1   5   2   5   0.0000000070
1   5   2   6   0.0013560097
1   5   3   8   -0.0013348626
1   5   4   8   -0.0000000093
1   6   1   5   0.0000000070
1   6   1   6   0.0005393336
1   6   2   5   0.0043921568
1   6   2   6   0.0000000070
1   6   3   8   -0.0000000018
1   6   4   8   0.0010591280
1   7   1   8   -0.0001839050
1   7   2   8   0.0000000001
1   7   3   5   0.0390160654
1   7   3   6   -0.0000000017
1   7   4   5   0.0000000016
1   7   4   6   0.0128171621
1   8   1   8   -0.0000000036
1   8   2   8   0.0005608977
1   8   3   5   0.0000000016
1   8   3   6   -0.0299607192
1   8   4   5   0.0561411863
1   8   4   6   0.0000000016
2   5   1   5   -0.0000000069
2   5   1   6   0.0043911040
2   5   2   5   0.0005393336
2   5   2   6   -0.0000000069
2   5   3   8   0.0000000203
2   5   4   8   0.0027493285
2   6   1   5   0.0013560097
2   6   1   6   -0.0000000069
2   6   2   5   0.0000000070
2   6   2   6   0.0062784400
2   6   3   8   -0.0051557677
2   6   4   8   0.0000000091
2   7   1   8   0.0000000059
2   7   2   8   -0.0014218162
2   7   3   5   -0.0000000017
2   7   3   6   0.0561937713
2   7   4   5   -0.0299607192
2   7   4   6   -0.0000000016
2   8   1   8   0.0006811904
2   8   2   8   0.0000000024
2   8   3   5   0.0128171621
2   8   3   6   -0.0000000016
2   8   4   5   0.0000000016
2   8   4   6   0.0390308282
3   5   1   7   0.0061576609
3   5   2   7   -0.0000000000
3   6   1   7   -0.0000000000
3   6   2   7   0.0061578811
3   7   3   7   0.0020721567
3   8   4   7   0.0020723037
4   5   1   8   0.0035710376
4   5   2   8   -0.0000000151
4   5   3   5   -0.0001839050
4   5   3   6   0.0000000059
4   5   4   5   -0.0000000036
4   5   4   6   0.0006811904
4   6   1   8   -0.0000000151
4   6   2   8   0.0067579740
4   6   3   5   0.0000000001
4   6   3   6   -0.0014218162
4   6   4   5   0.0005608977
4   6   4   6   0.0000000024
4   7   1   5   -0.0013348626
4   7   1   6   0.0000000203
4   7   2   5   -0.0000000018
4   7   2   6   -0.0051557677
4   7   3   8   0.0022512078
4   7   4   8   0.0000000016
4   8   1   5   -0.0000000093
4   8   1   6   0.0027493285
4   8   2   5   0.0010591280
4   8   2   6   0.0000000091
4   8   3   8   0.0000000016
4   8   4   8   0.0006859538

1   5   5   1   -0.2670615669
1   5   5   2   0.0000000217
1   5   6   1   -0.0000000218
1   5   6   2   -0.0025266770
1   5   7   4   0.0001180180
1   5   8   4   0.0000000032
1   6   5   1   -0.0000000218
1   6   5   2   -0.0033986970
1   6   6   1   -0.2611199758
1   6   6   2   -0.0000000217
1   6   7   4   -0.0000000004
1   6   8   4   -0.0004840866
1   7   5   4   0.0000787488
1   7   6   4   -0.0000000006
1   7   7   1   -0.2699381643
1   7   7   2   0.0000000026
1   7   8   1   -0.0000000026
1   7   8   2   0.0145408322
1   8   5   4   0.0000000027
1   8   6   4   -0.0003679504
1   8   7   1   -0.0000000026
1   8   7   2   0.0124131966
1   8   8   1   -0.2968945338
1   8   8   2   -0.0000000026
2   5   5   1   0.0000000217
2   5   5   2   -0.2611194657
2   5   6   1   -0.0033986970
2   5   6   2   0.0000000216
2   5   7   4   -0.0000000054
2   5   8   4   -0.0007127092
2   6   5   1   -0.0025266770
2   6   5   2   0.0000000216
2   6   6   1   -0.0000000217
2   6   6   2   -0.2670270507
2   6   7   4   0.0013106510
2   6   8   4   -0.0000000026
2   7   5   4   -0.0000000049
2   7   6   4   0.0012074678
2   7   7   1   0.0000000026
2   7   7   2   -0.2968927348
2   7   8   1   0.0124131966
2   7   8   2   0.0000000026
2   8   5   4   -0.0007692801
2   8   6   4   -0.0000000029
2   8   7   1   0.0145408322
2   8   7   2   0.0000000026
2   8   8   1   -0.0000000026
2   8   8   2   -0.2699401914
3   5   5   3   -0.1957279372
3   5   6   3   -0.0000000000
3   6   5   3   -0.0000000000
3   6   6   3   -0.1957248966
3   7   7   3   -0.1899424761
3   8   8   3   -0.1899423748
4   5   5   4   -0.1787855248
4   5   6   4   0.0000000619
4   5   7   1   0.0000787488
4   5   7   2   -0.0000000049
4   5   8   1   0.0000000027
4   5   8   2   -0.0007692801
4   6   5   4   0.0000000619
4   6   6   4   -0.1918202938
4   6   7   1   -0.0000000006
4   6   7   2   0.0012074678
4   6   8   1   -0.0003679504
4   6   8   2   -0.0000000029
4   7   5   1   0.0001180180
4   7   5   2   -0.0000000054
4   7   6   1   -0.0000000004
4   7   6   2   0.0013106510
4   7   7   4   -0.1866340227
4   7   8   4   -0.0000000163
4   8   5   1   0.0000000032
4   8   5   2   -0.0007127092
4   8   6   1   -0.0004840866
4   8   6   2   -0.0000000026
4   8   7   4   -0.0000000163
4   8   8   4   -0.1701409893

End AIJB Block
Begin IJKA Block
1   5   1   7   0.0000000261
1   5   2   7   -0.0023196549
1   6   1   7   -0.0023315295
1   6   2   7   -0.0000000262
1   7   3   7   0.0000000008
1   7   4   7   -0.0001201222
1   8   3   7   -0.0000756903
1   8   4   7   -0.0000000007
2   5   1   7   -0.0023324276
2   5   2   7   -0.0000000262
2   6   1   7   -0.0000000262
2   6   2   7   0.0023625131
2   7   3   7   -0.0001991788
2   7   4   7   -0.0000000003
2   8   3   7   -0.0000000002
2   8   4   7   0.0001555994
3   5   3   7   -0.0000000024
3   5   4   7   0.0008053654
3   6   3   7   0.0006735958
3   6   4   7   0.0000000032
3   7   1   7   -0.0000000001
3   7   2   7   0.0000219489
3   8   1   7   0.0000123195
3   8   2   7   0.0000000001
4   5   3   7   0.0009028484
4   5   4   7   0.0000000026
4   6   3   7   0.0000000034
4   6   4   7   -0.0007718384
4   7   1   7   0.0000122519
4   7   2   7   0.0000000001
4   8   1   7   0.0000000000
4   8   2   7   -0.0000111966

End IJKA Block
Begin IABC Block
1   5   1   7   -0.0000000039
1   5   2   7   0.0010597306
1   5   3   5   -0.0000000028
1   5   3   6   0.0007605159
1   6   1   7   0.0011007936
1   6   2   7   0.0000000039
1   6   3   5   0.0008557750
1   6   3   6   0.0000000027
1   7   1   5   -0.0000000038
1   7   1   6   0.0009898362
1   7   2   5   0.0009912622
1   7   2   6   0.0000000038
1   7   3   7   0.0000000000
1   7   4   8   -0.0000000080
1   8   3   8   -0.0000000095
1   8   4   7   -0.0000000080
2   5   1   7   0.0010431219
2   5   2   7   0.0000000042
2   5   3   5   0.0007795727
2   5   3   6   0.0000000031
2   6   1   7   0.0000000043
2   6   2   7   -0.0010036928
2   6   3   5   0.0000000033
2   6   3   6   -0.0006862347
2   7   1   5   0.0009896347
2   7   1   6   0.0000000038
2   7   2   5   0.0000000038
2   7   2   6   -0.0009844152
2   7   3   7   -0.0000004130
2   7   4   8   0.0047440945
2   8   3   8   0.0056440465
2   8   4   7   0.0047055532
3   5   3   8   0.0000000009
3   5   4   7   0.0000000008
3   6   3   8   0.0009369772
3   6   4   7   0.0008291071
3   7   1   8   0.0000000251
3   7   2   8   0.0256683781
3   7   4   5   0.0000000009
3   7   4   6   0.0009873663
3   8   1   7   0.0000000250
3   8   2   7   0.0256011092
3   8   3   5   0.0000000011
3   8   3   6   0.0011383952
4   5   3   8   0.0009771796
4   5   4   7   0.0008679460
4   6   3   8   -0.0000000010
4   6   4   7   -0.0000000009
4   7   1   8   0.0256722805
4   7   2   8   -0.0000000251
4   7   4   5   0.0009574104
4   7   4   6   -0.0000000010
4   8   1   7   0.0256135397
4   8   2   7   -0.0000000250
4   8   3   5   0.0011149241
4   8   3   6   -0.0000000011

End IABC Block
