Begin IJ Block
1   1   -3.5653558730
2   2   -3.5068935120
3   3   -3.4879368727
3   4   0.0000000220
4   4   -3.4781440928
5   5   -3.3293144758
5   6   -0.0000000032
6   6   -3.3889133978

End IJ Block
Begin IA Block
2   1   0.0000000009
2   2   0.0325518583
3   3   -0.0000000095
4   3   -0.0040471264

End IA Block
Begin AB Block
1   1   -2.9927961637
1   2   -0.0000000027
2   2   -2.9503218318
3   3   -2.0935842300

End AB Block
Begin IJKL Block
1   7   1   7   0.3047369361
1   7   2   8   0.0043057481
1   7   3   9   0.0590656178
1   7   3   10   -0.0000000433
1   7   4   9   -0.0000000433
1   7   4   10   0.0397992702
1   7   5   11   0.0013241903
1   7   5   12   0.0000000003
1   7   6   11   0.0000000003
1   7   6   12   0.0063220013
1   8   1   8   0.2753348276
1   8   2   7   0.0055228155
1   8   3   11   -0.0457959328
1   8   3   12   -0.0000001047
1   8   4   11   0.0000001047
1   8   4   12   -0.0457957868
1   8   5   9   -0.0026551621
1   8   5   10   0.0000000061
1   8   6   9   -0.0000000061
1   8   6   10   -0.0026551518
1   9   1   9   0.2853373180
1   9   1   10   -0.0000000325
1   9   2   11   -0.0024095525
1   9   2   12   -0.0000000055
1   9   3   7   0.0598488920
1   9   4   7   -0.0000000429
1   9   5   8   -0.0019329096
1   9   6   8   -0.0000000044
1   10   1   9   -0.0000000325
1   10   1   10   0.2709131714
1   10   2   11   0.0000000055
1   10   2   12   -0.0024095441
1   10   3   7   -0.0000000429
1   10   4   7   0.0407932584
1   10   5   8   0.0000000044
1   10   6   8   -0.0019329014
1   11   1   11   0.2555196443
1   11   1   12   0.0000000017
1   11   2   9   -0.0032191616
1   11   2   10   0.0000000074
1   11   3   8   -0.0458979785
1   11   4   8   0.0000001050
1   11   5   7   0.0023108067
1   11   6   7   0.0000000003
1   12   1   11   0.0000000017
1   12   1   12   0.2881258004
1   12   2   9   -0.0000000074
1   12   2   10   -0.0032191511
1   12   3   8   -0.0000001050
1   12   4   8   -0.0458978317
1   12   5   7   0.0000000003
1   12   6   7   0.0079240545
2   7   1   8   0.0055228155
2   7   2   7   0.2753348276
2   7   3   11   -0.0026551621
2   7   3   12   -0.0000000061
2   7   4   11   0.0000000061
2   7   4   12   -0.0026551518
2   7   5   9   -0.0457959328
2   7   5   10   0.0000001047
2   7   6   9   -0.0000001047
2   7   6   10   -0.0457957868
2   8   1   7   0.0043057481
2   8   2   8   0.3038595857
2   8   3   9   0.0034587763
2   8   4   10   0.0034587750
2   8   5   11   0.0830625668
2   8   6   12   0.0830625239
2   9   1   11   -0.0032191616
2   9   1   12   -0.0000000074
2   9   2   9   0.2740691739
2   9   3   8   0.0047329921
2   9   5   7   -0.0458979785
2   9   6   7   -0.0000001050
2   10   1   11   0.0000000074
2   10   1   12   -0.0032191511
2   10   2   10   0.2740691567
2   10   4   8   0.0047329909
2   10   5   7   0.0000001050
2   10   6   7   -0.0458978317
2   11   1   9   -0.0024095525
2   11   1   10   0.0000000055
2   11   2   11   0.2971638233
2   11   3   7   -0.0019329096
2   11   4   7   0.0000000044
2   11   5   8   0.0830826705
2   12   1   9   -0.0000000055
2   12   1   10   -0.0024095441
2   12   2   12   0.2971638116
2   12   3   7   -0.0000000044
2   12   4   7   -0.0019329014
2   12   6   8   0.0830826287
3   7   1   9   0.0598488920
3   7   1   10   -0.0000000429
3   7   2   11   -0.0019329096
3   7   2   12   -0.0000000044
3   7   3   7   0.2853373180
3   7   4   7   -0.0000000325
3   7   5   8   -0.0024095525
3   7   6   8   -0.0000000055
3   8   1   11   -0.0458979785
3   8   1   12   -0.0000001050
3   8   2   9   0.0047329921
3   8   3   8   0.2740691739
3   8   5   7   -0.0032191616
3   8   6   7   -0.0000000074
3   9   1   7   0.0590656178
3   9   2   8   0.0034587763
3   9   3   9   0.2912663258
3   9   4   10   0.0101316639
3   9   5   11   0.0043452970
3   9   5   12   -0.0000000035
3   9   6   11   -0.0000000035
3   9   6   12   0.0028100346
3   10   1   7   -0.0000000433
3   10   3   10   0.2694821233
3   10   4   9   0.0116525111
3   10   5   11   -0.0000000035
3   10   5   12   -0.0007318737
3   10   6   11   -0.0008033887
3   10   6   12   0.0000000035
3   11   1   8   -0.0457959328
3   11   2   7   -0.0026551621
3   11   3   11   0.2708832575
3   11   3   12   0.0000000050
3   11   4   11   0.0000000050
3   11   4   12   0.0014475933
3   11   5   9   0.0056482353
3   11   5   10   -0.0000000029
3   11   6   9   -0.0000000029
3   11   6   10   -0.0006350393
3   12   1   8   -0.0000001047
3   12   2   7   -0.0000000061
3   12   3   11   0.0000000050
3   12   3   12   0.2730485622
3   12   4   11   0.0007177140
3   12   4   12   -0.0000000050
3   12   5   9   -0.0000000029
3   12   5   10   -0.0006232088
3   12   6   9   0.0043899874
3   12   6   10   0.0000000029
4   7   1   9   -0.0000000429
4   7   1   10   0.0407932584
4   7   2   11   0.0000000044
4   7   2   12   -0.0019329014
4   7   3   7   -0.0000000325
4   7   4   7   0.2709131714
4   7   5   8   0.0000000055
4   7   6   8   -0.0024095441
4   8   1   11   0.0000001050
4   8   1   12   -0.0458978317
4   8   2   10   0.0047329909
4   8   4   8   0.2740691567
4   8   5   7   0.0000000074
4   8   6   7   -0.0032191511
4   9   1   7   -0.0000000433
4   9   3   10   0.0116525111
4   9   4   9   0.2694821233
4   9   5   11   -0.0000000035
4   9   5   12   -0.0008033887
4   9   6   11   -0.0007318737
4   9   6   12   0.0000000035
4   10   1   7   0.0397992702
4   10   2   8   0.0034587750
4   10   3   9   0.0101316639
4   10   4   10   0.2912663091
4   10   5   11   0.0028100337
4   10   5   12   0.0000000035
4   10   6   11   0.0000000035
4   10   6   12   0.0043452960
4   11   1   8   0.0000001047
4   11   2   7   0.0000000061
4   11   3   11   0.0000000050
4   11   3   12   0.0007177140
4   11   4   11   0.2730485537
4   11   4   12   -0.0000000050
4   11   5   9   -0.0000000029
4   11   5   10   0.0043899866
4   11   6   9   -0.0006232088
4   11   6   10   0.0000000029
4   12   1   8   -0.0457957868
4   12   2   7   -0.0026551518
4   12   3   11   0.0014475933
4   12   3   12   -0.0000000050
4   12   4   11   -0.0000000050
4   12   4   12   0.2708832296
4   12   5   9   -0.0006350393
4   12   5   10   0.0000000029
4   12   6   9   0.0000000029
4   12   6   10   0.0056482341
5   7   1   11   0.0023108067
5   7   1   12   0.0000000003
5   7   2   9   -0.0458979785
5   7   2   10   0.0000001050
5   7   3   8   -0.0032191616
5   7   4   8   0.0000000074
5   7   5   7   0.2555196443
5   7   6   7   0.0000000017
5   8   1   9   -0.0019329096
5   8   1   10   0.0000000044
5   8   2   11   0.0830826705
5   8   3   7   -0.0024095525
5   8   4   7   0.0000000055
5   8   5   8   0.2971638233
5   9   1   8   -0.0026551621
5   9   2   7   -0.0457959328
5   9   3   11   0.0056482353
5   9   3   12   -0.0000000029
5   9   4   11   -0.0000000029
5   9   4   12   -0.0006350393
5   9   5   9   0.2708832575
5   9   5   10   0.0000000050
5   9   6   9   0.0000000050
5   9   6   10   0.0014475933
5   10   1   8   0.0000000061
5   10   2   7   0.0000001047
5   10   3   11   -0.0000000029
5   10   3   12   -0.0006232088
5   10   4   11   0.0043899866
5   10   4   12   0.0000000029
5   10   5   9   0.0000000050
5   10   5   10   0.2730485537
5   10   6   9   0.0007177140
5   10   6   10   -0.0000000050
5   11   1   7   0.0013241903
5   11   2   8   0.0830625668
5   11   3   9   0.0043452970
5   11   3   10   -0.0000000035
5   11   4   9   -0.0000000035
5   11   4   10   0.0028100337
5   11   5   11   0.3139731320
5   11   6   12   0.0199769513
5   12   1   7   0.0000000003
5   12   3   9   -0.0000000035
5   12   3   10   -0.0007318737
5   12   4   9   -0.0008033887
5   12   4   10   0.0000000035
5   12   5   12   0.2722714371
5   12   6   11   0.0217247645
6   7   1   11   0.0000000003
6   7   1   12   0.0079240545
6   7   2   9   -0.0000001050
6   7   2   10   -0.0458978317
6   7   3   8   -0.0000000074
6   7   4   8   -0.0032191511
6   7   5   7   0.0000000017
6   7   6   7   0.2881258004
6   8   1   9   -0.0000000044
6   8   1   10   -0.0019329014
6   8   2   12   0.0830826287
6   8   3   7   -0.0000000055
6   8   4   7   -0.0024095441
6   8   6   8   0.2971638116
6   9   1   8   -0.0000000061
6   9   2   7   -0.0000001047
6   9   3   11   -0.0000000029
6   9   3   12   0.0043899874
6   9   4   11   -0.0006232088
6   9   4   12   0.0000000029
6   9   5   9   0.0000000050
6   9   5   10   0.0007177140
6   9   6   9   0.2730485622
6   9   6   10   -0.0000000050
6   10   1   8   -0.0026551518
6   10   2   7   -0.0457957868
6   10   3   11   -0.0006350393
6   10   3   12   0.0000000029
6   10   4   11   0.0000000029
6   10   4   12   0.0056482341
6   10   5   9   0.0014475933
6   10   5   10   -0.0000000050
6   10   6   9   -0.0000000050
6   10   6   10   0.2708832296
6   11   1   7   0.0000000003
6   11   3   9   -0.0000000035
6   11   3   10   -0.0008033887
6   11   4   9   -0.0007318737
6   11   4   10   0.0000000035
6   11   5   12   0.0217247645
6   11   6   11   0.2722714371
6   12   1   7   0.0063220013
6   12   2   8   0.0830625239
6   12   3   9   0.0028100346
6   12   3   10   0.0000000035
6   12   4   9   0.0000000035
6   12   4   10   0.0043452960
6   12   5   11   0.0199769513
6   12   6   12   0.3139731297

End IJKL Block
Begin IJAB Block
1   7   1   4   0.0053843900
1   7   1   5   0.0000000002
1   7   2   4   0.0000000002
1   7   2   5   0.0028368196
1   7   3   6   0.0094220636
1   11   1   6   -0.0009615912
1   11   2   6   -0.0000000000
1   11   3   4   -0.0006605993
1   11   3   5   -0.0000000000
1   12   1   6   0.0000000000
1   12   2   6   -0.0010184783
1   12   3   4   0.0000000000
1   12   3   5   -0.0007139131
2   8   1   4   0.0361605284
2   8   2   5   0.0361475340
2   8   3   6   0.0026877338
2   9   1   6   -0.0009265815
2   9   2   6   -0.0000000021
2   9   3   4   0.0012316292
2   9   3   5   0.0000000028
2   10   1   6   0.0000000021
2   10   2   6   -0.0009265813
2   10   3   4   -0.0000000028
2   10   3   5   0.0012316304
3   8   1   6   0.0012316292
3   8   2   6   0.0000000028
3   8   3   4   -0.0009265815
3   8   3   5   -0.0000000021
3   9   1   4   0.0051513053
3   9   1   5   0.0000000026
3   9   2   4   0.0000000026
3   9   2   5   0.0038736698
3   9   3   6   0.0077116072
3   10   1   4   -0.0000000028
3   10   1   5   0.0001776400
3   10   2   4   0.0009567876
3   10   2   5   0.0000000025
3   10   3   6   -0.0000000003
4   8   1   6   -0.0000000028
4   8   2   6   0.0012316304
4   8   3   4   0.0000000021
4   8   3   5   -0.0009265813
4   9   1   4   -0.0000000028
4   9   1   5   0.0009567876
4   9   2   4   0.0001776400
4   9   2   5   0.0000000025
4   9   3   6   -0.0000000003
4   10   1   4   0.0039356117
4   10   1   5   -0.0000000026
4   10   2   4   -0.0000000026
4   10   2   5   0.0049731072
4   10   3   6   0.0075761475
5   7   1   6   -0.0006605993
5   7   2   6   -0.0000000000
5   7   3   4   -0.0009615912
5   7   3   5   -0.0000000000
5   11   1   4   0.0361488568
5   11   1   5   -0.0000000003
5   11   2   4   -0.0000000003
5   11   2   5   0.0621167568
5   11   3   6   0.0020934818
5   12   1   4   -0.0000000003
5   12   1   5   0.0357936547
5   12   2   4   -0.0098161334
5   12   2   5   0.0000000003
5   12   3   6   0.0000000000
6   7   1   6   0.0000000000
6   7   2   6   -0.0007139131
6   7   3   4   0.0000000000
6   7   3   5   -0.0010184783
6   11   1   4   -0.0000000003
6   11   1   5   -0.0098161334
6   11   2   4   0.0357936547
6   11   2   5   0.0000000003
6   11   3   6   0.0000000000
6   12   1   4   0.0621459707
6   12   1   5   0.0000000003
6   12   2   4   0.0000000003
6   12   2   5   0.0361538851
6   12   3   6   0.0021333662

End IJAB Block
Begin ABCD Block
1   4   1   4   0.2818924509
1   4   2   5   0.0124531708
1   4   3   6   0.0016627929
1   5   1   5   0.2567952423
1   5   2   4   0.0126334139
1   6   1   6   0.1859438455
1   6   3   4   0.0018721475
2   4   1   5   0.0126334139
2   4   2   4   0.2567952423
2   5   1   4   0.0124531708
2   5   2   5   0.2818760052
2   5   3   6   0.0016498678
2   6   2   6   0.1859438575
2   6   3   5   0.0018721509
3   4   1   6   0.0018721475
3   4   3   4   0.1859438455
3   5   2   6   0.0018721509
3   5   3   5   0.1859438575
3   6   1   4   0.0016627929
3   6   2   5   0.0016498678
3   6   3   6   0.1714451815

End ABCD Block
Begin AIJB Block
1   7   1   4   0.0060471658
1   7   1   5   0.0000000002
1   7   5   6   -0.0008044632
1   7   6   6   0.0000000000
1   8   2   4   0.0342215744
1   8   3   6   0.0002749185
1   8   4   6   -0.0000000006
1   9   2   6   -0.0014171789
1   9   3   4   0.0063654360
1   9   3   5   0.0000000049
1   9   4   4   -0.0000000049
1   9   4   5   0.0014958180
1   10   2   6   0.0000000033
1   10   3   4   -0.0000000049
1   10   3   5   0.0006038255
1   10   4   4   0.0042657891
1   10   4   5   -0.0000000049
1   11   1   6   -0.0004254811
1   11   5   4   0.0403932908
1   11   5   5   -0.0000000002
1   11   6   4   -0.0000000002
1   11   6   5   -0.0141704925
1   12   1   6   0.0000000000
1   12   5   4   -0.0000000002
1   12   5   5   0.0318828384
1   12   6   4   0.0581010471
1   12   6   5   0.0000000002
2   7   1   4   0.0000000002
2   7   1   5   0.0031671858
2   7   5   6   -0.0000000000
2   7   6   6   -0.0008044691
2   8   2   5   0.0342215722
2   8   3   6   0.0000000006
2   8   4   6   0.0002749192
2   9   2   6   -0.0000000033
2   9   3   4   0.0000000049
2   9   3   5   0.0042657902
2   9   4   4   0.0006038255
2   9   4   5   0.0000000049
2   10   2   6   -0.0014171789
2   10   3   4   0.0014958180
2   10   3   5   0.0000000049
2   10   4   4   -0.0000000049
2   10   4   5   0.0063654367
2   11   1   6   -0.0000000000
2   11   5   4   -0.0000000002
2   11   5   5   0.0581010266
2   11   6   4   0.0318828384
2   11   6   5   0.0000000002
2   12   1   6   -0.0004289563
2   12   5   4   -0.0141704925
2   12   5   5   0.0000000002
2   12   6   4   0.0000000002
2   12   6   5   0.0403932830
3   7   1   6   0.0075397253
3   7   5   4   -0.0004254811
3   7   5   5   -0.0000000000
3   7   6   4   0.0000000000
3   7   6   5   -0.0004289563
3   8   2   6   0.0023248307
3   8   3   4   -0.0014171789
3   8   3   5   -0.0000000033
3   8   4   4   0.0000000033
3   8   4   5   -0.0014171789
3   9   2   4   0.0002749185
3   9   2   5   0.0000000006
3   9   3   6   0.0062093650
3   10   2   4   -0.0000000006
3   10   2   5   0.0002749192
3   10   4   6   0.0062093683
3   11   1   4   -0.0008044632
3   11   1   5   -0.0000000000
3   11   5   6   0.0020908421
3   12   1   4   0.0000000000
3   12   1   5   -0.0008044691
3   12   6   6   0.0020908391

1   7   7   1   -0.2739749184
1   7   7   2   -0.0000000014
1   7   11   3   0.0001685116
1   7   12   3   -0.0000000000
1   8   8   1   -0.2855083759
1   8   9   3   0.0003192225
1   8   10   3   -0.0000000007
1   9   8   3   0.0002125789
1   9   9   1   -0.2678446344
1   9   9   2   -0.0000000137
1   9   10   1   0.0000000137
1   9   10   2   -0.0025210061
1   10   8   3   -0.0000000005
1   10   9   1   0.0000000137
1   10   9   2   -0.0033803875
1   10   10   1   -0.2619432169
1   10   10   2   0.0000000137
1   11   7   3   0.0001504102
1   11   11   1   -0.2703721729
1   11   11   2   0.0000000003
1   11   12   1   0.0000000003
1   11   12   2   -0.0137732623
1   12   7   3   -0.0000000000
1   12   11   1   0.0000000003
1   12   11   2   -0.0130187973
1   12   12   1   -0.2971634277
1   12   12   2   -0.0000000003
2   7   7   1   -0.0000000014
2   7   7   2   -0.2513060481
2   7   11   3   0.0000000000
2   7   12   3   0.0001685154
2   8   8   2   -0.2855083666
2   8   9   3   0.0000000007
2   8   10   3   0.0003192229
2   9   8   3   0.0000000005
2   9   9   1   -0.0000000137
2   9   9   2   -0.2619432238
2   9   10   1   -0.0033803875
2   9   10   2   -0.0000000137
2   10   8   3   0.0002125792
2   10   9   1   -0.0025210061
2   10   9   2   -0.0000000137
2   10   10   1   0.0000000137
2   10   10   2   -0.2678446141
2   11   7   3   0.0000000000
2   11   11   1   0.0000000003
2   11   11   2   -0.2971634108
2   11   12   1   -0.0130187973
2   11   12   2   -0.0000000003
2   12   7   3   0.0001545046
2   12   11   1   -0.0137732623
2   12   11   2   -0.0000000003
2   12   12   1   -0.0000000003
2   12   12   2   -0.2703721561
3   7   7   3   -0.1955155843
3   7   11   1   0.0001504102
3   7   11   2   0.0000000000
3   7   12   1   -0.0000000000
3   7   12   2   0.0001545046
3   8   8   3   -0.1901631495
3   8   9   1   0.0002125789
3   8   9   2   0.0000000005
3   8   10   1   -0.0000000005
3   8   10   2   0.0002125792
3   9   8   1   0.0003192225
3   9   8   2   0.0000000007
3   9   9   3   -0.1954751788
3   10   8   1   -0.0000000007
3   10   8   2   0.0003192229
3   10   10   3   -0.1954751940
3   11   7   1   0.0001685116
3   11   7   2   0.0000000000
3   11   11   3   -0.1898310663
3   12   7   1   -0.0000000000
3   12   7   2   0.0001685154
3   12   12   3   -0.1898310446

End AIJB Block
Begin IJKA Block
1   7   2   4   -0.0000000001
1   7   2   5   -0.0031426206
1   7   3   6   0.0000000019
1   7   4   6   0.0007986993
1   8   1   4   -0.0000000005
1   8   1   5   -0.0178085673
1   8   5   6   0.0000000001
1   8   6   6   0.0011070868
1   9   1   6   0.0000000055
1   9   5   4   0.0000000020
1   9   5   5   0.0004526228
1   9   6   4   0.0043963802
1   9   6   5   0.0000000074
1   10   1   6   0.0023642947
1   10   5   4   0.0007830780
1   10   5   5   -0.0000000008
1   10   6   4   -0.0000000101
1   10   6   5   0.0031949413
1   11   2   6   0.0000000000
1   11   3   4   0.0000000646
1   11   3   5   -0.0169376519
1   11   4   4   0.0272944315
1   11   4   5   0.0000000414
1   12   2   6   0.0004849364
1   12   3   4   0.0394948425
1   12   3   5   0.0000000690
1   12   4   4   -0.0000000922
1   12   4   5   0.0291509169
2   7   1   4   -0.0000000001
2   7   1   5   -0.0030706645
2   7   5   6   0.0000000001
2   7   6   6   0.0023486301
2   8   2   5   0.0000000028
2   8   4   6   0.0000000006
2   9   3   4   0.0000000038
2   9   3   5   0.0008330734
2   9   4   4   0.0008330734
2   9   4   5   -0.0000000038
2   10   2   6   0.0000000209
2   10   3   4   0.0008330736
2   10   3   5   -0.0000000038
2   10   4   4   -0.0000000038
2   10   4   5   -0.0008330726
2   11   1   6   0.0000000000
2   11   5   4   -0.0000000040
2   11   5   5   0.0495533627
2   11   6   4   -0.0495558442
2   11   6   5   -0.0000000040
2   12   1   6   0.0004319202
2   12   5   4   -0.0495533764
2   12   5   5   -0.0000000040
2   12   6   4   0.0000000040
2   12   6   5   -0.0495558364
3   7   1   6   0.0000000016
3   7   5   4   0.0000000017
3   7   5   5   0.0007050556
3   7   6   4   0.0037724855
3   7   6   5   0.0000000056
3   8   3   4   -0.0000000071
3   8   3   5   -0.0015645406
3   8   4   4   -0.0015645392
3   8   4   5   0.0000000071
3   9   2   4   0.0000000034
3   9   2   5   0.0007596878
3   9   3   6   0.0000000163
3   9   4   6   0.0023865563
3   10   2   4   0.0007596879
3   10   2   5   -0.0000000034
3   10   3   6   0.0023865767
3   10   4   6   -0.0000000163
3   11   1   4   0.0000000638
3   11   1   5   -0.0166153466
3   11   5   6   0.0000000001
3   11   6   6   0.0000187230
3   12   1   4   0.0389830524
3   12   1   5   0.0000000678
3   12   5   6   -0.0000431981
3   12   6   6   0.0000000000
4   7   1   6   0.0006823266
4   7   5   4   0.0006775706
4   7   5   5   -0.0000000014
4   7   6   4   -0.0000000087
4   7   6   5   0.0024168448
4   8   2   6   0.0000000006
4   8   3   4   -0.0015645393
4   8   3   5   0.0000000071
4   8   4   4   0.0000000071
4   8   4   5   0.0015645487
4   9   2   4   0.0007596878
4   9   2   5   -0.0000000034
4   9   3   6   0.0023865565
4   9   4   6   -0.0000000163
4   10   2   4   -0.0000000034
4   10   2   5   -0.0007596869
4   10   3   6   -0.0000000163
4   10   4   6   -0.0023865363
4   11   1   4   0.0269661148
4   11   1   5   0.0000000406
4   11   5   6   0.0000539490
4   11   6   6   -0.0000000000
4   12   1   4   -0.0000000910
4   12   1   5   0.0286321585
4   12   5   6   0.0000000001
4   12   6   6   0.0000079741
5   7   2   6   0.0000000001
5   7   3   4   0.0000000018
5   7   3   5   0.0004477419
5   7   4   4   0.0007298717
5   7   4   5   -0.0000000008
5   8   1   6   0.0000000001
5   8   5   4   -0.0000000018
5   8   5   5   0.0227187867
5   8   6   4   -0.0227184365
5   8   6   5   -0.0000000018
5   9   1   4   0.0000000020
5   9   1   5   0.0003107763
5   9   5   6   -0.0000000021
5   9   6   6   0.0010096720
5   10   1   4   0.0008161097
5   10   1   5   -0.0000000005
5   10   5   6   -0.0009433638
5   10   6   6   -0.0000000023
5   11   2   4   -0.0000000041
5   11   2   5   0.0506233481
5   11   3   6   -0.0000000000
5   11   4   6   -0.0000180626
5   12   2   4   -0.0506222297
5   12   2   5   -0.0000000041
5   12   3   6   0.0000225123
5   12   4   6   -0.0000000001
6   7   2   6   0.0023154259
6   7   3   4   0.0035859257
6   7   3   5   0.0000000056
6   7   4   4   -0.0000000083
6   7   4   5   0.0024149736
6   8   1   6   0.0011028697
6   8   5   4   -0.0227187969
6   8   5   5   -0.0000000018
6   8   6   4   0.0000000018
6   8   6   5   -0.0227184318
6   9   1   4   0.0041837922
6   9   1   5   0.0000000071
6   9   5   6   0.0009536856
6   9   6   6   0.0000000022
6   10   1   4   -0.0000000097
6   10   1   5   0.0030570986
6   10   5   6   -0.0000000021
6   10   6   6   0.0009993946
6   11   2   4   -0.0506251755
6   11   2   5   -0.0000000041
6   11   3   6   0.0000189905
6   11   4   6   -0.0000000000
6   12   2   4   0.0000000041
6   12   2   5   -0.0506240383
6   12   3   6   0.0000000001
6   12   4   6   0.0000223066

End IJKA Block
Begin IABC Block
2   4   1   4   0.0000000018
2   4   1   5   -0.0182703997
2   4   2   4   -0.0182703997
2   4   2   5   -0.0000000018
2   5   1   4   -0.0182829090
2   5   1   5   -0.0000000018
2   5   2   4   -0.0000000018
2   5   2   5   0.0182650094
2   5   3   6   -0.0000208522
2   6   2   6   -0.0000037531
2   6   3   5   -0.0000043256
3   4   1   6   -0.0000000025
3   4   2   6   -0.0011335551
3   4   3   4   -0.0000000019
3   4   3   5   -0.0008561671
3   5   1   6   -0.0010643080
3   5   2   6   0.0000000023
3   5   3   4   -0.0007965166
3   5   3   5   0.0000000017
3   6   1   4   -0.0000000022
3   6   1   5   -0.0009981222
3   6   2   4   -0.0009981208
3   6   2   5   0.0000000022
3   6   3   6   0.0000000000
4   4   1   6   -0.0011156155
4   4   2   6   0.0000000025
4   4   3   4   -0.0008400479
4   4   3   5   0.0000000019
4   5   1   6   0.0000000024
4   5   2   6   0.0010463700
4   5   3   4   0.0000000018
4   5   3   5   0.0007804367
4   6   1   4   -0.0009977113
4   6   1   5   0.0000000022
4   6   2   4   0.0000000022
4   6   2   5   0.0009982980
4   6   3   6   0.0000006784

End IABC Block
