Begin IJ Block
1   1   -5.3057638449
1   2   0.0000000000
1   3   -0.3725141667
2   2   -4.7970328471
2   3   -0.0000000001
3   3   -4.6326764113
4   4   -4.5232909521
5   5   -4.5232909521

End IJ Block
Begin IA Block
1   3   -0.0000000000
2   3   0.3851219118
3   3   -0.0000000001
4   1   0.0000000000
4   2   -0.0000000000
5   1   0.0000000000
5   2   0.0000000000

End IA Block
Begin AB Block
1   1   -4.2846582440
2   2   -4.2846582440
3   3   -4.1488964570

End AB Block
Begin IJKL Block
1   6   1   6   0.5548972649
1   6   1   7   -0.0000000000
1   6   1   8   0.0786415356
1   6   2   6   -0.0000000000
1   6   2   7   0.1486474240
1   6   2   8   0.0000000000
1   6   3   6   0.0786415356
1   6   3   7   0.0000000000
1   6   3   8   0.0769702818
1   6   4   9   0.0705288134
1   6   5   10   0.0705288134
1   7   1   6   -0.0000000000
1   7   1   7   0.4796824457
1   7   1   8   0.0000000000
1   7   2   6   0.1494764085
1   7   2   7   0.0000000000
1   7   2   8   -0.1042279851
1   7   3   6   0.0000000000
1   7   3   7   -0.0020298408
1   7   4   9   -0.0000000000
1   7   5   10   -0.0000000000
1   8   1   6   0.0786415356
1   8   1   7   0.0000000000
1   8   1   8   0.5004505492
1   8   2   6   0.0000000000
1   8   2   7   -0.1056752121
1   8   2   8   0.0000000000
1   8   3   6   0.0790117210
1   8   3   8   0.0219027744
1   8   4   9   -0.0033065508
1   8   5   10   -0.0033065508
1   9   1   9   0.4970660859
1   9   2   9   -0.0000000000
1   9   3   9   0.0385831600
1   9   4   6   0.0731740977
1   9   4   7   -0.0000000000
1   9   4   8   -0.0034282941
1   10   1   10   0.4970660859
1   10   2   10   -0.0000000000
1   10   3   10   0.0385831600
1   10   5   6   0.0731740977
1   10   5   7   -0.0000000000
1   10   5   8   -0.0034282941
2   6   1   6   -0.0000000000
2   6   1   7   0.1494764085
2   6   1   8   0.0000000000
2   6   2   6   0.4796824457
2   6   2   7   0.0000000000
2   6   2   8   -0.0020298408
2   6   3   6   0.0000000000
2   6   3   7   -0.1042279851
2   6   4   9   -0.0000000000
2   6   5   10   -0.0000000000
2   7   1   6   0.1486474240
2   7   1   7   0.0000000000
2   7   1   8   -0.1056752121
2   7   2   6   0.0000000000
2   7   2   7   0.4883930282
2   7   2   8   -0.0000000000
2   7   3   6   -0.1056752121
2   7   3   7   -0.0000000000
2   7   3   8   0.1194589211
2   7   4   9   0.0506550001
2   7   5   10   0.0506550001
2   8   1   6   0.0000000000
2   8   1   7   -0.1042279851
2   8   1   8   0.0000000000
2   8   2   6   -0.0020298408
2   8   2   7   -0.0000000000
2   8   2   8   0.4832525961
2   8   3   7   0.1203511620
2   8   3   8   -0.0000000000
2   9   1   9   -0.0000000000
2   9   2   9   0.4578733520
2   9   3   9   0.0000000000
2   9   4   6   -0.0000000000
2   9   4   7   0.0521176314
2   10   1   10   -0.0000000000
2   10   2   10   0.4578733520
2   10   3   10   0.0000000000
2   10   5   6   -0.0000000000
2   10   5   7   0.0521176314
3   6   1   6   0.0786415356
3   6   1   7   0.0000000000
3   6   1   8   0.0790117210
3   6   2   6   0.0000000000
3   6   2   7   -0.1056752121
3   6   3   6   0.5004505492
3   6   3   7   0.0000000000
3   6   3   8   0.0219027744
3   6   4   9   -0.0033065508
3   6   5   10   -0.0033065508
3   7   1   6   0.0000000000
3   7   1   7   -0.0020298408
3   7   2   6   -0.1042279851
3   7   2   7   -0.0000000000
3   7   2   8   0.1203511620
3   7   3   6   0.0000000000
3   7   3   7   0.4832525961
3   7   3   8   -0.0000000000
3   8   1   6   0.0769702818
3   8   1   8   0.0219027744
3   8   2   7   0.1194589211
3   8   2   8   -0.0000000000
3   8   3   6   0.0219027744
3   8   3   7   -0.0000000000
3   8   3   8   0.5032820284
3   8   4   9   0.0160458483
3   8   5   10   0.0160458483
3   9   1   9   0.0385831600
3   9   2   9   0.0000000000
3   9   3   9   0.4544041232
3   9   4   6   -0.0034282941
3   9   4   8   0.0177477593
3   10   1   10   0.0385831600
3   10   2   10   0.0000000000
3   10   3   10   0.4544041232
3   10   5   6   -0.0034282941
3   10   5   8   0.0177477593
4   6   1   9   0.0731740977
4   6   2   9   -0.0000000000
4   6   3   9   -0.0034282941
4   6   4   6   0.4970660859
4   6   4   7   -0.0000000000
4   6   4   8   0.0385831600
4   7   1   9   -0.0000000000
4   7   2   9   0.0521176314
4   7   4   6   -0.0000000000
4   7   4   7   0.4578733520
4   7   4   8   0.0000000000
4   8   1   9   -0.0034282941
4   8   3   9   0.0177477593
4   8   4   6   0.0385831600
4   8   4   7   0.0000000000
4   8   4   8   0.4544041232
4   9   1   6   0.0705288134
4   9   1   7   -0.0000000000
4   9   1   8   -0.0033065508
4   9   2   6   -0.0000000000
4   9   2   7   0.0506550001
4   9   3   6   -0.0033065508
4   9   3   8   0.0160458483
4   9   4   9   0.4769291453
4   9   5   10   0.0140258191
4   10   4   10   0.4476186064
4   10   5   9   0.0152847199
5   6   1   10   0.0731740977
5   6   2   10   -0.0000000000
5   6   3   10   -0.0034282941
5   6   5   6   0.4970660859
5   6   5   7   -0.0000000000
5   6   5   8   0.0385831600
5   7   1   10   -0.0000000000
5   7   2   10   0.0521176314
5   7   5   6   -0.0000000000
5   7   5   7   0.4578733520
5   7   5   8   0.0000000000
5   8   1   10   -0.0034282941
5   8   3   10   0.0177477593
5   8   5   6   0.0385831600
5   8   5   7   0.0000000000
5   8   5   8   0.4544041232
5   9   4   10   0.0152847199
5   9   5   9   0.4476186064
5   10   1   6   0.0705288134
5   10   1   7   -0.0000000000
5   10   1   8   -0.0033065508
5   10   2   6   -0.0000000000
5   10   2   7   0.0506550001
5   10   3   6   -0.0033065508
5   10   3   8   0.0160458483
5   10   4   9   0.0140258191
5   10   5   10   0.4769291453

End IJKL Block
Begin IJAB Block
1   6   1   4   0.0529698709
1   6   2   5   0.0529698709
1   6   3   6   0.0758476588
1   7   1   4   0.0000000000
1   7   2   5   0.0000000000
1   7   3   6   0.0000000000
1   8   1   4   -0.0187246092
1   8   2   5   -0.0187246092
1   8   3   6   0.0472191924
1   9   1   6   -0.0164636482
1   9   2   6   0.0194442696
1   9   3   4   -0.0389165293
1   9   3   5   0.0459620783
1   10   1   6   -0.0194442696
1   10   2   6   -0.0164636482
1   10   3   4   -0.0459620783
1   10   3   5   -0.0389165293
2   6   1   4   0.0000000000
2   6   2   5   0.0000000000
2   6   3   6   0.0000000000
2   7   1   4   0.0738846182
2   7   2   5   0.0738846182
2   7   3   6   0.0533999934
2   8   1   4   -0.0000000000
2   8   2   5   -0.0000000000
2   8   3   6   0.0000000000
2   9   1   6   -0.0000000000
2   9   2   6   0.0000000000
2   9   3   4   -0.0000000000
2   9   3   5   0.0000000000
2   10   1   6   -0.0000000000
2   10   2   6   -0.0000000000
2   10   3   4   -0.0000000000
2   10   3   5   -0.0000000000
3   6   1   4   -0.0187246092
3   6   2   5   -0.0187246092
3   6   3   6   0.0472191924
3   7   1   4   -0.0000000000
3   7   2   5   -0.0000000000
3   7   3   6   0.0000000000
3   8   1   4   0.0287279053
3   8   2   5   0.0287279053
3   8   3   6   0.1251618838
3   9   1   6   -0.0054281600
3   9   2   6   0.0064108881
3   9   3   4   -0.0725328270
3   9   3   5   0.0856643574
3   10   1   6   -0.0064108881
3   10   2   6   -0.0054281600
3   10   3   4   -0.0856643574
3   10   3   5   -0.0725328270
4   6   1   6   -0.0389165293
4   6   2   6   0.0459620783
4   6   3   4   -0.0164636482
4   6   3   5   0.0194442696
4   7   1   6   -0.0000000000
4   7   2   6   0.0000000000
4   7   3   4   -0.0000000000
4   7   3   5   0.0000000000
4   8   1   6   -0.0725328270
4   8   2   6   0.0856643574
4   8   3   4   -0.0054281600
4   8   3   5   0.0064108881
4   9   1   4   0.0861534910
4   9   1   5   -0.0773106596
4   9   2   4   -0.0773106596
4   9   2   5   0.1120010006
4   9   3   6   0.0251206896
4   10   1   4   0.0773106596
4   10   1   5   0.0481274614
4   10   2   4   -0.0739749710
4   10   2   5   -0.0773106596
5   6   1   6   -0.0459620783
5   6   2   6   -0.0389165293
5   6   3   4   -0.0194442696
5   6   3   5   -0.0164636482
5   7   1   6   -0.0000000000
5   7   2   6   -0.0000000000
5   7   3   4   -0.0000000000
5   7   3   5   -0.0000000000
5   8   1   6   -0.0856643574
5   8   2   6   -0.0725328270
5   8   3   4   -0.0064108881
5   8   3   5   -0.0054281600
5   9   1   4   0.0773106596
5   9   1   5   -0.0739749710
5   9   2   4   0.0481274614
5   9   2   5   -0.0773106596
5   10   1   4   0.1120010006
5   10   1   5   0.0773106596
5   10   2   4   0.0773106596
5   10   2   5   0.0861534910
5   10   3   6   0.0251206896

End IJAB Block
Begin ABCD Block
1   4   1   4   0.4661032319
1   4   2   5   0.0176681290
1   4   3   6   0.0224958233
1   5   1   5   0.4307669739
1   5   2   4   0.0176681290
1   6   1   6   0.4333072153
1   6   3   4   0.0224958233
2   4   1   5   0.0176681290
2   4   2   4   0.4307669739
2   5   1   4   0.0176681290
2   5   2   5   0.4661032319
2   5   3   6   0.0224958233
2   6   2   6   0.4333072153
2   6   3   5   0.0224958233
3   4   1   6   0.0224958233
3   4   3   4   0.4333072153
3   5   2   6   0.0224958233
3   5   3   5   0.4333072153
3   6   1   4   0.0224958233
3   6   2   5   0.0224958233
3   6   3   6   0.4720466664

End ABCD Block
Begin AIJB Block
1   6   1   4   0.0491127315
1   6   3   4   -0.0167069022
1   6   4   6   -0.0391020429
1   6   5   6   -0.0461811777
1   7   2   4   0.0699999813
1   7   3   4   -0.0000000000
1   7   4   6   -0.0000000000
1   7   5   6   -0.0000000000
1   8   1   4   -0.0167069022
1   8   2   4   -0.0000000000
1   8   3   4   0.0247558205
1   8   4   6   -0.0741053519
1   8   5   6   -0.0875215763
1   9   1   6   -0.0146125158
1   9   2   6   -0.0000000000
1   9   3   6   -0.0048019497
1   9   4   4   0.0839821121
1   9   4   5   -0.0786500351
1   9   5   4   0.0786500351
1   9   5   5   -0.0761011729
1   10   1   6   -0.0172580035
1   10   2   6   -0.0000000000
1   10   3   6   -0.0056713071
1   10   4   4   0.0786500351
1   10   4   5   0.0498058658
1   10   5   4   0.1102774192
1   10   5   5   0.0786500351
2   6   1   5   0.0491127315
2   6   3   5   -0.0167069022
2   6   4   6   0.0461811777
2   6   5   6   -0.0391020429
2   7   2   5   0.0699999813
2   7   3   5   -0.0000000000
2   7   4   6   0.0000000000
2   7   5   6   -0.0000000000
2   8   1   5   -0.0167069022
2   8   2   5   -0.0000000000
2   8   3   5   0.0247558205
2   8   4   6   0.0875215763
2   8   5   6   -0.0741053519
2   9   1   6   0.0172580035
2   9   2   6   0.0000000000
2   9   3   6   0.0056713071
2   9   4   4   -0.0786500351
2   9   4   5   0.1102774192
2   9   5   4   0.0498058658
2   9   5   5   -0.0786500351
2   10   1   6   -0.0146125158
2   10   2   6   -0.0000000000
2   10   3   6   -0.0048019497
2   10   4   4   -0.0761011729
2   10   4   5   -0.0786500351
2   10   5   4   0.0786500351
2   10   5   5   0.0839821121
3   6   1   6   0.0705387554
3   6   2   6   0.0000000000
3   6   3   6   0.0462864367
3   6   4   4   -0.0146125158
3   6   4   5   0.0172580035
3   6   5   4   -0.0172580035
3   6   5   5   -0.0146125158
3   7   1   6   0.0000000000
3   7   2   6   0.0528549750
3   7   3   6   0.0000000000
3   7   4   4   -0.0000000000
3   7   4   5   0.0000000000
3   7   5   4   -0.0000000000
3   7   5   5   -0.0000000000
3   8   1   6   0.0462864367
3   8   2   6   0.0000000000
3   8   3   6   0.1230428128
3   8   4   4   -0.0048019497
3   8   4   5   0.0056713071
3   8   5   4   -0.0056713071
3   8   5   5   -0.0048019497
3   9   1   4   -0.0391020429
3   9   1   5   0.0461811777
3   9   2   4   -0.0000000000
3   9   2   5   0.0000000000
3   9   3   4   -0.0741053519
3   9   3   5   0.0875215763
3   9   4   6   0.0235084870
3   10   1   4   -0.0461811777
3   10   1   5   -0.0391020429
3   10   2   4   -0.0000000000
3   10   2   5   -0.0000000000
3   10   3   4   -0.0875215763
3   10   3   5   -0.0741053519
3   10   5   6   0.0235084870

1   6   6   1   -0.4769584472
1   6   7   1   -0.0000000000
1   6   8   1   -0.0186391578
1   6   9   3   0.0191622188
1   6   10   3   0.0226313964
1   7   6   1   -0.0000000000
1   7   7   1   -0.4644904919
1   7   8   1   0.0000000000
1   7   9   3   0.0000000000
1   7   10   3   0.0000000000
1   8   6   1   -0.0186391578
1   8   7   1   0.0000000000
1   8   8   1   -0.4589762523
1   8   9   3   0.0069149784
1   8   10   3   0.0081668839
1   9   6   3   0.0195319129
1   9   7   3   0.0000000000
1   9   8   3   0.0081395988
1   9   9   1   -0.4584240361
1   9   9   2   0.0173030848
1   9   10   1   -0.0173030848
1   9   10   2   0.0013585567
1   10   6   3   0.0230680209
1   10   7   3   0.0000000000
1   10   8   3   0.0096132127
1   10   9   1   -0.0173030848
1   10   9   2   0.0044264366
1   10   10   1   -0.4642090294
1   10   10   2   -0.0173030848
2   6   6   2   -0.4769584472
2   6   7   2   -0.0000000000
2   6   8   2   -0.0186391578
2   6   9   3   -0.0226313964
2   6   10   3   0.0191622188
2   7   6   2   -0.0000000000
2   7   7   2   -0.4644904919
2   7   8   2   0.0000000000
2   7   9   3   -0.0000000000
2   7   10   3   0.0000000000
2   8   6   2   -0.0186391578
2   8   7   2   0.0000000000
2   8   8   2   -0.4589762523
2   8   9   3   -0.0081668839
2   8   10   3   0.0069149784
2   9   6   3   -0.0230680209
2   9   7   3   -0.0000000000
2   9   8   3   -0.0096132127
2   9   9   1   0.0173030848
2   9   9   2   -0.4642090294
2   9   10   1   0.0044264366
2   9   10   2   0.0173030848
2   10   6   3   0.0195319129
2   10   7   3   0.0000000000
2   10   8   3   0.0081395988
2   10   9   1   0.0013585567
2   10   9   2   0.0173030848
2   10   10   1   -0.0173030848
2   10   10   2   -0.4584240361
3   6   6   3   -0.4999815148
3   6   7   3   -0.0000000000
3   6   8   3   -0.0556882126
3   6   9   1   0.0195319129
3   6   9   2   -0.0230680209
3   6   10   1   0.0230680209
3   6   10   2   0.0195319129
3   7   6   3   -0.0000000000
3   7   7   3   -0.4534329695
3   7   8   3   -0.0000000000
3   7   9   1   0.0000000000
3   7   9   2   -0.0000000000
3   7   10   1   0.0000000000
3   7   10   2   0.0000000000
3   8   6   3   -0.0556882126
3   8   7   3   -0.0000000000
3   8   8   3   -0.4820598227
3   8   9   1   0.0081395988
3   8   9   2   -0.0096132127
3   8   10   1   0.0096132127
3   8   10   2   0.0081395988
3   9   6   1   0.0191622188
3   9   6   2   -0.0226313964
3   9   7   1   0.0000000000
3   9   7   2   -0.0000000000
3   9   8   1   0.0069149784
3   9   8   2   -0.0081668839
3   9   9   3   -0.4529001066
3   10   6   1   0.0226313964
3   10   6   2   0.0191622188
3   10   7   1   0.0000000000
3   10   7   2   0.0000000000
3   10   8   1   0.0081668839
3   10   8   2   0.0069149784
3   10   10   3   -0.4529001066

End AIJB Block
Begin IJKA Block
1   6   1   6   0.0000000000
1   6   2   6   -0.0554015670
1   6   3   6   0.0000000000
1   6   4   4   -0.0000000000
1   6   4   5   0.0000000000
1   6   5   4   -0.0000000000
1   6   5   5   -0.0000000000
1   7   1   6   -0.0690395780
1   7   2   6   -0.0000000000
1   7   3   6   -0.0523516779
1   7   4   4   0.0405347448
1   7   4   5   -0.0478732597
1   7   5   4   0.0478732597
1   7   5   5   0.0405347448
1   8   1   6   0.0000000000
1   8   2   6   -0.1158897118
1   8   3   6   0.0000000000
1   9   1   4   -0.0000000000
1   9   1   5   0.0000000000
1   9   2   4   0.0949184058
1   9   2   5   -0.1121026793
1   9   4   6   0.0000000000
1   10   1   4   -0.0000000000
1   10   1   5   -0.0000000000
1   10   2   4   0.1121026793
1   10   2   5   0.0949184058
1   10   5   6   0.0000000000
2   6   1   6   -0.0557609086
2   6   2   6   -0.0000000000
2   6   3   6   -0.0065440470
2   6   4   4   0.0314259859
2   6   4   5   -0.0371154276
2   6   5   4   0.0371154276
2   6   5   5   0.0314259859
2   7   1   6   -0.0000000000
2   7   2   6   -0.0138407452
2   7   3   6   -0.0000000000
2   7   4   4   0.0000000000
2   7   4   5   -0.0000000000
2   7   5   4   0.0000000000
2   7   5   5   0.0000000000
2   8   1   6   -0.1168758634
2   8   2   6   -0.0000000000
2   8   3   6   0.0900344265
2   8   4   4   -0.0125602762
2   8   4   5   0.0148342211
2   8   5   4   -0.0148342211
2   8   5   5   -0.0125602762
2   9   1   4   0.0946515363
2   9   1   5   -0.1117874949
2   9   2   4   0.0000000000
2   9   2   5   -0.0000000000
2   9   3   4   -0.0651929226
2   9   3   5   0.0769956177
2   9   4   6   -0.0161860608
2   10   1   4   0.1117874949
2   10   1   5   0.0946515363
2   10   2   4   0.0000000000
2   10   2   5   0.0000000000
2   10   3   4   -0.0769956177
2   10   3   5   -0.0651929226
2   10   5   6   -0.0161860608
3   6   1   6   0.0000000000
3   6   2   6   -0.0050942482
3   6   3   6   0.0000000000
3   7   1   6   -0.0508408262
3   7   2   6   -0.0000000000
3   7   3   6   -0.0144728854
3   7   4   4   -0.0091203462
3   7   4   5   0.0107715173
3   7   5   4   -0.0107715173
3   7   5   5   -0.0091203462
3   8   1   6   0.0000000000
3   8   2   6   0.0917846504
3   9   2   4   -0.0652221753
3   9   2   5   0.0770301664
3   9   4   6   0.0000000000
3   10   2   4   -0.0770301664
3   10   2   5   -0.0652221753
3   10   5   6   0.0000000000
4   6   1   4   -0.0000000000
4   6   1   5   0.0000000000
4   6   2   4   0.0311490050
4   6   2   5   -0.0367883014
4   6   4   6   0.0000000000
4   7   1   4   0.0389443008
4   7   1   5   -0.0459948776
4   7   2   4   0.0000000000
4   7   2   5   -0.0000000000
4   7   3   4   -0.0110925441
4   7   3   5   0.0131007670
4   7   4   6   -0.0475060663
4   8   2   4   -0.0138666219
4   8   2   5   0.0163770710
4   8   4   6   0.0000000000
4   9   1   6   0.0000000000
4   9   2   6   -0.0156852038
4   9   3   6   0.0000000000
4   9   4   4   -0.0000000000
4   9   4   5   0.0000000000
4   10   4   4   -0.0000000000
4   10   4   5   -0.0000000000
5   6   1   4   -0.0000000000
5   6   1   5   -0.0000000000
5   6   2   4   0.0367883014
5   6   2   5   0.0311490050
5   6   5   6   0.0000000000
5   7   1   4   0.0459948776
5   7   1   5   0.0389443008
5   7   2   4   0.0000000000
5   7   2   5   0.0000000000
5   7   3   4   -0.0131007670
5   7   3   5   -0.0110925441
5   7   5   6   -0.0475060663
5   8   2   4   -0.0163770710
5   8   2   5   -0.0138666219
5   8   5   6   0.0000000000
5   9   5   4   -0.0000000000
5   9   5   5   0.0000000000
5   10   1   6   0.0000000000
5   10   2   6   -0.0156852038
5   10   3   6   0.0000000000
5   10   5   4   -0.0000000000
5   10   5   5   -0.0000000000

End IJKA Block
Begin IABC Block
1   6   3   6   0.0000000000
2   4   1   6   -0.0184738671
2   4   3   4   -0.0376498339
2   5   2   6   -0.0184738671
2   5   3   5   -0.0376498339
2   6   1   4   -0.0164938390
2   6   2   5   -0.0164938390
2   6   3   6   -0.0444242987
3   4   3   4   -0.0000000000
3   5   3   5   -0.0000000000
4   4   1   4   0.0000000000
4   4   2   4   -0.0000000000
4   5   1   5   0.0000000000
4   5   2   5   -0.0000000000
4   6   1   6   0.0000000000
4   6   2   6   -0.0000000000
5   4   1   4   0.0000000000
5   4   2   4   0.0000000000
5   5   1   5   0.0000000000
5   5   2   5   0.0000000000
5   6   1   6   0.0000000000
5   6   2   6   0.0000000000

End IABC Block
