Begin IJ Block
1   1   -6.6896903263
1   3   -0.5628040864
2   2   -5.0590845240
3   3   -5.0926519407
4   4   -5.3652557867
5   5   -5.3652557867

End IJ Block
Begin IA Block
2   3   -0.5217660297

End IA Block
Begin AB Block
1   1   -4.3427775518
2   2   -4.3427775518
3   3   -2.4407083687

End AB Block
Begin IJKL Block
1   6   1   6   0.8091396989
1   6   1   8   0.1402609960
1   6   2   7   0.0508604804
1   6   3   6   0.1402609960
1   6   3   8   0.0615334829
1   6   4   9   0.0930327586
1   6   5   10   0.0930327586
1   7   1   7   0.5188818091
1   7   2   6   0.0535725586
1   7   2   8   -0.0878339655
1   7   3   7   0.0087944237
1   8   1   6   0.1402609960
1   8   1   8   0.5633729270
1   8   2   7   -0.0889313807
1   8   3   6   0.0643174320
1   8   3   8   0.0343818507
1   8   4   9   -0.0120679763
1   8   5   10   -0.0120679763
1   9   1   9   0.6318647423
1   9   3   9   0.0607650481
1   9   4   6   0.0961609575
1   9   4   8   -0.0117277376
1   10   1   10   0.6318647423
1   10   3   10   0.0607650481
1   10   5   6   0.0961609575
1   10   5   8   -0.0117277376
2   6   1   7   0.0535725586
2   6   2   6   0.5188818091
2   6   2   8   0.0087944237
2   6   3   7   -0.0878339655
2   7   1   6   0.0508604804
2   7   1   8   -0.0889313807
2   7   2   7   0.5239304067
2   7   3   6   -0.0889313807
2   7   3   8   0.1925595928
2   7   4   9   0.0365404351
2   7   5   10   0.0365404351
2   8   1   7   -0.0878339655
2   8   2   6   0.0087944237
2   8   2   8   0.5246115330
2   8   3   7   0.1923065555
2   9   2   9   0.4904471860
2   9   4   7   0.0396360716
2   10   2   10   0.4904471860
2   10   5   7   0.0396360716
3   6   1   6   0.1402609960
3   6   1   8   0.0643174320
3   6   2   7   -0.0889313807
3   6   3   6   0.5633729270
3   6   3   8   0.0343818507
3   6   4   9   -0.0120679763
3   6   5   10   -0.0120679763
3   7   1   7   0.0087944237
3   7   2   6   -0.0878339655
3   7   2   8   0.1923065555
3   7   3   7   0.5246115330
3   8   1   6   0.0615334829
3   8   1   8   0.0343818507
3   8   2   7   0.1925595928
3   8   3   6   0.0343818507
3   8   3   8   0.5432455839
3   8   4   9   0.0187687158
3   8   5   10   0.0187687158
3   9   1   9   0.0607650481
3   9   3   9   0.5000208519
3   9   4   6   -0.0117277376
3   9   4   8   0.0229364862
3   10   1   10   0.0607650481
3   10   3   10   0.5000208519
3   10   5   6   -0.0117277376
3   10   5   8   0.0229364862
4   6   1   9   0.0961609575
4   6   3   9   -0.0117277376
4   6   4   6   0.6318647423
4   6   4   8   0.0607650481
4   7   2   9   0.0396360716
4   7   4   7   0.4904471860
4   8   1   9   -0.0117277376
4   8   3   9   0.0229364862
4   8   4   6   0.0607650481
4   8   4   8   0.5000208519
4   9   1   6   0.0930327586
4   9   1   8   -0.0120679763
4   9   2   7   0.0365404351
4   9   3   6   -0.0120679763
4   9   3   8   0.0187687158
4   9   4   9   0.5678296419
4   9   5   10   0.0176758324
4   10   4   10   0.5291730783
4   10   5   9   0.0209807313
5   6   1   10   0.0961609575
5   6   3   10   -0.0117277376
5   6   5   6   0.6318647423
5   6   5   8   0.0607650481
5   7   2   10   0.0396360716
5   7   5   7   0.4904471860
5   8   1   10   -0.0117277376
5   8   3   10   0.0229364862
5   8   5   6   0.0607650481
5   8   5   8   0.5000208519
5   9   4   10   0.0209807313
5   9   5   9   0.5291730783
5   10   1   6   0.0930327586
5   10   1   8   -0.0120679763
5   10   2   7   0.0365404351
5   10   3   6   -0.0120679763
5   10   3   8   0.0187687158
5   10   4   9   0.0176758324
5   10   5   10   0.5678296419

End IJKL Block
Begin IJAB Block
1   6   1   4   0.0328855089
1   6   2   5   0.0328855089
1   6   3   6   0.0127757213
1   8   1   4   -0.0201976854
1   8   2   5   -0.0201976854
1   8   3   6   -0.0047455581
1   9   1   6   0.0164502957
1   9   2   6   0.0026938665
1   9   3   4   0.0307232361
1   9   3   5   0.0050311737
1   10   1   6   0.0026938665
1   10   2   6   -0.0164502957
1   10   3   4   0.0050311737
1   10   3   5   -0.0307232361
2   7   1   4   0.0681700119
2   7   2   5   0.0681700119
2   7   3   6   0.0254360942
3   6   1   4   -0.0201976854
3   6   2   5   -0.0201976854
3   6   3   6   -0.0047455581
3   8   1   4   0.0383792872
3   8   2   5   0.0383792872
3   8   3   6   0.0179346217
3   9   1   6   -0.0090727898
3   9   2   6   -0.0014857413
3   9   3   4   -0.0023449960
3   9   3   5   -0.0003840117
3   10   1   6   -0.0014857413
3   10   2   6   0.0090727898
3   10   3   4   -0.0003840117
3   10   3   5   0.0023449960
4   6   1   6   0.0307232361
4   6   2   6   0.0050311737
4   6   3   4   0.0164502957
4   6   3   5   0.0026938665
4   8   1   6   -0.0023449960
4   8   2   6   -0.0003840117
4   8   3   4   -0.0090727898
4   8   3   5   -0.0014857413
4   9   1   4   0.1135689324
4   9   1   5   0.0159081987
4   9   2   4   0.0159081987
4   9   2   5   0.0190294296
4   9   3   6   0.0082072236
4   10   1   4   0.0159081987
4   10   1   5   -0.0818537839
4   10   2   4   -0.0126857189
4   10   2   5   -0.0159081987
5   6   1   6   0.0050311737
5   6   2   6   -0.0307232361
5   6   3   4   0.0026938665
5   6   3   5   -0.0164502957
5   8   1   6   -0.0003840117
5   8   2   6   0.0023449960
5   8   3   4   -0.0014857413
5   8   3   5   0.0090727898
5   9   1   4   0.0159081987
5   9   1   5   -0.0126857189
5   9   2   4   -0.0818537839
5   9   2   5   -0.0159081987
5   10   1   4   0.0190294296
5   10   1   5   -0.0159081987
5   10   2   4   -0.0159081987
5   10   2   5   0.1135689324
5   10   3   6   0.0082072236

End IJAB Block
Begin ABCD Block
1   4   1   4   0.4471345378
1   4   2   5   0.0165213252
1   4   3   6   0.0101881866
1   5   1   5   0.4140918874
1   5   2   4   0.0165213252
1   6   1   6   0.2813001209
1   6   3   4   0.0101881866
2   4   1   5   0.0165213252
2   4   2   4   0.4140918874
2   5   1   4   0.0165213252
2   5   2   5   0.4471345378
2   5   3   6   0.0101881866
2   6   2   6   0.2813001209
2   6   3   5   0.0101881866
3   4   1   6   0.0101881866
3   4   3   4   0.2813001209
3   5   2   6   0.0101881866
3   5   3   5   0.2813001209
3   6   1   4   0.0101881866
3   6   2   5   0.0101881866
3   6   3   6   0.3034868657

End ABCD Block
Begin AIJB Block
1   6   1   4   0.0289333119
1   6   3   4   -0.0191681192
1   6   4   6   0.0279633912
1   6   5   6   0.0045792272
1   7   2   4   0.0640428688
1   8   1   4   -0.0191681192
1   8   3   4   0.0335979958
1   8   4   6   -0.0023968398
1   8   5   6   -0.0003925015
1   9   1   6   0.0127323908
1   9   3   6   -0.0072531086
1   9   4   4   0.1141062780
1   9   4   5   0.0164288705
1   9   5   4   0.0164288705
1   9   5   5   -0.0109838350
1   10   1   6   0.0020850301
1   10   3   6   -0.0011877541
1   10   4   4   0.0164288705
1   10   4   5   -0.0866499246
1   10   5   4   0.0164725183
1   10   5   5   -0.0164288705
2   6   1   5   0.0289333119
2   6   3   5   -0.0191681192
2   6   4   6   0.0045792272
2   6   5   6   -0.0279633912
2   7   2   5   0.0640428688
2   8   1   5   -0.0191681192
2   8   3   5   0.0335979958
2   8   4   6   -0.0003925015
2   8   5   6   0.0023968398
2   9   1   6   0.0020850301
2   9   3   6   -0.0011877541
2   9   4   4   0.0164288705
2   9   4   5   0.0164725183
2   9   5   4   -0.0866499246
2   9   5   5   -0.0164288705
2   10   1   6   -0.0127323908
2   10   3   6   0.0072531086
2   10   4   4   -0.0109838350
2   10   4   5   -0.0164288705
2   10   5   4   -0.0164288705
2   10   5   5   0.1141062780
3   6   1   6   0.0102316469
3   6   3   6   -0.0034342344
3   6   4   4   0.0127323908
3   6   4   5   0.0020850301
3   6   5   4   0.0020850301
3   6   5   5   -0.0127323908
3   7   2   6   0.0221474498
3   8   1   6   -0.0034342344
3   8   3   6   0.0149275055
3   8   4   4   -0.0072531086
3   8   4   5   -0.0011877541
3   8   5   4   -0.0011877541
3   8   5   5   0.0072531086
3   9   1   4   0.0279633912
3   9   1   5   0.0045792272
3   9   3   4   -0.0023968398
3   9   3   5   -0.0003925015
3   9   4   6   0.0070980939
3   10   1   4   0.0045792272
3   10   1   5   -0.0279633912
3   10   3   4   -0.0003925015
3   10   3   5   0.0023968398
3   10   5   6   0.0070980939

1   6   6   1   -0.5107065288
1   6   8   1   -0.0258917090
1   6   9   3   -0.0193092097
1   6   10   3   -0.0031620363
1   7   7   1   -0.4643022274
1   8   6   1   -0.0258917090
1   8   8   1   -0.4658698095
1   8   9   3   0.0040141275
1   8   10   3   0.0006573452
1   9   6   3   -0.0196276976
1   9   8   3   0.0035216823
1   9   9   1   -0.4952709277
1   9   9   2   -0.0055389389
1   9   10   1   -0.0055389389
1   9   10   2   0.0175306913
1   10   6   3   -0.0032141913
1   10   8   3   0.0005767034
1   10   9   1   -0.0055389389
1   10   9   2   0.0153862054
1   10   10   1   -0.4623540310
1   10   10   2   0.0055389389
2   6   6   2   -0.5107065288
2   6   8   2   -0.0258917090
2   6   9   3   -0.0031620363
2   6   10   3   0.0193092097
2   7   7   2   -0.4643022274
2   8   6   2   -0.0258917090
2   8   8   2   -0.4658698095
2   8   9   3   0.0006573452
2   8   10   3   -0.0040141275
2   9   6   3   -0.0032141913
2   9   8   3   0.0005767034
2   9   9   1   -0.0055389389
2   9   9   2   -0.4623540310
2   9   10   1   0.0153862054
2   9   10   2   0.0055389389
2   10   6   3   0.0196276976
2   10   8   3   -0.0035216823
2   10   9   1   0.0175306913
2   10   9   2   0.0055389389
2   10   10   1   0.0055389389
2   10   10   2   -0.4952709277
3   6   6   3   -0.2900496560
3   6   8   3   0.0000843516
3   6   9   1   -0.0196276976
3   6   9   2   -0.0032141913
3   6   10   1   -0.0032141913
3   6   10   2   0.0196276976
3   7   7   3   -0.3034254640
3   8   6   3   0.0000843516
3   8   8   3   -0.3069887280
3   8   9   1   0.0035216823
3   8   9   2   0.0005767034
3   8   10   1   0.0005767034
3   8   10   2   -0.0035216823
3   9   6   1   -0.0193092097
3   9   6   2   -0.0031620363
3   9   8   1   0.0040141275
3   9   8   2   0.0006573452
3   9   9   3   -0.2836135636
3   10   6   1   -0.0031620363
3   10   6   2   0.0193092097
3   10   8   1   0.0006573452
3   10   8   2   -0.0040141275
3   10   10   3   -0.2836135636

End AIJB Block
Begin IJKA Block
1   6   2   6   0.0200139306
1   7   1   6   0.0742324249
1   7   3   6   0.0084049200
1   7   4   4   0.0565222086
1   7   4   5   0.0092559603
1   7   5   4   0.0092559603
1   7   5   5   -0.0565222086
1   8   2   6   -0.0025240024
1   9   2   4   0.0687592207
1   9   2   5   0.0112598681
1   10   2   4   0.0112598681
1   10   2   5   -0.0687592207
2   6   1   6   0.0198405411
2   6   3   6   -0.0249503586
2   6   4   4   0.0310874261
2   6   4   5   0.0050908128
2   6   5   4   0.0050908128
2   6   5   5   -0.0310874261
2   7   2   6   0.0541025868
2   8   1   6   -0.0022689310
2   8   3   6   0.0013947864
2   8   4   4   -0.0285653441
2   8   4   5   -0.0046778018
2   8   5   4   -0.0046778018
2   8   5   5   0.0285653441
2   9   1   4   0.0672935501
2   9   1   5   0.0110198529
2   9   3   4   -0.1107613584
2   9   3   5   -0.0181380515
2   9   4   6   0.0128108341
2   10   1   4   0.0110198529
2   10   1   5   -0.0672935501
2   10   3   4   -0.0181380515
2   10   3   5   0.1107613584
2   10   5   6   0.0128108341
3   6   2   6   -0.0248907726
3   7   1   6   0.0078030306
3   7   3   6   0.0542734389
3   7   4   4   -0.0273309689
3   7   4   5   -0.0044756631
3   7   5   4   -0.0044756631
3   7   5   5   0.0273309689
3   8   2   6   0.0006650120
3   9   2   4   -0.1094529616
3   9   2   5   -0.0179237911
3   10   2   4   -0.0179237911
3   10   2   5   0.1094529616
4   6   2   4   0.0299737660
4   6   2   5   0.0049084421
4   7   1   4   0.0529450998
4   7   1   5   0.0086701803
4   7   3   4   -0.0286176694
4   7   3   5   -0.0046863705
4   7   4   6   0.0630739226
4   8   2   4   -0.0292762395
4   8   2   5   -0.0047942166
4   9   2   6   0.0122802567
5   6   2   4   0.0049084421
5   6   2   5   -0.0299737660
5   7   1   4   0.0086701803
5   7   1   5   -0.0529450998
5   7   3   4   -0.0046863705
5   7   3   5   0.0286176694
5   7   5   6   0.0630739226
5   8   2   4   -0.0047942166
5   8   2   5   0.0292762395
5   10   2   6   0.0122802567

End IJKA Block
Begin IABC Block
2   4   1   6   0.0125369635
2   4   3   4   0.0494760292
2   5   2   6   0.0125369635
2   5   3   5   0.0494760292
2   6   1   4   0.0126950754
2   6   2   5   0.0126950754
2   6   3   6   -0.0050067817

End IABC Block
