Begin IJ Block
1   1   -2.4353470482
1   2   0.0000000021
2   2   -2.4337074368
3   3   -2.3093425193
4   4   -2.3093423585

End IJ Block
Begin IA Block
1   3   0.0000000009
1   6   0.1409694130
2   3   0.0002347732
2   6   -0.0000001816

End IA Block
Begin AB Block
1   1   -1.9128050150
2   2   -1.9128048823
3   3   -1.3320490081
3   6   0.0000000000
4   4   -1.2111246904
5   5   -1.2111245365
6   6   -1.1492455882

End AB Block
Begin IJKL Block
1   5   1   5   0.2918303413
1   5   1   6   -0.0000000003
1   5   2   5   -0.0000000003
1   5   2   6   0.0101801757
1   5   3   7   0.0043691712
1   5   3   8   0.0000000034
1   5   4   7   0.0000000034
1   5   4   8   0.0028504849
1   6   1   5   -0.0000000003
1   6   1   6   0.2697206544
1   6   2   5   0.0116601633
1   6   2   6   -0.0000000003
1   6   3   7   -0.0000000034
1   6   3   8   0.0007298130
1   6   4   7   0.0007962403
1   6   4   8   0.0000000034
1   7   1   7   0.2711041883
1   7   1   8   -0.0000000049
1   7   2   7   0.0000000046
1   7   2   8   -0.0014595311
1   7   3   5   0.0056536331
1   7   3   6   -0.0000000027
1   7   4   5   0.0000000027
1   7   4   6   0.0006274348
1   8   1   7   -0.0000000049
1   8   1   8   0.2733425129
1   8   2   7   -0.0007654892
1   8   2   8   -0.0000000052
1   8   3   5   0.0000000027
1   8   3   6   0.0006077838
1   8   4   5   0.0044201236
1   8   4   6   0.0000000027
2   5   1   5   -0.0000000003
2   5   1   6   0.0116601633
2   5   2   5   0.2697206544
2   5   2   6   -0.0000000003
2   5   3   7   -0.0000000034
2   5   3   8   0.0007962403
2   5   4   7   0.0007298130
2   5   4   8   0.0000000034
2   6   1   5   0.0101801757
2   6   1   6   -0.0000000003
2   6   2   5   -0.0000000003
2   6   2   6   0.2913083985
2   6   3   7   0.0028242677
2   6   3   8   -0.0000000034
2   6   4   7   -0.0000000034
2   6   4   8   0.0043590037
2   7   1   7   0.0000000046
2   7   1   8   -0.0007654892
2   7   2   7   0.2730943062
2   7   2   8   0.0000000049
2   7   3   5   -0.0000000027
2   7   3   6   0.0044093505
2   7   4   5   0.0006077838
2   7   4   6   -0.0000000027
2   8   1   7   -0.0014595311
2   8   1   8   -0.0000000052
2   8   2   7   0.0000000049
2   8   2   8   0.2708825759
2   8   3   5   0.0006274348
2   8   3   6   -0.0000000027
2   8   4   5   0.0000000027
2   8   4   6   0.0056462774
3   5   1   7   0.0056536331
3   5   1   8   0.0000000027
3   5   2   7   -0.0000000027
3   5   2   8   0.0006274348
3   5   3   5   0.2711041883
3   5   3   6   0.0000000046
3   5   4   5   -0.0000000049
3   5   4   6   -0.0014595311
3   6   1   7   -0.0000000027
3   6   1   8   0.0006077838
3   6   2   7   0.0044093505
3   6   2   8   -0.0000000027
3   6   3   5   0.0000000046
3   6   3   6   0.2730943062
3   6   4   5   -0.0007654892
3   6   4   6   0.0000000049
3   7   1   5   0.0043691712
3   7   1   6   -0.0000000034
3   7   2   5   -0.0000000034
3   7   2   6   0.0028242677
3   7   3   7   0.3139781543
3   7   4   8   0.0199817401
3   8   1   5   0.0000000034
3   8   1   6   0.0007298130
3   8   2   5   0.0007962403
3   8   2   6   -0.0000000034
3   8   3   8   0.2722739880
3   8   4   7   0.0217272544
3   8   4   8   -0.0000000000
4   5   1   7   0.0000000027
4   5   1   8   0.0044201236
4   5   2   7   0.0006077838
4   5   2   8   0.0000000027
4   5   3   5   -0.0000000049
4   5   3   6   -0.0007654892
4   5   4   5   0.2733425129
4   5   4   6   -0.0000000052
4   6   1   7   0.0006274348
4   6   1   8   0.0000000027
4   6   2   7   -0.0000000027
4   6   2   8   0.0056462774
4   6   3   5   -0.0014595311
4   6   3   6   0.0000000049
4   6   4   5   -0.0000000052
4   6   4   6   0.2708825759
4   7   1   5   0.0000000034
4   7   1   6   0.0007962403
4   7   2   5   0.0007298130
4   7   2   6   -0.0000000034
4   7   3   8   0.0217272544
4   7   4   7   0.2722739880
4   7   4   8   -0.0000000000
4   8   1   5   0.0028504849
4   8   1   6   0.0000000034
4   8   2   5   0.0000000034
4   8   2   6   0.0043590037
4   8   3   7   0.0199817401
4   8   3   8   -0.0000000000
4   8   4   7   -0.0000000000
4   8   4   8   0.3139828500

End IJKL Block
Begin IJAB Block
1   5   1   7   0.0047938859
1   5   1   8   -0.0000000025
1   5   2   7   -0.0000000025
1   5   2   8   0.0036602893
1   5   3   9   0.0078845386
1   5   3   12   0.0000000108
1   5   4   10   0.0046036303
1   5   4   11   -0.0000000066
1   5   5   10   -0.0000000066
1   5   5   11   0.0084189497
1   5   6   9   0.0000000108
1   5   6   12   0.0101072162
1   6   1   7   -0.0000000025
1   6   1   8   -0.0001696987
1   6   2   7   -0.0009622418
1   6   2   8   0.0000000024
1   6   3   9   -0.0000000001
1   6   3   12   0.0020070240
1   6   4   10   0.0000000055
1   6   4   11   -0.0023151845
1   6   5   10   -0.0016349941
1   6   5   11   -0.0000000059
1   6   6   9   0.0020185265
1   6   6   12   -0.0000000087
1   7   1   10   -0.0003634519
1   7   1   11   0.0000000025
1   7   2   10   0.0000000052
1   7   2   11   -0.0013513435
1   7   4   7   -0.0010874448
1   7   4   8   0.0000000114
1   7   5   7   0.0000000074
1   7   5   8   -0.0015038813
1   8   1   10   0.0000000013
1   8   1   11   -0.0027198568
1   8   2   10   -0.0010050600
1   8   2   11   0.0000000013
1   8   4   7   0.0000000000
1   8   4   8   -0.0030644883
1   8   5   7   -0.0056558211
1   8   5   8   0.0000000039
2   5   1   7   -0.0000000025
2   5   1   8   -0.0009622418
2   5   2   7   -0.0001696987
2   5   2   8   0.0000000024
2   5   3   9   -0.0000000001
2   5   3   12   0.0020185265
2   5   4   10   0.0000000055
2   5   4   11   -0.0016349941
2   5   5   10   -0.0023151845
2   5   5   11   -0.0000000059
2   5   6   9   0.0020070240
2   5   6   12   -0.0000000087
2   6   1   7   0.0036392107
2   6   1   8   0.0000000025
2   6   2   7   0.0000000025
2   6   2   8   0.0047618093
2   6   3   9   0.0078007616
2   6   3   12   -0.0000000108
2   6   4   10   0.0081840025
2   6   4   11   0.0000000066
2   6   5   10   0.0000000066
2   6   5   11   0.0045160440
2   6   6   9   -0.0000000108
2   6   6   12   0.0032029858
2   7   1   10   0.0000000013
2   7   1   11   0.0010018731
2   7   2   10   0.0027107364
2   7   2   11   0.0000000013
2   7   4   7   0.0000000039
2   7   4   8   0.0055272657
2   7   5   7   0.0029764456
2   7   5   8   0.0000000001
2   8   1   10   0.0013484933
2   8   1   11   0.0000000052
2   8   2   10   0.0000000025
2   8   2   11   0.0003603672
2   8   4   7   0.0015559569
2   8   4   8   0.0000000074
2   8   5   7   0.0000000114
2   8   5   8   0.0009948734
3   5   1   10   -0.0010874448
3   5   1   11   0.0000000074
3   5   2   10   0.0000000114
3   5   2   11   -0.0015038813
3   5   4   7   -0.0003634519
3   5   4   8   0.0000000052
3   5   5   7   0.0000000025
3   5   5   8   -0.0013513435
3   6   1   10   0.0000000039
3   6   1   11   0.0029764456
3   6   2   10   0.0055272657
3   6   2   11   0.0000000001
3   6   4   7   0.0000000013
3   6   4   8   0.0027107364
3   6   5   7   0.0010018731
3   6   5   8   0.0000000013
3   7   1   7   0.0337974094
3   7   1   8   -0.0000000012
3   7   2   7   -0.0000000012
3   7   2   8   0.0598326795
3   7   3   9   0.0020290657
3   7   3   12   -0.0000000011
3   7   4   10   0.0021812142
3   7   4   11   -0.0000000009
3   7   5   10   -0.0000000009
3   7   5   11   0.0006917077
3   7   6   9   -0.0000000011
3   7   6   12   0.0014277996
3   8   1   7   -0.0000000012
3   8   1   8   0.0358154280
3   8   2   7   -0.0097723213
3   8   2   8   0.0000000012
3   8   3   9   -0.0000000001
3   8   3   12   -0.0012440296
3   8   4   10   0.0000000011
3   8   4   11   0.0009873589
3   8   5   10   0.0007037509
3   8   5   11   -0.0000000012
3   8   6   9   -0.0012403815
3   8   6   12   -0.0000000020
4   5   1   10   0.0000000000
4   5   1   11   -0.0056558211
4   5   2   10   -0.0030644883
4   5   2   11   0.0000000039
4   5   4   7   0.0000000013
4   5   4   8   -0.0010050600
4   5   5   7   -0.0027198568
4   5   5   8   0.0000000013
4   6   1   10   0.0015559569
4   6   1   11   0.0000000114
4   6   2   10   0.0000000074
4   6   2   11   0.0009948734
4   6   4   7   0.0013484933
4   6   4   8   0.0000000025
4   6   5   7   0.0000000052
4   6   5   8   0.0003603672
4   7   1   7   -0.0000000012
4   7   1   8   -0.0097723213
4   7   2   7   0.0358154280
4   7   2   8   0.0000000012
4   7   3   9   -0.0000000001
4   7   3   12   -0.0012403815
4   7   4   10   0.0000000011
4   7   4   11   0.0007037509
4   7   5   10   0.0009873589
4   7   5   11   -0.0000000012
4   7   6   9   -0.0012440296
4   7   6   12   -0.0000000020
4   8   1   7   0.0598406484
4   8   1   8   0.0000000012
4   8   2   7   0.0000000012
4   8   2   8   0.0337986068
4   8   3   9   0.0020841077
4   8   3   12   0.0000000011
4   8   4   10   0.0007282913
4   8   4   11   0.0000000008
4   8   5   10   0.0000000008
4   8   5   11   0.0022907694
4   8   6   9   0.0000000011
4   8   6   12   0.0035013479

End IJAB Block
Begin ABCD Block
1   7   1   7   0.2806719409
1   7   2   8   0.0112432748
1   7   3   9   0.0015674534
1   7   3   12   0.0000000011
1   7   4   10   0.0007431801
1   7   4   11   0.0000000005
1   7   5   10   0.0000000005
1   7   5   11   0.0016588545
1   7   6   9   0.0000000011
1   7   6   12   0.0030046001
1   8   1   8   0.2567952423
1   8   2   7   0.0126334140
1   8   3   12   -0.0011588383
1   8   4   10   0.0000000005
1   8   4   11   0.0005640991
1   8   5   10   0.0003515733
1   8   5   11   -0.0000000005
1   8   6   9   -0.0011588386
1   8   6   12   -0.0000000015
1   9   1   9   0.1859416922
1   9   1   12   0.0000000068
1   9   2   12   -0.0070995708
1   9   3   7   0.0018710933
1   9   6   7   0.0000000012
1   9   6   8   -0.0012058788
1   10   1   10   0.1705298962
1   10   1   11   0.0000000062
1   10   2   10   0.0000000062
1   10   2   11   0.0053092750
1   10   4   7   0.0009196968
1   10   4   8   0.0000000006
1   10   5   7   0.0000000006
1   10   5   8   0.0003943140
1   11   1   10   0.0000000062
1   11   1   11   0.1812497141
1   11   2   10   0.0054105392
1   11   2   11   -0.0000000062
1   11   4   7   0.0000000006
1   11   4   8   0.0006502499
1   11   5   7   0.0019642629
1   11   5   8   -0.0000000006
1   12   1   9   0.0000000068
1   12   1   12   0.1775538628
1   12   2   9   -0.0070995704
1   12   2   12   -0.0000000076
1   12   3   7   0.0000000012
1   12   3   8   -0.0012058784
1   12   6   7   0.0032259264
1   12   6   8   -0.0000000015
2   7   1   8   0.0126334140
2   7   2   7   0.2567952423
2   7   3   12   -0.0011588386
2   7   4   10   0.0000000005
2   7   4   11   0.0003515733
2   7   5   10   0.0005640991
2   7   5   11   -0.0000000005
2   7   6   9   -0.0011588383
2   7   6   12   -0.0000000015
2   8   1   7   0.0112432748
2   8   2   8   0.2806719172
2   8   3   9   0.0015674567
2   8   3   12   -0.0000000011
2   8   4   10   0.0016588560
2   8   4   11   -0.0000000005
2   8   5   10   -0.0000000005
2   8   5   11   0.0007431810
2   8   6   9   -0.0000000011
2   8   6   12   0.0013327792
2   9   1   12   -0.0070995704
2   9   2   9   0.1859417041
2   9   2   12   -0.0000000068
2   9   3   8   0.0018710966
2   9   6   7   -0.0012058784
2   9   6   8   -0.0000000012
2   10   1   10   0.0000000062
2   10   1   11   0.0054105392
2   10   2   10   0.1812497277
2   10   2   11   -0.0000000062
2   10   4   7   0.0000000006
2   10   4   8   0.0019642645
2   10   5   7   0.0006502499
2   10   5   8   -0.0000000006
2   11   1   10   0.0053092750
2   11   1   11   -0.0000000062
2   11   2   10   -0.0000000062
2   11   2   11   0.1705298940
2   11   4   7   0.0003943140
2   11   4   8   -0.0000000006
2   11   5   7   -0.0000000006
2   11   5   8   0.0009196976
2   12   1   9   -0.0070995708
2   12   1   12   -0.0000000076
2   12   2   9   -0.0000000068
2   12   2   12   0.1688860136
2   12   3   7   -0.0012058788
2   12   3   8   -0.0000000012
2   12   6   7   -0.0000000015
2   12   6   8   0.0015001875
3   7   1   9   0.0018710933
3   7   1   12   0.0000000012
3   7   2   12   -0.0012058788
3   7   3   7   0.1859416922
3   7   6   7   0.0000000068
3   7   6   8   -0.0070995708
3   8   1   12   -0.0012058784
3   8   2   9   0.0018710966
3   8   2   12   -0.0000000012
3   8   3   8   0.1859417041
3   8   6   7   -0.0070995704
3   8   6   8   -0.0000000068
3   9   1   7   0.0015674534
3   9   2   8   0.0015674567
3   9   3   9   0.1714072051
3   9   4   10   0.0556857948
3   9   5   11   0.0556857069
3   9   6   12   0.0296389723
3   10   3   10   0.1673758041
3   10   4   9   0.0557127433
3   10   4   12   -0.0000000826
3   10   5   12   -0.0388983466
3   10   6   10   -0.0000000472
3   10   6   11   -0.0222205161
3   11   3   11   0.1673757573
3   11   4   12   -0.0388983893
3   11   5   9   0.0557126556
3   11   5   12   0.0000000826
3   11   6   10   -0.0222205162
3   11   6   11   0.0000000472
3   12   1   7   0.0000000011
3   12   1   8   -0.0011588383
3   12   2   7   -0.0011588386
3   12   2   8   -0.0000000011
3   12   3   12   0.1665510826
3   12   4   10   -0.0000000826
3   12   4   11   -0.0389137977
3   12   5   10   -0.0389137551
3   12   5   11   0.0000000826
3   12   6   9   0.0297024661
3   12   6   12   0.0000000443
4   7   1   10   0.0009196968
4   7   1   11   0.0000000006
4   7   2   10   0.0000000006
4   7   2   11   0.0003943140
4   7   4   7   0.1705298962
4   7   4   8   0.0000000062
4   7   5   7   0.0000000062
4   7   5   8   0.0053092750
4   8   1   10   0.0000000006
4   8   1   11   0.0006502499
4   8   2   10   0.0019642645
4   8   2   11   -0.0000000006
4   8   4   7   0.0000000062
4   8   4   8   0.1812497277
4   8   5   7   0.0054105392
4   8   5   8   -0.0000000062
4   9   3   10   0.0557127433
4   9   4   9   0.1673758041
4   9   4   12   -0.0000000472
4   9   5   12   -0.0222205161
4   9   6   10   -0.0000000826
4   9   6   11   -0.0388983466
4   10   1   7   0.0007431801
4   10   1   8   0.0000000005
4   10   2   7   0.0000000005
4   10   2   8   0.0016588560
4   10   3   9   0.0556857948
4   10   3   12   -0.0000000826
4   10   4   10   0.1816482046
4   10   5   11   0.0168623022
4   10   6   9   -0.0000000826
4   10   6   12   0.0296644069
4   11   1   7   0.0000000005
4   11   1   8   0.0005640991
4   11   2   7   0.0003515733
4   11   2   8   -0.0000000005
4   11   3   12   -0.0389137977
4   11   4   11   0.1479252135
4   11   5   10   0.0168606140
4   11   6   9   -0.0389137551
4   11   6   12   -0.0000000059
4   12   3   10   -0.0000000826
4   12   3   11   -0.0388983893
4   12   4   9   -0.0000000472
4   12   4   12   0.1524604396
4   12   5   9   -0.0222205162
4   12   5   12   -0.0000000073
4   12   6   10   0.0296806638
4   12   6   11   -0.0000000059
5   7   1   10   0.0000000006
5   7   1   11   0.0019642629
5   7   2   10   0.0006502499
5   7   2   11   -0.0000000006
5   7   4   7   0.0000000062
5   7   4   8   0.0054105392
5   7   5   7   0.1812497141
5   7   5   8   -0.0000000062
5   8   1   10   0.0003943140
5   8   1   11   -0.0000000006
5   8   2   10   -0.0000000006
5   8   2   11   0.0009196976
5   8   4   7   0.0053092750
5   8   4   8   -0.0000000062
5   8   5   7   -0.0000000062
5   8   5   8   0.1705298940
5   9   3   11   0.0557126556
5   9   4   12   -0.0222205162
5   9   5   9   0.1673757573
5   9   5   12   0.0000000472
5   9   6   10   -0.0388983893
5   9   6   11   0.0000000826
5   10   1   7   0.0000000005
5   10   1   8   0.0003515733
5   10   2   7   0.0005640991
5   10   2   8   -0.0000000005
5   10   3   12   -0.0389137551
5   10   4   11   0.0168606140
5   10   5   10   0.1479252135
5   10   6   9   -0.0389137977
5   10   6   12   -0.0000000059
5   11   1   7   0.0016588545
5   11   1   8   -0.0000000005
5   11   2   7   -0.0000000005
5   11   2   8   0.0007431810
5   11   3   9   0.0556857069
5   11   3   12   0.0000000826
5   11   4   10   0.0168623022
5   11   5   11   0.1816481537
5   11   6   9   0.0000000826
5   11   6   12   0.0490323288
5   12   3   10   -0.0388983466
5   12   3   11   0.0000000826
5   12   4   9   -0.0222205161
5   12   4   12   -0.0000000073
5   12   5   9   0.0000000472
5   12   5   12   0.1763914436
5   12   6   10   -0.0000000059
5   12   6   11   0.0490280128
6   7   1   9   0.0000000012
6   7   1   12   0.0032259264
6   7   2   9   -0.0012058784
6   7   2   12   -0.0000000015
6   7   3   7   0.0000000068
6   7   3   8   -0.0070995704
6   7   6   7   0.1775538628
6   7   6   8   -0.0000000076
6   8   1   9   -0.0012058788
6   8   1   12   -0.0000000015
6   8   2   9   -0.0000000012
6   8   2   12   0.0015001875
6   8   3   7   -0.0070995708
6   8   3   8   -0.0000000068
6   8   6   7   -0.0000000076
6   8   6   8   0.1688860136
6   9   1   7   0.0000000011
6   9   1   8   -0.0011588386
6   9   2   7   -0.0011588383
6   9   2   8   -0.0000000011
6   9   3   12   0.0297024661
6   9   4   10   -0.0000000826
6   9   4   11   -0.0389137551
6   9   5   10   -0.0389137977
6   9   5   11   0.0000000826
6   9   6   9   0.1665510826
6   9   6   12   0.0000000443
6   10   3   10   -0.0000000472
6   10   3   11   -0.0222205162
6   10   4   9   -0.0000000826
6   10   4   12   0.0296806638
6   10   5   9   -0.0388983893
6   10   5   12   -0.0000000059
6   10   6   10   0.1524604396
6   10   6   11   -0.0000000073
6   11   3   10   -0.0222205161
6   11   3   11   0.0000000472
6   11   4   9   -0.0388983466
6   11   4   12   -0.0000000059
6   11   5   9   0.0000000826
6   11   5   12   0.0490280128
6   11   6   10   -0.0000000073
6   11   6   11   0.1763914436
6   12   1   7   0.0030046001
6   12   1   8   -0.0000000015
6   12   2   7   -0.0000000015
6   12   2   8   0.0013327792
6   12   3   9   0.0296389723
6   12   3   12   0.0000000443
6   12   4   10   0.0296644069
6   12   4   11   -0.0000000059
6   12   5   10   -0.0000000059
6   12   5   11   0.0490323288
6   12   6   9   0.0000000443
6   12   6   12   0.1765360686

End ABCD Block
Begin AIJB Block
1   5   1   7   0.0063513583
1   5   1   8   -0.0000000045
1   5   2   7   -0.0000000045
1   5   2   8   -0.0014929425
1   5   3   10   -0.0014620975
1   5   3   11   0.0000000075
1   5   4   10   -0.0000000009
1   5   4   11   -0.0055304172
1   6   1   7   -0.0000000045
1   6   1   8   -0.0005845980
1   6   2   7   0.0042606202
1   6   2   8   0.0000000045
1   6   3   10   0.0000000047
1   6   3   11   0.0029199010
1   6   4   10   0.0011124440
1   6   4   11   0.0000000114
1   7   1   10   -0.0001607847
1   7   1   11   0.0000000017
1   7   2   10   0.0000000007
1   7   2   11   0.0006917110
1   7   3   7   0.0404136492
1   7   3   8   -0.0000000008
1   7   4   7   -0.0000000008
1   7   4   8   -0.0141497856
1   8   1   10   0.0000000004
1   8   1   11   -0.0014187938
1   8   2   10   0.0005602593
1   8   2   11   0.0000000028
1   8   3   7   -0.0000000008
1   8   3   8   0.0319000011
1   8   4   7   0.0581638664
1   8   4   8   0.0000000008
2   5   1   7   -0.0000000045
2   5   1   8   0.0042767678
2   5   2   7   -0.0005845980
2   5   2   8   0.0000000045
2   5   3   10   0.0000000114
2   5   3   11   -0.0010603687
2   5   4   10   -0.0030079435
2   5   4   11   0.0000000047
2   6   1   7   -0.0014929425
2   6   1   8   0.0000000045
2   6   2   7   0.0000000045
2   6   2   8   0.0063411170
2   6   3   10   0.0054018614
2   6   3   11   -0.0000000008
2   6   4   10   0.0000000075
2   6   4   11   0.0013695263
2   7   1   10   0.0000000028
2   7   1   11   -0.0005631098
2   7   2   10   0.0014096722
2   7   2   11   0.0000000004
2   7   3   7   -0.0000000008
2   7   3   8   0.0581638456
2   7   4   7   0.0319000011
2   7   4   8   0.0000000008
2   8   1   10   -0.0006948981
2   8   1   11   0.0000000007
2   8   2   10   0.0000000017
2   8   2   11   0.0001577003
2   8   3   7   -0.0141497856
2   8   3   8   0.0000000008
2   8   4   7   0.0000000008
2   8   4   8   0.0404136415
3   5   1   9   0.0061283901
3   5   1   12   0.0000000088
3   5   2   9   0.0000000001
3   5   2   12   0.0016721529
3   6   1   9   0.0000000001
3   6   1   12   0.0016801795
3   6   2   9   0.0062055774
3   6   2   12   -0.0000000089
3   7   3   9   0.0020941287
3   7   3   12   -0.0000000010
3   7   4   12   -0.0011421475
3   8   3   12   -0.0011421473
3   8   4   9   0.0020941258
3   8   4   12   0.0000000010
4   5   1   10   0.0035734802
4   5   1   11   -0.0000000050
4   5   2   10   0.0000000051
4   5   2   11   -0.0012720288
4   5   3   7   -0.0001607847
4   5   3   8   0.0000000028
4   5   4   7   0.0000000004
4   5   4   8   -0.0006948981
4   6   1   10   0.0000000051
4   6   1   11   -0.0018915065
4   6   2   10   0.0067894320
4   6   2   11   0.0000000050
4   6   3   7   0.0000000007
4   6   3   8   0.0014096722
4   6   4   7   0.0005602593
4   6   4   8   0.0000000017
4   7   1   7   -0.0014620975
4   7   1   8   0.0000000114
4   7   2   7   0.0000000047
4   7   2   8   0.0054018614
4   7   3   10   0.0022302065
4   7   3   11   -0.0000000010
4   7   4   10   0.0000000010
4   7   4   11   0.0006622493
4   8   1   7   -0.0000000009
4   8   1   8   -0.0030079435
4   8   2   7   0.0011124440
4   8   2   8   0.0000000075
4   8   3   10   0.0000000010
4   8   3   11   0.0008982673
4   8   4   10   0.0006696868
4   8   4   11   0.0000000010
5   5   1   10   -0.0000000050
5   5   1   11   0.0067192747
5   5   2   10   -0.0018915065
5   5   2   11   -0.0000000050
5   5   3   7   0.0000000017
5   5   3   8   -0.0005631098
5   5   4   7   -0.0014187938
5   5   4   8   0.0000000007
5   6   1   10   -0.0012720288
5   6   1   11   -0.0000000050
5   6   2   10   0.0000000050
5   6   2   11   0.0036081389
5   6   3   7   0.0006917110
5   6   3   8   0.0000000004
5   6   4   7   0.0000000028
5   6   4   8   0.0001577003
5   7   1   7   0.0000000075
5   7   1   8   -0.0010603687
5   7   2   7   0.0029199010
5   7   2   8   -0.0000000008
5   7   3   10   -0.0000000010
5   7   3   11   0.0006696877
5   7   4   10   0.0008982673
5   7   4   11   -0.0000000010
5   8   1   7   -0.0055304172
5   8   1   8   0.0000000047
5   8   2   7   0.0000000114
5   8   2   8   0.0013695263
5   8   3   10   0.0006622493
5   8   3   11   -0.0000000010
5   8   4   10   0.0000000010
5   8   4   11   0.0022302046
6   5   1   9   0.0000000088
6   5   1   12   0.0086247718
6   5   2   9   0.0016801795
6   5   2   12   -0.0000000078
6   6   1   9   0.0016721529
6   6   1   12   -0.0000000078
6   6   2   9   -0.0000000089
6   6   2   12   0.0026042083
6   7   3   9   -0.0000000010
6   7   3   12   0.0012522467
6   7   4   9   -0.0011421473
6   7   4   12   -0.0000000016
6   8   3   9   -0.0011421475
6   8   3   12   -0.0000000016
6   8   4   9   0.0000000010
6   8   4   12   0.0030222515

1   5   5   1   -0.2680274887
1   5   5   2   0.0000000128
1   5   6   1   0.0000000130
1   5   6   2   0.0025153903
1   5   7   4   0.0000967839
1   5   7   5   -0.0000000016
1   5   8   4   -0.0000000000
1   5   8   5   0.0010691078
1   6   5   1   0.0000000130
1   6   5   2   0.0033598934
1   6   6   1   -0.2619326206
1   6   6   2   -0.0000000128
1   6   7   4   -0.0000000006
1   6   7   5   -0.0006756643
1   6   8   4   -0.0002907784
1   6   8   5   -0.0000000022
1   7   5   4   0.0000561889
1   7   5   5   -0.0000000017
1   7   6   4   -0.0000000005
1   7   6   5   -0.0007648432
1   7   7   1   -0.2703718658
1   7   7   2   0.0000000012
1   7   8   1   0.0000000012
1   7   8   2   -0.0137792501
1   8   5   4   -0.0000000001
1   8   5   5   0.0011694768
1   8   6   4   -0.0003425637
1   8   6   5   -0.0000000024
1   8   7   1   0.0000000012
1   8   7   2   -0.0130185742
1   8   8   1   -0.2971696793
1   8   8   2   -0.0000000012
2   5   5   1   0.0000000128
2   5   5   2   -0.2621492266
2   5   6   1   0.0033598934
2   5   6   2   -0.0000000125
2   5   7   4   -0.0000000022
2   5   7   5   0.0002936236
2   5   8   4   0.0006787005
2   5   8   5   -0.0000000006
2   6   5   1   0.0025153903
2   6   5   2   -0.0000000125
2   6   6   1   -0.0000000128
2   6   6   2   -0.2678049465
2   6   7   4   -0.0010598800
2   6   7   5   -0.0000000000
2   6   8   4   -0.0000000016
2   6   8   5   -0.0000934381
2   7   5   4   -0.0000000024
2   7   5   5   0.0003454087
2   7   6   4   -0.0011602486
2   7   6   5   -0.0000000001
2   7   7   1   0.0000000012
2   7   7   2   -0.2971696624
2   7   8   1   -0.0130185742
2   7   8   2   -0.0000000012
2   8   5   4   0.0007678793
2   8   5   5   -0.0000000005
2   8   6   4   -0.0000000017
2   8   6   5   -0.0000528432
2   8   7   1   -0.0137792501
2   8   7   2   -0.0000000012
2   8   8   1   -0.0000000012
2   8   8   2   -0.2703718490
3   5   5   3   -0.1955241180
3   5   5   6   -0.0000000470
3   5   6   3   0.0000000001
3   5   6   6   -0.0088566151
3   6   5   3   0.0000000001
3   6   5   6   -0.0088630324
3   6   6   3   -0.1954728320
3   6   6   6   0.0000000471
3   7   7   3   -0.1898326354
3   7   7   6   0.0000000088
3   7   8   6   0.0100335344
3   8   7   6   0.0100323507
3   8   8   3   -0.1898326138
3   8   8   6   -0.0000000088
4   5   5   4   -0.1787623608
4   5   5   5   0.0000000205
4   5   6   4   -0.0000000205
4   5   6   5   0.0064465827
4   5   7   1   0.0000561889
4   5   7   2   -0.0000000024
4   5   8   1   -0.0000000001
4   5   8   2   0.0007678793
4   6   5   4   -0.0000000205
4   6   5   5   0.0064488138
4   6   6   4   -0.1916219876
4   6   6   5   -0.0000000205
4   6   7   1   -0.0000000005
4   6   7   2   -0.0011602486
4   6   8   1   -0.0003425637
4   6   8   2   -0.0000000017
4   7   5   1   0.0000967839
4   7   5   2   -0.0000000022
4   7   6   1   -0.0000000006
4   7   6   2   -0.0010598800
4   7   7   4   -0.1867231741
4   7   7   5   0.0000000105
4   7   8   4   -0.0000000105
4   7   8   5   -0.0084164208
4   8   5   1   -0.0000000000
4   8   5   2   0.0006787005
4   8   6   1   -0.0002907784
4   8   6   2   -0.0000000016
4   8   7   4   -0.0000000105
4   8   7   5   -0.0083273660
4   8   8   4   -0.1699793660
4   8   8   5   -0.0000000105
5   5   5   4   0.0000000205
5   5   5   5   -0.1916368401
5   5   6   4   0.0064488138
5   5   6   5   0.0000000206
5   5   7   1   -0.0000000017
5   5   7   2   0.0003454087
5   5   8   1   0.0011694768
5   5   8   2   -0.0000000005
5   6   5   4   0.0064465827
5   6   5   5   0.0000000206
5   6   6   4   -0.0000000205
5   6   6   5   -0.1787056276
5   6   7   1   -0.0007648432
5   6   7   2   -0.0000000001
5   6   8   1   -0.0000000024
5   6   8   2   -0.0000528432
5   7   5   1   -0.0000000016
5   7   5   2   0.0002936236
5   7   6   1   -0.0006756643
5   7   6   2   -0.0000000000
5   7   7   4   0.0000000105
5   7   7   5   -0.1699793706
5   7   8   4   -0.0083273660
5   7   8   5   0.0000000105
5   8   5   1   0.0010691078
5   8   5   2   -0.0000000006
5   8   6   1   -0.0000000022
5   8   6   2   -0.0000934381
5   8   7   4   -0.0084164208
5   8   7   5   0.0000000105
5   8   8   4   -0.0000000105
5   8   8   5   -0.1867231520
6   5   5   3   -0.0000000470
6   5   5   6   -0.1873331609
6   5   6   3   -0.0088630324
6   5   6   6   0.0000000128
6   6   5   3   -0.0088566151
6   6   5   6   0.0000000128
6   6   6   3   0.0000000471
6   6   6   6   -0.1773710722
6   7   7   3   0.0000000088
6   7   7   6   -0.1691800876
6   7   8   3   0.0100323507
6   7   8   6   0.0000000108
6   8   7   3   0.0100335344
6   8   7   6   0.0000000108
6   8   8   3   -0.0000000088
6   8   8   6   -0.1807887367

End AIJB Block
Begin IJKA Block
1   5   1   9   0.0000000159
1   5   1   12   -0.0210072618
1   5   2   9   0.0023698067
1   5   2   12   0.0000000001
1   6   1   9   0.0024335101
1   6   1   12   0.0000000264
1   6   2   9   -0.0000000158
1   6   2   12   -0.0003109879
1   7   3   9   0.0000000004
1   7   3   12   -0.0008133485
1   7   4   9   0.0001659006
1   7   4   12   0.0000000004
1   8   3   9   0.0001676766
1   8   3   12   0.0000000013
1   8   4   9   -0.0000000003
1   8   4   12   -0.0013731143
2   5   1   9   0.0024380002
2   5   1   12   0.0000000003
2   5   2   9   -0.0000000159
2   5   2   12   -0.0206193916
2   6   1   9   -0.0000000162
2   6   1   12   -0.0002147433
2   6   2   9   -0.0024286287
2   6   2   12   0.0000000272
2   7   3   9   0.0001621676
2   7   3   12   0.0000000005
2   7   4   9   -0.0000000004
2   7   4   12   -0.0000836525
2   8   3   9   -0.0000000004
2   8   3   12   0.0006396595
2   8   4   9   -0.0001590888
2   8   4   12   0.0000000023
3   5   3   9   -0.0000000019
3   5   3   12   -0.0199400038
3   5   4   9   -0.0008012615
3   5   4   12   0.0000000041
3   6   3   9   -0.0008853800
3   6   3   12   0.0000000234
3   6   4   9   0.0000000018
3   6   4   12   0.0014062050
3   7   1   9   -0.0000000001
3   7   1   12   -0.0008857670
3   7   2   9   -0.0000201975
3   7   2   12   0.0000000009
3   8   1   9   -0.0000841188
3   8   1   12   0.0000000010
3   8   2   9   0.0000000001
3   8   2   12   0.0006180008
4   5   3   9   -0.0007990794
4   5   3   12   0.0000000036
4   5   4   9   0.0000000016
4   5   4   12   -0.0224210625
4   6   3   9   0.0000000018
4   6   3   12   0.0010105947
4   6   4   9   0.0008091861
4   6   4   12   0.0000000311
4   7   1   9   -0.0000837128
4   7   1   12   -0.0000000003
4   7   2   9   0.0000000001
4   7   2   12   -0.0003424940
4   8   1   9   0.0000000002
4   8   1   12   -0.0010942053
4   8   2   9   0.0000382999
4   8   2   12   0.0000000017

End IJKA Block
Begin IABC Block
1   7   1   9   -0.0000000023
1   7   1   12   -0.0009572696
1   7   2   9   0.0010240849
1   7   2   12   -0.0000000022
1   7   3   7   -0.0000000018
1   7   3   8   0.0007397876
1   7   6   7   -0.0190282973
1   7   6   8   -0.0000000005
1   8   1   9   0.0010272737
1   8   1   12   0.0000000003
1   8   2   9   0.0000000023
1   8   2   12   -0.0015588884
1   8   3   7   0.0007429750
1   8   3   8   0.0000000015
1   8   6   7   0.0000000000
1   8   6   8   -0.0191743876
1   9   1   7   -0.0000000022
1   9   1   8   0.0009967883
1   9   2   7   0.0009967868
1   9   2   8   0.0000000022
1   9   3   9   -0.0000000001
1   9   3   12   0.0075115914
1   9   4   10   -0.0000000163
1   9   4   11   -0.0047010535
1   9   5   10   -0.0047010517
1   9   5   11   0.0000000163
1   9   6   9   -0.0042930323
1   9   6   12   0.0000000143
1   10   3   10   -0.0000000195
1   10   3   11   -0.0056601435
1   10   4   9   -0.0000000162
1   10   4   12   0.0036000411
1   10   5   9   -0.0046688907
1   10   5   12   -0.0000000058
1   10   6   10   -0.0053812709
1   10   6   11   -0.0000000045
1   11   3   10   -0.0056552800
1   11   3   11   0.0000000194
1   11   4   9   -0.0046640290
1   11   4   12   -0.0000000018
1   11   5   9   0.0000000161
1   11   5   12   0.0075248203
1   11   6   10   -0.0000000044
1   11   6   11   -0.0007426515
1   12   1   7   -0.0009086669
1   12   1   8   0.0000000001
1   12   2   7   -0.0000000020
1   12   2   8   -0.0015339738
1   12   3   9   0.0074157790
1   12   3   12   0.0000000192
1   12   4   10   0.0035714914
1   12   4   11   -0.0000000018
1   12   5   10   -0.0000000057
1   12   5   11   0.0074322472
1   12   6   9   0.0000000142
1   12   6   12   -0.0006082066
2   7   1   9   -0.0010170150
2   7   1   12   0.0000000007
2   7   2   9   -0.0000000023
2   7   2   12   -0.0012911832
2   7   3   7   -0.0007406361
2   7   3   8   -0.0000000016
2   7   6   7   0.0000000243
2   7   6   8   -0.0003015180
2   8   1   9   -0.0000000023
2   8   1   12   0.0006774310
2   8   2   9   0.0010214960
2   8   2   12   0.0000000026
2   8   3   7   -0.0000000016
2   8   3   8   0.0006706360
2   8   6   7   0.0001057331
2   8   6   8   0.0000000249
2   9   1   7   -0.0009903623
2   9   1   8   -0.0000000022
2   9   2   7   -0.0000000022
2   9   2   8   0.0009903652
2   9   3   9   -0.0000349032
2   9   3   12   -0.0000000097
2   9   4   10   -0.0048935347
2   9   4   11   0.0000000164
2   9   5   10   0.0000000164
2   9   5   11   0.0048935122
2   9   6   9   0.0000000055
2   9   6   12   0.0036330481
2   10   3   10   -0.0057828998
2   10   3   11   0.0000000195
2   10   4   9   -0.0048678350
2   10   4   12   -0.0000000034
2   10   5   9   0.0000000163
2   10   5   12   -0.0035597348
2   10   6   10   0.0000000084
2   10   6   11   -0.0023988520
2   11   3   10   0.0000000195
2   11   3   11   0.0057529630
2   11   4   9   0.0000000163
2   11   4   12   -0.0004807214
2   11   5   9   0.0048500265
2   11   5   12   -0.0000000109
2   11   6   10   -0.0023551055
2   11   6   11   -0.0000000005
2   12   1   7   0.0000000006
2   12   1   8   0.0005253261
2   12   2   7   -0.0011595312
2   12   2   8   0.0000000025
2   12   3   9   -0.0000000096
2   12   3   12   0.0048489048
2   12   4   10   -0.0000000034
2   12   4   11   -0.0004642579
2   12   5   10   -0.0034927285
2   12   5   11   -0.0000000108
2   12   6   9   0.0035820689
2   12   6   12   0.0000000008
3   7   3   10   -0.0000000006
3   7   3   11   -0.0009447697
3   7   4   9   -0.0000000005
3   7   4   12   0.0005886202
3   7   5   9   -0.0008373139
3   7   5   12   -0.0000000010
3   7   6   10   0.0006216629
3   7   6   11   -0.0000000010
3   8   3   10   0.0009933854
3   8   3   11   -0.0000000006
3   8   4   9   0.0008888468
3   8   4   12   -0.0000000013
3   8   5   9   -0.0000000006
3   8   5   12   0.0007232538
3   8   6   10   -0.0000000013
3   8   6   11   0.0007188113
3   9   1   10   -0.0000000161
3   9   1   11   -0.0261426486
3   9   2   10   0.0261426752
3   9   2   11   -0.0000000161
3   9   4   7   -0.0000000006
3   9   4   8   0.0009866135
3   9   5   7   -0.0009866104
3   9   5   8   -0.0000000006
3   10   1   9   -0.0000000161
3   10   1   12   0.0171310031
3   10   2   9   0.0260855371
3   10   2   12   -0.0000000273
3   10   3   7   -0.0000000007
3   10   3   8   0.0011478032
3   10   6   7   0.0007288369
3   10   6   8   -0.0000000015
3   11   1   9   -0.0260825818
3   11   1   12   -0.0000000254
3   11   2   9   -0.0000000161
3   11   2   12   -0.0095889115
3   11   3   7   -0.0011477887
3   11   3   8   -0.0000000007
3   11   6   7   -0.0000000011
3   11   6   8   0.0007585543
3   12   1   10   0.0171659157
3   12   1   11   -0.0000000254
3   12   2   10   -0.0000000274
3   12   2   11   -0.0095921120
3   12   4   7   0.0007139555
3   12   4   8   -0.0000000015
3   12   5   7   -0.0000000011
3   12   5   8   0.0007822420
4   7   3   10   -0.0009519282
4   7   3   11   0.0000000005
4   7   4   9   -0.0008458715
4   7   4   12   0.0000000005
4   7   5   9   0.0000000005
4   7   5   12   0.0019432539
4   7   6   10   0.0000000005
4   7   6   11   0.0019479315
4   8   3   10   -0.0000000007
4   8   3   11   -0.0009862228
4   8   4   9   -0.0000000006
4   8   4   12   0.0006465570
4   8   5   9   -0.0008802855
4   8   5   12   -0.0000000008
4   8   6   10   0.0006203139
4   8   6   11   -0.0000000009
4   9   1   10   -0.0261426645
4   9   1   11   0.0000000161
4   9   2   10   -0.0000000161
4   9   2   11   -0.0261426451
4   9   4   7   -0.0009866094
4   9   4   8   -0.0000000006
4   9   5   7   0.0000000006
4   9   5   8   -0.0009866104
4   10   1   9   -0.0260840340
4   10   1   12   0.0000000230
4   10   2   9   -0.0000000161
4   10   2   12   0.0162967895
4   10   3   7   -0.0011478248
4   10   3   8   -0.0000000007
4   10   6   7   0.0000000006
4   10   6   8   0.0006616153
4   11   1   9   0.0000000160
4   11   1   12   0.0238366926
4   11   2   9   -0.0260840706
4   11   2   12   -0.0000000250
4   11   3   7   0.0000000007
4   11   3   8   -0.0011477625
4   11   6   7   0.0021491049
4   11   6   8   -0.0000000010
4   12   1   10   0.0000000231
4   12   1   11   0.0238973929
4   12   2   10   0.0163235535
4   12   2   11   -0.0000000250
4   12   4   7   0.0000000006
4   12   4   8   0.0006811470
4   12   5   7   0.0021773466
4   12   5   8   -0.0000000010

End IABC Block
