Begin IJ Block
1   1   -2.4439440471
1   2   0.0000000026
2   2   -2.4423647918
3   3   -2.3176481853
3   4   -0.0000000000
4   4   -2.3176393726

End IJ Block
Begin IA Block
1   3   0.0000000012
1   6   0.1405173657
2   3   0.0002230509
2   6   -0.0000002337

End IA Block
Begin AB Block
1   1   -1.9109028323
1   2   -0.0000000000
2   2   -1.9109089781
3   3   -1.3322553837
3   6   0.0000000000
4   4   -1.2112182968
4   5   0.0000000000
5   5   -1.2112171126
6   6   -1.1493110162

End AB Block
Begin IJKL Block
1   5   1   5   0.2912393998
1   5   1   6   -0.0000000004
1   5   2   5   -0.0000000004
1   5   2   6   0.0094744800
1   5   3   7   0.0039592562
1   5   3   8   0.0000000046
1   5   4   7   0.0000000046
1   5   4   8   0.0023955794
1   6   1   5   -0.0000000004
1   6   1   6   0.2701059647
1   6   2   5   0.0113875619
1   6   2   6   -0.0000000005
1   6   3   7   -0.0000000047
1   6   3   8   0.0007517971
1   6   4   7   0.0008233321
1   6   4   8   0.0000000046
1   7   1   7   0.2721822980
1   7   1   8   -0.0000000062
1   7   2   7   0.0000000058
1   7   2   8   -0.0014361299
1   7   3   5   0.0053771482
1   7   3   6   -0.0000000029
1   7   4   5   0.0000000029
1   7   4   6   0.0004899716
1   8   1   7   -0.0000000062
1   8   1   8   0.2742975649
1   8   2   7   -0.0006676146
1   8   2   8   -0.0000000065
1   8   3   5   0.0000000029
1   8   3   6   0.0004983687
1   8   4   5   0.0043908264
1   8   4   6   0.0000000029
2   5   1   5   -0.0000000004
2   5   1   6   0.0113875619
2   5   2   5   0.2701059647
2   5   2   6   -0.0000000005
2   5   3   7   -0.0000000047
2   5   3   8   0.0008233321
2   5   4   7   0.0007517971
2   5   4   8   0.0000000046
2   6   1   5   0.0094744800
2   6   1   6   -0.0000000005
2   6   2   5   -0.0000000005
2   6   2   6   0.2907028329
2   6   3   7   0.0023534475
2   6   3   8   -0.0000000046
2   6   4   7   -0.0000000046
2   6   4   8   0.0039491954
2   7   1   7   0.0000000058
2   7   1   8   -0.0006676146
2   7   2   7   0.2740611403
2   7   2   8   0.0000000061
2   7   3   5   -0.0000000029
2   7   3   6   0.0043793985
2   7   4   5   0.0004983687
2   7   4   6   -0.0000000029
2   8   1   7   -0.0014361299
2   8   1   8   -0.0000000065
2   8   2   7   0.0000000061
2   8   2   8   0.2719690398
2   8   3   5   0.0004899716
2   8   3   6   -0.0000000029
2   8   4   5   0.0000000029
2   8   4   6   0.0053699671
3   5   1   7   0.0053771482
3   5   1   8   0.0000000029
3   5   2   7   -0.0000000029
3   5   2   8   0.0004899716
3   5   3   5   0.2721822980
3   5   3   6   0.0000000058
3   5   4   5   -0.0000000062
3   5   4   6   -0.0014361299
3   6   1   7   -0.0000000029
3   6   1   8   0.0004983687
3   6   2   7   0.0043793985
3   6   2   8   -0.0000000029
3   6   3   5   0.0000000058
3   6   3   6   0.2740611403
3   6   4   5   -0.0006676146
3   6   4   6   0.0000000061
3   7   1   5   0.0039592562
3   7   1   6   -0.0000000047
3   7   2   5   -0.0000000047
3   7   2   6   0.0023534475
3   7   3   7   0.3150375495
3   7   4   8   0.0191508616
3   8   1   5   0.0000000046
3   8   1   6   0.0007517971
3   8   2   5   0.0008233321
3   8   2   6   -0.0000000046
3   8   3   8   0.2732007165
3   8   4   7   0.0226952939
3   8   4   8   -0.0000000000
4   5   1   7   0.0000000029
4   5   1   8   0.0043908264
4   5   2   7   0.0004983687
4   5   2   8   0.0000000029
4   5   3   5   -0.0000000062
4   5   3   6   -0.0006676146
4   5   4   5   0.2742975649
4   5   4   6   -0.0000000065
4   6   1   7   0.0004899716
4   6   1   8   0.0000000029
4   6   2   7   -0.0000000029
4   6   2   8   0.0053699671
4   6   3   5   -0.0014361299
4   6   3   6   0.0000000061
4   6   4   5   -0.0000000065
4   6   4   6   0.2719690398
4   7   1   5   0.0000000046
4   7   1   6   0.0008233321
4   7   2   5   0.0007517971
4   7   2   6   -0.0000000046
4   7   3   8   0.0226952939
4   7   4   7   0.2732007165
4   7   4   8   -0.0000000000
4   8   1   5   0.0023955794
4   8   1   6   0.0000000046
4   8   2   5   0.0000000046
4   8   2   6   0.0039491954
4   8   3   7   0.0191508616
4   8   3   8   -0.0000000000
4   8   4   7   -0.0000000000
4   8   4   8   0.3150476898

End IJKL Block
Begin IJAB Block
1   5   1   7   0.0049403860
1   5   1   8   -0.0000000032
1   5   2   7   -0.0000000032
1   5   2   8   0.0038203235
1   5   3   9   0.0079049234
1   5   3   12   0.0000000143
1   5   4   10   0.0046477157
1   5   4   11   0.0000000155
1   5   5   10   0.0000000155
1   5   5   11   0.0085231044
1   5   6   9   0.0000000143
1   5   6   12   0.0101852227
1   6   1   7   -0.0000000032
1   6   1   8   -0.0001629722
1   6   2   7   -0.0009558543
1   6   2   8   0.0000000031
1   6   3   9   -0.0000000001
1   6   3   12   0.0020380346
1   6   4   10   0.0000000142
1   6   4   11   0.0023492292
1   6   5   10   0.0016618586
1   6   5   11   -0.0000000147
1   6   6   9   0.0020507782
1   6   6   12   -0.0000000113
1   7   1   10   -0.0003692974
1   7   1   11   -0.0000000026
1   7   2   10   0.0000000092
1   7   2   11   0.0013808722
1   7   4   7   -0.0012124120
1   7   4   8   0.0000000179
1   7   5   7   -0.0000000081
1   7   5   8   0.0014351408
1   8   1   10   0.0000000065
1   8   1   11   0.0027367592
1   8   2   10   -0.0009865946
1   8   2   11   0.0000000000
1   8   4   7   0.0000000097
1   8   4   8   -0.0031417880
1   8   5   7   0.0057899618
1   8   5   8   -0.0000000001
2   5   1   7   -0.0000000032
2   5   1   8   -0.0009558543
2   5   2   7   -0.0001629722
2   5   2   8   0.0000000031
2   5   3   9   -0.0000000001
2   5   3   12   0.0020507782
2   5   4   10   0.0000000142
2   5   4   11   0.0016618586
2   5   5   10   0.0023492292
2   5   5   11   -0.0000000147
2   5   6   9   0.0020380346
2   5   6   12   -0.0000000113
2   6   1   7   0.0038011934
2   6   1   8   0.0000000032
2   6   2   7   0.0000000032
2   6   2   8   0.0049118367
2   6   3   9   0.0078187998
2   6   3   12   -0.0000000143
2   6   4   10   0.0082909073
2   6   4   11   -0.0000000152
2   6   5   10   -0.0000000152
2   6   5   11   0.0045595291
2   6   6   9   -0.0000000143
2   6   6   12   0.0032622312
2   7   1   10   -0.0000000000
2   7   1   11   -0.0009831432
2   7   2   10   0.0027261237
2   7   2   11   -0.0000000065
2   7   4   7   0.0000000003
2   7   4   8   0.0056703217
2   7   5   7   -0.0030609421
2   7   5   8   -0.0000000096
2   8   1   10   0.0013769164
2   8   1   11   -0.0000000092
2   8   2   10   0.0000000027
2   8   2   11   -0.0003658016
2   8   4   7   0.0014833969
2   8   4   8   0.0000000082
2   8   5   7   -0.0000000180
2   8   5   8   -0.0011277031
3   5   1   10   -0.0012124120
3   5   1   11   -0.0000000081
3   5   2   10   0.0000000179
3   5   2   11   0.0014351408
3   5   4   7   -0.0003692974
3   5   4   8   0.0000000092
3   5   5   7   -0.0000000026
3   5   5   8   0.0013808722
3   6   1   10   0.0000000003
3   6   1   11   -0.0030609421
3   6   2   10   0.0056703217
3   6   2   11   -0.0000000096
3   6   4   7   -0.0000000000
3   6   4   8   0.0027261237
3   6   5   7   -0.0009831432
3   6   5   8   -0.0000000065
3   7   1   7   0.0330625472
3   7   1   8   -0.0000000020
3   7   2   7   -0.0000000020
3   7   2   8   0.0594157186
3   7   3   9   0.0020837696
3   7   3   12   -0.0000000014
3   7   4   10   0.0022388224
3   7   4   11   -0.0000000014
3   7   5   10   -0.0000000014
3   7   5   11   0.0007300838
3   7   6   9   -0.0000000014
3   7   6   12   0.0014530793
3   8   1   7   -0.0000000020
3   8   1   8   0.0355521142
3   8   2   7   -0.0091918253
3   8   2   8   0.0000000020
3   8   3   9   -0.0000000001
3   8   3   12   -0.0012439670
3   8   4   10   -0.0000000015
3   8   4   11   -0.0009929846
3   8   5   10   -0.0007158529
3   8   5   11   0.0000000013
3   8   6   9   -0.0012397894
3   8   6   12   -0.0000000027
4   5   1   10   0.0000000097
4   5   1   11   0.0057899618
4   5   2   10   -0.0031417880
4   5   2   11   -0.0000000001
4   5   4   7   0.0000000065
4   5   4   8   -0.0009865946
4   5   5   7   0.0027367592
4   5   5   8   0.0000000000
4   6   1   10   0.0014833969
4   6   1   11   -0.0000000180
4   6   2   10   0.0000000082
4   6   2   11   -0.0011277031
4   6   4   7   0.0013769164
4   6   4   8   0.0000000027
4   6   5   7   -0.0000000092
4   6   5   8   -0.0003658016
4   7   1   7   -0.0000000020
4   7   1   8   -0.0091918253
4   7   2   7   0.0355521142
4   7   2   8   0.0000000020
4   7   3   9   -0.0000000001
4   7   3   12   -0.0012397894
4   7   4   10   -0.0000000015
4   7   4   11   -0.0007158529
4   7   5   10   -0.0009929846
4   7   5   11   0.0000000013
4   7   6   9   -0.0012439670
4   7   6   12   -0.0000000027
4   8   1   7   0.0594245053
4   8   1   8   0.0000000020
4   8   2   7   0.0000000020
4   8   2   8   0.0330636130
4   8   3   9   0.0021382486
4   8   3   12   0.0000000014
4   8   4   10   0.0007664906
4   8   4   11   0.0000000016
4   8   5   10   0.0000000016
4   8   5   11   0.0023471683
4   8   6   9   0.0000000014
4   8   6   12   0.0035095268

End IJAB Block
Begin ABCD Block
1   7   1   7   0.2809516263
1   7   2   8   0.0102081540
1   7   3   9   0.0013924499
1   7   3   12   0.0000000013
1   7   4   10   0.0006621529
1   7   4   11   0.0000000008
1   7   5   10   0.0000000008
1   7   5   11   0.0014660255
1   7   6   9   0.0000000013
1   7   6   12   0.0028247403
1   8   1   8   0.2572928763
1   8   2   7   0.0134505943
1   8   3   12   -0.0010797847
1   8   4   10   -0.0000000008
1   8   4   11   -0.0005061001
1   8   5   10   -0.0002977891
1   8   5   11   0.0000000008
1   8   6   9   -0.0010798583
1   8   6   12   -0.0000000019
1   9   1   9   0.1862240666
1   9   1   12   0.0000000086
1   9   2   12   -0.0070116203
1   9   3   7   0.0018427652
1   9   6   7   0.0000000014
1   9   6   8   -0.0011363651
1   10   1   10   0.1708651827
1   10   1   11   0.0000000103
1   10   2   10   -0.0000000103
1   10   2   11   -0.0052582084
1   10   4   7   0.0009197825
1   10   4   8   -0.0000000010
1   10   5   7   0.0000000010
1   10   5   8   -0.0003722418
1   11   1   10   0.0000000103
1   11   1   11   0.1814841166
1   11   2   10   -0.0053603669
1   11   2   11   0.0000000103
1   11   4   7   0.0000000010
1   11   4   8   -0.0006400972
1   11   5   7   0.0019321171
1   11   5   8   0.0000000010
1   12   1   9   0.0000000086
1   12   1   12   0.1777275438
1   12   2   9   -0.0070118633
1   12   2   12   -0.0000000101
1   12   3   7   0.0000000014
1   12   3   8   -0.0011364704
1   12   6   7   0.0031185171
1   12   6   8   -0.0000000019
2   7   1   8   0.0134505943
2   7   2   7   0.2572928763
2   7   3   12   -0.0010798583
2   7   4   10   -0.0000000008
2   7   4   11   -0.0002977891
2   7   5   10   -0.0005061001
2   7   5   11   0.0000000008
2   7   6   9   -0.0010797847
2   7   6   12   -0.0000000019
2   8   1   7   0.0102081540
2   8   2   8   0.2809513683
2   8   3   9   0.0013922456
2   8   3   12   -0.0000000013
2   8   4   10   0.0014661332
2   8   4   11   -0.0000000008
2   8   5   10   -0.0000000008
2   8   5   11   0.0006621658
2   8   6   9   -0.0000000013
2   8   6   12   0.0012297959
2   9   1   12   -0.0070118633
2   9   2   9   0.1862241280
2   9   2   12   -0.0000000086
2   9   3   8   0.0018429155
2   9   6   7   -0.0011364704
2   9   6   8   -0.0000000014
2   10   1   10   -0.0000000103
2   10   1   11   -0.0053603669
2   10   2   10   0.1814834152
2   10   2   11   -0.0000000103
2   10   4   7   -0.0000000010
2   10   4   8   0.0019320590
2   10   5   7   -0.0006400972
2   10   5   8   -0.0000000010
2   11   1   10   -0.0052582084
2   11   1   11   0.0000000103
2   11   2   10   -0.0000000103
2   11   2   11   0.1708656921
2   11   4   7   -0.0003722418
2   11   4   8   -0.0000000010
2   11   5   7   0.0000000010
2   11   5   8   0.0009197949
2   12   1   9   -0.0070116203
2   12   1   12   -0.0000000101
2   12   2   9   -0.0000000086
2   12   2   12   0.1691612051
2   12   3   7   -0.0011363651
2   12   3   8   -0.0000000014
2   12   6   7   -0.0000000019
2   12   6   8   0.0014644807
3   7   1   9   0.0018427652
3   7   1   12   0.0000000014
3   7   2   12   -0.0011363651
3   7   3   7   0.1862240666
3   7   6   7   0.0000000086
3   7   6   8   -0.0070116203
3   8   1   12   -0.0011364704
3   8   2   9   0.0018429155
3   8   2   12   -0.0000000014
3   8   3   8   0.1862241280
3   8   6   7   -0.0070118633
3   8   6   8   -0.0000000086
3   9   1   7   0.0013924499
3   9   2   8   0.0013922456
3   9   3   9   0.1714607262
3   9   3   12   -0.0000000000
3   9   4   10   0.0554884064
3   9   4   11   -0.0000000000
3   9   5   10   -0.0000000000
3   9   5   11   0.0554873715
3   9   6   9   -0.0000000000
3   9   6   12   0.0294405475
3   10   3   10   0.1674006466
3   10   4   9   0.0554924526
3   10   4   12   0.0000000279
3   10   5   9   -0.0000000000
3   10   5   12   0.0387504884
3   10   6   10   0.0000000159
3   10   6   11   0.0220838498
3   11   3   11   0.1674006888
3   11   4   9   -0.0000000000
3   11   4   12   0.0387504863
3   11   5   9   0.0554918771
3   11   5   12   -0.0000000279
3   11   6   10   0.0220846380
3   11   6   11   -0.0000000159
3   12   1   7   0.0000000013
3   12   1   8   -0.0010797847
3   12   2   7   -0.0010798583
3   12   2   8   -0.0000000013
3   12   3   9   -0.0000000000
3   12   3   12   0.1665870016
3   12   4   10   0.0000000279
3   12   4   11   0.0387741719
3   12   5   10   0.0387749535
3   12   5   11   -0.0000000279
3   12   6   9   0.0295173237
3   12   6   12   0.0000000578
4   7   1   10   0.0009197825
4   7   1   11   0.0000000010
4   7   2   10   -0.0000000010
4   7   2   11   -0.0003722418
4   7   4   7   0.1708651827
4   7   4   8   -0.0000000103
4   7   5   7   0.0000000103
4   7   5   8   -0.0052582084
4   8   1   10   -0.0000000010
4   8   1   11   -0.0006400972
4   8   2   10   0.0019320590
4   8   2   11   -0.0000000010
4   8   4   7   -0.0000000103
4   8   4   8   0.1814834152
4   8   5   7   -0.0053603669
4   8   5   8   -0.0000000103
4   9   3   10   0.0554924526
4   9   3   11   -0.0000000000
4   9   4   9   0.1674006466
4   9   4   12   0.0000000159
4   9   5   12   0.0220838498
4   9   6   10   0.0000000279
4   9   6   11   0.0387504884
4   10   1   7   0.0006621529
4   10   1   8   -0.0000000008
4   10   2   7   -0.0000000008
4   10   2   8   0.0014661332
4   10   3   9   0.0554884064
4   10   3   12   0.0000000279
4   10   4   10   0.1816304299
4   10   5   11   0.0167978476
4   10   6   9   0.0000000279
4   10   6   12   0.0295618993
4   11   1   7   0.0000000008
4   11   1   8   -0.0005061001
4   11   2   7   -0.0002977891
4   11   2   8   -0.0000000008
4   11   3   9   -0.0000000000
4   11   3   12   0.0387741719
4   11   4   11   0.1480539900
4   11   5   10   0.0167787233
4   11   6   9   0.0387749535
4   11   6   12   0.0000000414
4   12   3   10   0.0000000279
4   12   3   11   0.0387504863
4   12   4   9   0.0000000159
4   12   4   12   0.1525498861
4   12   5   9   0.0220846380
4   12   5   12   0.0000000512
4   12   6   10   0.0295757742
4   12   6   11   0.0000000413
5   7   1   10   0.0000000010
5   7   1   11   0.0019321171
5   7   2   10   -0.0006400972
5   7   2   11   0.0000000010
5   7   4   7   0.0000000103
5   7   4   8   -0.0053603669
5   7   5   7   0.1814841166
5   7   5   8   0.0000000103
5   8   1   10   -0.0003722418
5   8   1   11   0.0000000010
5   8   2   10   -0.0000000010
5   8   2   11   0.0009197949
5   8   4   7   -0.0052582084
5   8   4   8   -0.0000000103
5   8   5   7   0.0000000103
5   8   5   8   0.1708656921
5   9   3   10   -0.0000000000
5   9   3   11   0.0554918771
5   9   4   12   0.0220846380
5   9   5   9   0.1674006888
5   9   5   12   -0.0000000159
5   9   6   10   0.0387504863
5   9   6   11   -0.0000000279
5   10   1   7   0.0000000008
5   10   1   8   -0.0002977891
5   10   2   7   -0.0005061001
5   10   2   8   -0.0000000008
5   10   3   9   -0.0000000000
5   10   3   12   0.0387749535
5   10   4   11   0.0167787233
5   10   5   10   0.1480539900
5   10   6   9   0.0387741719
5   10   6   12   0.0000000414
5   11   1   7   0.0014660255
5   11   1   8   0.0000000008
5   11   2   7   0.0000000008
5   11   2   8   0.0006621658
5   11   3   9   0.0554873715
5   11   3   12   -0.0000000279
5   11   4   10   0.0167978476
5   11   5   11   0.1816304594
5   11   6   9   -0.0000000279
5   11   6   12   0.0488278489
5   12   3   10   0.0387504884
5   12   3   11   -0.0000000279
5   12   4   9   0.0220838498
5   12   4   12   0.0000000512
5   12   5   9   -0.0000000159
5   12   5   12   0.1763727702
5   12   6   10   0.0000000413
5   12   6   11   0.0488036376
6   7   1   9   0.0000000014
6   7   1   12   0.0031185171
6   7   2   9   -0.0011364704
6   7   2   12   -0.0000000019
6   7   3   7   0.0000000086
6   7   3   8   -0.0070118633
6   7   6   7   0.1777275438
6   7   6   8   -0.0000000101
6   8   1   9   -0.0011363651
6   8   1   12   -0.0000000019
6   8   2   9   -0.0000000014
6   8   2   12   0.0014644807
6   8   3   7   -0.0070116203
6   8   3   8   -0.0000000086
6   8   6   7   -0.0000000101
6   8   6   8   0.1691612051
6   9   1   7   0.0000000013
6   9   1   8   -0.0010798583
6   9   2   7   -0.0010797847
6   9   2   8   -0.0000000013
6   9   3   9   -0.0000000000
6   9   3   12   0.0295173237
6   9   4   10   0.0000000279
6   9   4   11   0.0387749535
6   9   5   10   0.0387741719
6   9   5   11   -0.0000000279
6   9   6   9   0.1665870016
6   9   6   12   0.0000000578
6   10   3   10   0.0000000159
6   10   3   11   0.0220846380
6   10   4   9   0.0000000279
6   10   4   12   0.0295757742
6   10   5   9   0.0387504863
6   10   5   12   0.0000000413
6   10   6   10   0.1525498861
6   10   6   11   0.0000000512
6   11   3   10   0.0220838498
6   11   3   11   -0.0000000159
6   11   4   9   0.0387504884
6   11   4   12   0.0000000413
6   11   5   9   -0.0000000279
6   11   5   12   0.0488036376
6   11   6   10   0.0000000512
6   11   6   11   0.1763727702
6   12   1   7   0.0028247403
6   12   1   8   -0.0000000019
6   12   2   7   -0.0000000019
6   12   2   8   0.0012297959
6   12   3   9   0.0294405475
6   12   3   12   0.0000000578
6   12   4   10   0.0295618993
6   12   4   11   0.0000000414
6   12   5   10   0.0000000414
6   12   5   11   0.0488278489
6   12   6   9   0.0000000578
6   12   6   12   0.1765451958

End ABCD Block
Begin AIJB Block
1   5   1   7   0.0062881322
1   5   1   8   -0.0000000054
1   5   2   7   -0.0000000054
1   5   2   8   -0.0013561588
1   5   3   10   -0.0014284911
1   5   3   11   -0.0000000069
1   5   4   10   0.0000000080
1   5   4   11   0.0052751306
1   6   1   7   -0.0000000054
1   6   1   8   -0.0005302305
1   6   2   7   0.0043881798
1   6   2   8   0.0000000054
1   6   3   10   0.0000000012
1   6   3   11   -0.0027530603
1   6   4   10   0.0010612677
1   6   4   11   -0.0000000161
1   7   1   10   -0.0001847591
1   7   1   11   -0.0000000019
1   7   2   10   -0.0000000002
1   7   2   11   -0.0006798894
1   7   3   7   0.0390379401
1   7   3   8   -0.0000000013
1   7   4   7   -0.0000000013
1   7   4   8   -0.0128113849
1   8   1   10   0.0000000030
1   8   1   11   0.0014301749
1   8   2   10   0.0005586396
1   8   2   11   -0.0000000046
1   8   3   7   -0.0000000013
1   8   3   8   0.0299720592
1   8   4   7   0.0562002770
1   8   4   8   0.0000000013
2   5   1   7   -0.0000000054
2   5   1   8   0.0044048322
2   5   2   7   -0.0005302305
2   5   2   8   0.0000000053
2   5   3   10   0.0000000160
2   5   3   11   0.0010113358
2   5   4   10   -0.0028346437
2   5   4   11   -0.0000000011
2   6   1   7   -0.0013561588
2   6   1   8   0.0000000053
2   6   2   7   0.0000000054
2   6   2   8   0.0062778328
2   6   3   10   0.0051540893
2   6   3   11   -0.0000000078
2   6   4   10   0.0000000070
2   6   4   11   -0.0013429681
2   7   1   10   0.0000000046
2   7   1   11   0.0005619940
2   7   2   10   0.0014213317
2   7   2   11   -0.0000000030
2   7   3   7   -0.0000000013
2   7   3   8   0.0561959707
2   7   4   7   0.0299720592
2   7   4   8   0.0000000013
2   8   1   10   -0.0006832921
2   8   1   11   0.0000000002
2   8   2   10   0.0000000019
2   8   2   11   -0.0001817999
2   8   3   7   -0.0128113849
2   8   3   8   0.0000000013
2   8   4   7   0.0000000013
2   8   4   8   0.0390386072
3   5   1   9   0.0060816658
3   5   1   12   0.0000000116
3   5   2   9   0.0000000001
3   5   2   12   0.0016857259
3   6   1   9   0.0000000001
3   6   1   12   0.0016910778
3   6   2   9   0.0061586069
3   6   2   12   -0.0000000117
3   7   3   9   0.0020723349
3   7   3   12   -0.0000000012
3   7   4   12   -0.0011272752
3   8   3   12   -0.0011274152
3   8   4   9   0.0020726689
3   8   4   12   0.0000000012
4   5   1   10   0.0035411909
4   5   1   11   0.0000000120
4   5   2   10   0.0000000121
4   5   2   11   0.0012881390
4   5   3   7   -0.0001847591
4   5   3   8   0.0000000046
4   5   4   7   0.0000000030
4   5   4   8   -0.0006832921
4   6   1   10   0.0000000121
4   6   1   11   0.0018727888
4   6   2   10   0.0067562859
4   6   2   11   -0.0000000121
4   6   3   7   -0.0000000002
4   6   3   8   0.0014213317
4   6   4   7   0.0005586396
4   6   4   8   0.0000000019
4   7   1   7   -0.0014284911
4   7   1   8   0.0000000160
4   7   2   7   0.0000000012
4   7   2   8   0.0051540893
4   7   3   10   0.0022521508
4   7   3   11   -0.0000000014
4   7   4   10   -0.0000000014
4   7   4   11   -0.0006680263
4   8   1   7   0.0000000080
4   8   1   8   -0.0028346437
4   8   2   7   0.0010612677
4   8   2   8   0.0000000070
4   8   3   10   -0.0000000014
4   8   3   11   -0.0008992320
4   8   4   10   0.0006849923
4   8   4   11   0.0000000014
5   5   1   10   0.0000000120
5   5   1   11   0.0066832436
5   5   2   10   0.0018727888
5   5   2   11   -0.0000000120
5   5   3   7   -0.0000000019
5   5   3   8   0.0005619940
5   5   4   7   0.0014301749
5   5   4   8   0.0000000002
5   6   1   10   0.0012881390
5   6   1   11   -0.0000000120
5   6   2   10   -0.0000000121
5   6   2   11   0.0035759215
5   6   3   7   -0.0006798894
5   6   3   8   -0.0000000030
5   6   4   7   -0.0000000046
5   6   4   8   -0.0001817999
5   7   1   7   -0.0000000069
5   7   1   8   0.0010113358
5   7   2   7   -0.0027530603
5   7   2   8   -0.0000000078
5   7   3   10   -0.0000000014
5   7   3   11   0.0006849823
5   7   4   10   -0.0008992320
5   7   4   11   0.0000000014
5   8   1   7   0.0052751306
5   8   1   8   -0.0000000011
5   8   2   7   -0.0000000161
5   8   2   8   -0.0013429681
5   8   3   10   -0.0006680263
5   8   3   11   0.0000000014
5   8   4   10   0.0000000014
5   8   4   11   0.0022523077
6   5   1   9   0.0000000116
6   5   1   12   0.0084500004
6   5   2   9   0.0016910778
6   5   2   12   -0.0000000097
6   6   1   9   0.0016857259
6   6   1   12   -0.0000000097
6   6   2   9   -0.0000000117
6   6   2   12   0.0026322782
6   7   3   9   -0.0000000012
6   7   3   12   0.0012601525
6   7   4   9   -0.0011274152
6   7   4   12   -0.0000000022
6   8   3   9   -0.0011272752
6   8   3   12   -0.0000000022
6   8   4   9   0.0000000012
6   8   4   12   0.0029965641

1   5   5   1   -0.2672370348
1   5   5   2   0.0000000168
1   5   6   1   0.0000000171
1   5   6   2   0.0025205913
1   5   7   4   0.0001201169
1   5   7   5   0.0000000020
1   5   8   4   -0.0000000026
1   5   8   5   -0.0013168293
1   6   5   1   0.0000000171
1   6   5   2   0.0033926351
1   6   6   1   -0.2611138643
1   6   6   2   -0.0000000168
1   6   7   4   0.0000000004
1   6   7   5   0.0007120515
1   6   8   4   -0.0004779862
1   6   8   5   0.0000000042
1   7   5   4   0.0000776120
1   7   5   5   0.0000000022
1   7   6   4   0.0000000006
1   7   6   5   0.0007666397
1   7   7   1   -0.2699385371
1   7   7   2   0.0000000021
1   7   8   1   0.0000000021
1   7   8   2   -0.0145370425
1   8   5   4   -0.0000000022
1   8   5   5   -0.0012159859
1   8   6   4   -0.0003643783
1   8   6   5   0.0000000039
1   8   7   1   0.0000000021
1   8   7   2   -0.0124139377
1   8   8   1   -0.2968890234
1   8   8   2   -0.0000000021
2   5   5   1   0.0000000168
2   5   5   2   -0.2613235121
2   5   6   1   0.0033926351
2   5   6   2   -0.0000000164
2   5   7   4   -0.0000000042
2   5   7   5   -0.0004810203
2   5   8   4   0.0007149937
2   5   8   5   -0.0000000004
2   6   5   1   0.0025205913
2   6   5   2   -0.0000000164
2   6   6   1   -0.0000000168
2   6   6   2   -0.2670267817
2   6   7   4   -0.0013070792
2   6   7   5   0.0000000026
2   6   8   4   -0.0000000020
2   6   8   5   0.0001165984
2   7   5   4   -0.0000000039
2   7   5   5   -0.0003679556
2   7   6   4   -0.0012066805
2   7   6   5   0.0000000022
2   7   7   1   0.0000000021
2   7   7   2   -0.2968900515
2   7   8   1   -0.0124139377
2   7   8   2   -0.0000000021
2   8   5   4   0.0007699474
2   8   5   5   -0.0000000006
2   8   6   4   -0.0000000022
2   8   6   5   0.0000741182
2   8   7   1   -0.0145370425
2   8   7   2   -0.0000000021
2   8   8   1   -0.0000000021
2   8   8   2   -0.2699385295
3   5   5   3   -0.1957670590
3   5   5   6   -0.0000000613
3   5   6   3   0.0000000001
3   5   6   6   -0.0088915172
3   6   5   3   0.0000000001
3   6   5   6   -0.0089016622
3   6   6   3   -0.1957216249
3   6   6   6   0.0000000615
3   7   7   3   -0.1899418126
3   7   7   6   0.0000000106
3   7   8   6   0.0099043027
3   8   7   6   0.0099018871
3   8   8   3   -0.1899417945
3   8   8   6   -0.0000000106
4   5   5   4   -0.1788401793
4   5   5   5   -0.0000000495
4   5   6   4   -0.0000000495
4   5   6   5   -0.0065079244
4   5   7   1   0.0000776120
4   5   7   2   -0.0000000039
4   5   8   1   -0.0000000022
4   5   8   2   0.0007699474
4   6   5   4   -0.0000000495
4   6   5   5   -0.0064964344
4   6   6   4   -0.1918169709
4   6   6   5   0.0000000496
4   6   7   1   0.0000000006
4   6   7   2   -0.0012066805
4   6   8   1   -0.0003643783
4   6   8   2   -0.0000000022
4   7   5   1   0.0001201169
4   7   5   2   -0.0000000042
4   7   6   1   0.0000000004
4   7   6   2   -0.0013070792
4   7   7   4   -0.1866347442
4   7   7   5   0.0000000148
4   7   8   4   0.0000000148
4   7   8   5   0.0082840813
4   8   5   1   -0.0000000026
4   8   5   2   0.0007149937
4   8   6   1   -0.0004779862
4   8   6   2   -0.0000000020
4   8   7   4   0.0000000148
4   8   7   5   0.0082102508
4   8   8   4   -0.1701403650
4   8   8   5   -0.0000000148
5   5   5   4   -0.0000000495
5   5   5   5   -0.1918234380
5   5   6   4   -0.0064964344
5   5   6   5   0.0000000496
5   5   7   1   0.0000000022
5   5   7   2   -0.0003679556
5   5   8   1   -0.0012159859
5   5   8   2   -0.0000000006
5   6   5   4   -0.0065079244
5   6   5   5   0.0000000496
5   6   6   4   0.0000000496
5   6   6   5   -0.1787856930
5   6   7   1   0.0007666397
5   6   7   2   0.0000000022
5   6   8   1   0.0000000039
5   6   8   2   0.0000741182
5   7   5   1   0.0000000020
5   7   5   2   -0.0004810203
5   7   6   1   0.0007120515
5   7   6   2   0.0000000026
5   7   7   4   0.0000000148
5   7   7   5   -0.1701408884
5   7   8   4   0.0082102508
5   7   8   5   -0.0000000148
5   8   5   1   -0.0013168293
5   8   5   2   -0.0000000004
5   8   6   1   0.0000000042
5   8   6   2   0.0001165984
5   8   7   4   0.0082840813
5   8   7   5   -0.0000000148
5   8   8   4   -0.0000000148
5   8   8   5   -0.1866355651
6   5   5   3   -0.0000000613
6   5   5   6   -0.1874742241
6   5   6   3   -0.0089016622
6   5   6   6   0.0000000167
6   6   5   3   -0.0088915172
6   6   5   6   0.0000000167
6   6   6   3   0.0000000615
6   6   6   6   -0.1774244252
6   7   7   3   0.0000000106
6   7   7   6   -0.1693170133
6   7   8   3   0.0099018871
6   7   8   6   0.0000000144
6   8   7   3   0.0099043027
6   8   7   6   0.0000000144
6   8   8   3   -0.0000000106
6   8   8   6   -0.1807886389

End AIJB Block
Begin IJKA Block
1   5   1   9   0.0000000202
1   5   1   12   -0.0209367079
1   5   2   9   0.0023239826
1   5   2   12   0.0000000002
1   6   1   9   0.0023797593
1   6   1   12   0.0000000339
1   6   2   9   -0.0000000201
1   6   2   12   -0.0003455870
1   7   3   9   0.0000000005
1   7   3   12   -0.0008248156
1   7   4   9   0.0001733561
1   7   4   12   0.0000000005
1   8   3   9   0.0001746113
1   8   3   12   0.0000000018
1   8   4   9   -0.0000000005
1   8   4   12   -0.0013715437
2   5   1   9   0.0023830524
2   5   1   12   0.0000000004
2   5   2   9   -0.0000000202
2   5   2   12   -0.0204896989
2   6   1   9   -0.0000000205
2   6   1   12   -0.0002186250
2   6   2   9   -0.0023784464
2   6   2   12   0.0000000350
2   7   3   9   0.0001690089
2   7   3   12   0.0000000007
2   7   4   9   -0.0000000005
2   7   4   12   -0.0001041269
2   8   3   9   -0.0000000005
2   8   3   12   0.0006466373
2   8   4   9   -0.0001654486
2   8   4   12   0.0000000030
3   5   3   9   -0.0000000022
3   5   3   12   -0.0199110852
3   5   4   9   -0.0007006052
3   5   4   12   0.0000000053
3   6   3   9   -0.0007857582
3   6   3   12   0.0000000301
3   6   4   9   0.0000000020
3   6   4   12   0.0013317440
3   7   1   9   -0.0000000001
3   7   1   12   -0.0008527263
3   7   2   9   -0.0000147912
3   7   2   12   0.0000000010
3   8   1   9   -0.0000751474
3   8   1   12   0.0000000013
3   8   2   9   0.0000000001
3   8   2   12   0.0006095014
4   5   3   9   -0.0006983181
4   5   3   12   0.0000000048
4   5   4   9   0.0000000018
4   5   4   12   -0.0223533801
4   6   3   9   0.0000000020
4   6   3   12   0.0010433104
4   6   4   9   0.0007105972
4   6   4   12   0.0000000402
4   7   1   9   -0.0000745797
4   7   1   12   -0.0000000003
4   7   2   9   0.0000000001
4   7   2   12   -0.0003231107
4   8   1   9   0.0000000002
4   8   1   12   -0.0010807208
4   8   2   9   0.0000333312
4   8   2   12   0.0000000022

End IJKA Block
Begin IABC Block
1   7   1   9   -0.0000000029
1   7   1   12   -0.0009595826
1   7   2   9   0.0010192500
1   7   2   12   -0.0000000028
1   7   3   7   -0.0000000023
1   7   3   8   0.0007399929
1   7   6   7   -0.0189849703
1   7   6   8   -0.0000000005
1   8   1   9   0.0010225583
1   8   1   12   0.0000000004
1   8   2   9   0.0000000029
1   8   2   12   -0.0015540653
1   8   3   7   0.0007426193
1   8   3   8   0.0000000019
1   8   6   7   0.0000000001
1   8   6   8   -0.0190796003
1   9   1   7   -0.0000000029
1   9   1   8   0.0009906854
1   9   2   7   0.0009906487
1   9   2   8   0.0000000028
1   9   3   9   -0.0000000002
1   9   3   12   0.0073799907
1   9   4   10   -0.0000000046
1   9   4   11   0.0045688042
1   9   5   10   0.0045680995
1   9   5   11   0.0000000046
1   9   6   9   -0.0043846310
1   9   6   12   0.0000000182
1   10   3   10   -0.0000000055
1   10   3   11   0.0055484014
1   10   4   9   -0.0000000046
1   10   4   12   0.0034966251
1   10   5   9   0.0045170355
1   10   5   12   0.0000000140
1   10   6   10   -0.0054106990
1   10   6   11   0.0000000136
1   11   3   10   0.0055430283
1   11   3   11   0.0000000053
1   11   4   9   0.0045123828
1   11   4   12   0.0000000090
1   11   5   9   0.0000000045
1   11   5   12   0.0073164925
1   11   6   10   0.0000000135
1   11   6   11   -0.0009087620
1   12   1   7   -0.0008959684
1   12   1   8   0.0000000001
1   12   2   7   -0.0000000026
1   12   2   8   -0.0014958685
1   12   3   9   0.0073237097
1   12   3   12   0.0000000247
1   12   4   10   0.0035040897
1   12   4   11   0.0000000089
1   12   5   10   0.0000000138
1   12   5   11   0.0072906426
1   12   6   9   0.0000000181
1   12   6   12   -0.0006742873
2   7   1   9   -0.0010130036
2   7   1   12   0.0000000009
2   7   2   9   -0.0000000029
2   7   2   12   -0.0012433565
2   7   3   7   -0.0007395604
2   7   3   8   -0.0000000021
2   7   6   7   0.0000000314
2   7   6   8   -0.0002461324
2   8   1   9   -0.0000000029
2   8   1   12   0.0006370531
2   8   2   9   0.0010170724
2   8   2   12   0.0000000033
2   8   3   7   -0.0000000021
2   8   3   8   0.0006729787
2   8   6   7   0.0001049315
2   8   6   8   0.0000000319
2   9   1   7   -0.0009859359
2   9   1   8   -0.0000000029
2   9   2   7   -0.0000000029
2   9   2   8   0.0009852566
2   9   3   9   -0.0000341480
2   9   3   12   -0.0000000123
2   9   4   10   -0.0047598806
2   9   4   11   -0.0000000042
2   9   5   10   -0.0000000042
2   9   5   11   0.0047591785
2   9   6   9   0.0000000073
2   9   6   12   0.0035489463
2   10   3   10   -0.0056681740
2   10   3   11   -0.0000000052
2   10   4   9   -0.0047140182
2   10   4   12   0.0000000026
2   10   5   9   -0.0000000041
2   10   5   12   0.0034636636
2   10   6   10   0.0000000189
2   10   6   11   0.0023320236
2   11   3   10   -0.0000000051
2   11   3   11   0.0056391500
2   11   4   9   -0.0000000041
2   11   4   12   0.0004724314
2   11   5   9   0.0046958316
2   11   5   12   -0.0000000206
2   11   6   10   0.0022834079
2   11   6   11   -0.0000000084
2   12   1   7   0.0000000008
2   12   1   8   0.0005133784
2   12   2   7   -0.0011209536
2   12   2   8   0.0000000032
2   12   3   9   -0.0000000122
2   12   3   12   0.0047801061
2   12   4   10   0.0000000025
2   12   4   11   0.0004686510
2   12   5   10   0.0034123848
2   12   5   11   -0.0000000205
2   12   6   9   0.0035030485
2   12   6   12   0.0000000011
3   7   3   10   0.0000000010
3   7   3   11   0.0009281724
3   7   4   9   0.0000000009
3   7   4   12   0.0005823715
3   7   5   9   0.0008241791
3   7   5   12   0.0000000003
3   7   6   10   0.0006140068
3   7   6   11   0.0000000002
3   8   3   10   0.0009716746
3   8   3   11   -0.0000000009
3   8   4   9   0.0008706995
3   8   4   12   -0.0000000029
3   8   5   9   -0.0000000008
3   8   5   12   -0.0006840701
3   8   6   10   -0.0000000029
3   8   6   11   -0.0006798677
3   9   1   10   0.0000000257
3   9   1   11   0.0256698482
3   9   2   10   0.0256689790
3   9   2   11   -0.0000000257
3   9   4   7   0.0000000010
3   9   4   8   0.0009767503
3   9   5   7   0.0009768427
3   9   5   8   -0.0000000010
3   10   1   9   0.0000000257
3   10   1   12   0.0167833663
3   10   2   9   0.0256049137
3   10   2   12   -0.0000000196
3   10   3   7   0.0000000011
3   10   3   8   0.0011306683
3   10   6   7   0.0007181504
3   10   6   8   -0.0000000033
3   11   1   9   0.0256023730
3   11   1   12   0.0000000043
3   11   2   9   -0.0000000257
3   11   2   12   0.0094012013
3   11   3   7   0.0011302843
3   11   3   8   -0.0000000011
3   11   6   7   0.0000000002
3   11   6   8   -0.0007623675
3   12   1   10   0.0168291585
3   12   1   11   0.0000000043
3   12   2   10   -0.0000000196
3   12   2   11   0.0094324792
3   12   4   7   0.0006964502
3   12   4   8   -0.0000000033
3   12   5   7   0.0000000003
3   12   5   8   -0.0007702306
4   7   3   10   -0.0009342190
4   7   3   11   0.0000000010
4   7   4   9   -0.0008317841
4   7   4   12   -0.0000000026
4   7   5   9   0.0000000009
4   7   5   12   -0.0018840569
4   7   6   10   -0.0000000026
4   7   6   11   -0.0018877884
4   8   3   10   0.0000000009
4   8   3   11   0.0009658365
4   8   4   9   0.0000000008
4   8   4   12   0.0006311704
4   8   5   9   0.0008633711
4   8   5   12   0.0000000000
4   8   6   10   0.0006048459
4   8   6   11   0.0000000001
4   9   1   10   -0.0256707447
4   9   1   11   0.0000000257
4   9   2   10   0.0000000257
4   9   2   11   0.0256703450
4   9   4   7   -0.0009766492
4   9   4   8   0.0000000010
4   9   5   7   0.0000000010
4   9   5   8   0.0009768130
4   10   1   9   -0.0256043945
4   10   1   12   -0.0000000104
4   10   2   9   0.0000000257
4   10   2   12   0.0160065211
4   10   3   7   -0.0011298364
4   10   3   8   0.0000000011
4   10   6   7   -0.0000000029
4   10   6   8   0.0006487639
4   11   1   9   0.0000000257
4   11   1   12   -0.0233856097
4   11   2   9   0.0256042800
4   11   2   12   0.0000000049
4   11   3   7   0.0000000011
4   11   3   8   0.0011304441
4   11   6   7   -0.0021295084
4   11   6   8   0.0000000002
4   12   1   10   -0.0000000103
4   12   1   11   -0.0234117294
4   12   2   10   0.0160160922
4   12   2   11   0.0000000050
4   12   4   7   -0.0000000029
4   12   4   8   0.0006671447
4   12   5   7   -0.0021336778
4   12   5   8   0.0000000001

End IABC Block
