Begin IJ Block
1   1   -5.3039231028
1   2   0.0000000000
1   3   -0.3731480466
2   2   -4.7986522582
2   3   -0.0000000001
3   3   -4.6402390991
4   4   -4.5271171674
5   5   -4.5271171674

End IJ Block
Begin IA Block
1   3   -0.0000000001
2   3   0.3857720975
3   3   -0.0000000001
4   1   0.0000000001
4   2   0.0000000000
5   1   -0.0000000000
5   2   0.0000000001

End IA Block
Begin AB Block
1   1   -4.2834536141
2   2   -4.2834536141
3   3   -4.1446210417

End AB Block
Begin IJKL Block
1   6   1   6   0.5541357802
1   6   1   7   -0.0000000000
1   6   1   8   0.0773631732
1   6   2   6   -0.0000000000
1   6   2   7   0.1473755791
1   6   2   8   0.0000000000
1   6   3   6   0.0773631732
1   6   3   7   0.0000000000
1   6   3   8   0.0757065277
1   6   4   9   0.0685771899
1   6   5   10   0.0685771899
1   7   1   6   -0.0000000000
1   7   1   7   0.4787070554
1   7   1   8   0.0000000000
1   7   2   6   0.1494049779
1   7   2   7   0.0000000000
1   7   2   8   -0.1035999579
1   7   3   6   0.0000000000
1   7   3   7   -0.0012877082
1   7   4   9   -0.0000000000
1   7   5   10   -0.0000000000
1   8   1   6   0.0773631732
1   8   1   7   0.0000000000
1   8   1   8   0.4992545583
1   8   2   6   0.0000000000
1   8   2   7   -0.1052590697
1   8   2   8   0.0000000000
1   8   3   6   0.0780848133
1   8   3   8   0.0229665268
1   8   4   9   -0.0031691671
1   8   5   10   -0.0031691671
1   9   1   9   0.4945518056
1   9   2   9   -0.0000000000
1   9   3   9   0.0394772064
1   9   4   6   0.0714145711
1   9   4   7   -0.0000000000
1   9   4   8   -0.0028218027
1   10   1   10   0.4945518056
1   10   2   10   -0.0000000000
1   10   3   10   0.0394772064
1   10   5   6   0.0714145711
1   10   5   7   -0.0000000000
1   10   5   8   -0.0028218027
2   6   1   6   -0.0000000000
2   6   1   7   0.1494049779
2   6   1   8   0.0000000000
2   6   2   6   0.4787070554
2   6   2   7   0.0000000000
2   6   2   8   -0.0012877082
2   6   3   6   0.0000000000
2   6   3   7   -0.1035999579
2   6   4   9   -0.0000000000
2   6   5   10   -0.0000000000
2   7   1   6   0.1473755791
2   7   1   7   0.0000000000
2   7   1   8   -0.1052590697
2   7   2   6   0.0000000000
2   7   2   7   0.4885363229
2   7   2   8   -0.0000000000
2   7   3   6   -0.1052590697
2   7   3   7   -0.0000000000
2   7   3   8   0.1176800062
2   7   4   9   0.0488253802
2   7   5   10   0.0488253802
2   8   1   6   0.0000000000
2   8   1   7   -0.1035999579
2   8   1   8   0.0000000000
2   8   2   6   -0.0012877082
2   8   2   7   -0.0000000000
2   8   2   8   0.4814866841
2   8   3   7   0.1184163982
2   8   3   8   -0.0000000000
2   9   1   9   -0.0000000000
2   9   2   9   0.4552853431
2   9   3   9   0.0000000000
2   9   4   6   -0.0000000000
2   9   4   7   0.0500469114
2   10   1   10   -0.0000000000
2   10   2   10   0.4552853431
2   10   3   10   0.0000000000
2   10   5   6   -0.0000000000
2   10   5   7   0.0500469114
3   6   1   6   0.0773631732
3   6   1   7   0.0000000000
3   6   1   8   0.0780848133
3   6   2   6   0.0000000000
3   6   2   7   -0.1052590697
3   6   3   6   0.4992545583
3   6   3   7   0.0000000000
3   6   3   8   0.0229665268
3   6   4   9   -0.0031691671
3   6   5   10   -0.0031691671
3   7   1   6   0.0000000000
3   7   1   7   -0.0012877082
3   7   2   6   -0.1035999579
3   7   2   7   -0.0000000000
3   7   2   8   0.1184163982
3   7   3   6   0.0000000000
3   7   3   7   0.4814866841
3   7   3   8   -0.0000000000
3   8   1   6   0.0757065277
3   8   1   8   0.0229665268
3   8   2   7   0.1176800062
3   8   2   8   -0.0000000000
3   8   3   6   0.0229665268
3   8   3   7   -0.0000000000
3   8   3   8   0.5029178004
3   8   4   9   0.0149046206
3   8   5   10   0.0149046206
3   9   1   9   0.0394772064
3   9   2   9   0.0000000000
3   9   3   9   0.4550877306
3   9   4   6   -0.0028218027
3   9   4   8   0.0168580918
3   10   1   10   0.0394772064
3   10   2   10   0.0000000000
3   10   3   10   0.4550877306
3   10   5   6   -0.0028218027
3   10   5   8   0.0168580918
4   6   1   9   0.0714145711
4   6   2   9   -0.0000000000
4   6   3   9   -0.0028218027
4   6   4   6   0.4945518056
4   6   4   7   -0.0000000000
4   6   4   8   0.0394772064
4   7   1   9   -0.0000000000
4   7   2   9   0.0500469114
4   7   4   6   -0.0000000000
4   7   4   7   0.4552853431
4   7   4   8   0.0000000000
4   8   1   9   -0.0028218027
4   8   3   9   0.0168580918
4   8   4   6   0.0394772064
4   8   4   7   0.0000000000
4   8   4   8   0.4550877306
4   9   1   6   0.0685771899
4   9   1   7   -0.0000000000
4   9   1   8   -0.0031691671
4   9   2   6   -0.0000000000
4   9   2   7   0.0488253802
4   9   3   6   -0.0031691671
4   9   3   8   0.0149046206
4   9   4   9   0.4759152260
4   9   5   10   0.0127892864
4   10   4   10   0.4484307612
4   10   5   9   0.0146951784
5   6   1   10   0.0714145711
5   6   2   10   -0.0000000000
5   6   3   10   -0.0028218027
5   6   5   6   0.4945518056
5   6   5   7   -0.0000000000
5   6   5   8   0.0394772064
5   7   1   10   -0.0000000000
5   7   2   10   0.0500469114
5   7   5   6   -0.0000000000
5   7   5   7   0.4552853431
5   7   5   8   0.0000000000
5   8   1   10   -0.0028218027
5   8   3   10   0.0168580918
5   8   5   6   0.0394772064
5   8   5   7   0.0000000000
5   8   5   8   0.4550877306
5   9   4   10   0.0146951784
5   9   5   9   0.4484307612
5   10   1   6   0.0685771899
5   10   1   7   -0.0000000000
5   10   1   8   -0.0031691671
5   10   2   6   -0.0000000000
5   10   2   7   0.0488253802
5   10   3   6   -0.0031691671
5   10   3   8   0.0149046206
5   10   4   9   0.0127892864
5   10   5   10   0.4759152260

End IJKL Block
Begin IJAB Block
1   6   1   4   0.0516614549
1   6   2   5   0.0516614549
1   6   3   6   0.0746019963
1   7   1   4   0.0000000000
1   7   2   5   0.0000000000
1   7   3   6   0.0000000000
1   8   1   4   -0.0180734683
1   8   2   5   -0.0180734683
1   8   3   6   0.0461235213
1   9   1   6   -0.0224485964
1   9   2   6   -0.0109812441
1   9   3   4   -0.0530445187
1   9   3   5   -0.0259479390
1   10   1   6   0.0109812441
1   10   2   6   -0.0224485964
1   10   3   4   0.0259479390
1   10   3   5   -0.0530445187
2   6   1   4   0.0000000000
2   6   2   5   0.0000000000
2   6   3   6   0.0000000000
2   7   1   4   0.0719824741
2   7   2   5   0.0719824741
2   7   3   6   0.0523127065
2   8   1   4   -0.0000000000
2   8   2   5   -0.0000000000
2   8   3   6   0.0000000000
2   9   1   6   -0.0000000000
2   9   3   4   -0.0000000000
2   9   3   5   -0.0000000000
2   10   2   6   -0.0000000000
2   10   3   4   0.0000000000
2   10   3   5   -0.0000000000
3   6   1   4   -0.0180734683
3   6   2   5   -0.0180734683
3   6   3   6   0.0461235213
3   7   1   4   -0.0000000000
3   7   2   5   -0.0000000000
3   7   3   6   0.0000000000
3   8   1   4   0.0283973546
3   8   2   5   0.0283973546
3   8   3   6   0.1211752747
3   9   1   6   -0.0072128177
3   9   2   6   -0.0035283147
3   9   3   4   -0.0974659421
3   9   3   5   -0.0476776939
3   10   1   6   0.0035283147
3   10   2   6   -0.0072128177
3   10   3   4   0.0476776939
3   10   3   5   -0.0974659421
4   6   1   6   -0.0530445187
4   6   2   6   -0.0259479390
4   6   3   4   -0.0224485964
4   6   3   5   -0.0109812441
4   7   1   6   -0.0000000000
4   7   2   6   -0.0000000000
4   7   3   4   -0.0000000000
4   8   1   6   -0.0974659421
4   8   2   6   -0.0476776939
4   8   3   4   -0.0072128177
4   8   3   5   -0.0035283147
4   9   1   4   0.1437213529
4   9   1   5   0.0600742321
4   9   2   4   0.0600742321
4   9   2   5   0.0503002592
4   9   3   6   0.0249202439
4   10   1   4   -0.0600742321
4   10   1   5   0.1058920659
4   10   2   4   -0.0124709722
4   10   2   5   0.0600742321
5   6   1   6   0.0259479390
5   6   2   6   -0.0530445187
5   6   3   4   0.0109812441
5   6   3   5   -0.0224485964
5   7   1   6   0.0000000000
5   7   2   6   -0.0000000000
5   7   3   5   -0.0000000000
5   8   1   6   0.0476776939
5   8   2   6   -0.0974659421
5   8   3   4   0.0035283147
5   8   3   5   -0.0072128177
5   9   1   4   -0.0600742321
5   9   1   5   -0.0124709722
5   9   2   4   0.1058920659
5   9   2   5   0.0600742321
5   10   1   4   0.0503002592
5   10   1   5   -0.0600742321
5   10   2   4   -0.0600742321
5   10   2   5   0.1437213529
5   10   3   6   0.0249202439

End IJAB Block
Begin ABCD Block
1   4   1   4   0.4669913206
1   4   2   5   0.0176636888
1   4   3   6   0.0224724599
1   5   1   5   0.4318385977
1   5   2   4   0.0174890341
1   6   1   6   0.4343710027
1   6   3   4   0.0224550043
2   4   1   5   0.0174890341
2   4   2   4   0.4318385977
2   5   1   4   0.0176636888
2   5   2   5   0.4669913206
2   5   3   6   0.0224724599
2   6   2   6   0.4343710027
2   6   3   5   0.0224550043
3   4   1   6   0.0224550043
3   4   3   4   0.4343710027
3   5   2   6   0.0224550043
3   5   3   5   0.4343710027
3   6   1   4   0.0224724599
3   6   2   5   0.0224724599
3   6   3   6   0.4731307334

End ABCD Block
Begin AIJB Block
1   6   1   4   0.0482179717
1   6   2   4   0.0000000000
1   6   3   4   -0.0161955485
1   6   4   6   -0.0530411920
1   6   5   6   0.0259463117
1   7   1   4   0.0000000000
1   7   2   4   0.0680678557
1   7   3   4   -0.0000000000
1   7   4   6   -0.0000000000
1   7   5   6   0.0000000000
1   8   1   4   -0.0161955485
1   8   2   4   -0.0000000000
1   8   3   4   0.0248838723
1   8   4   6   -0.0997777511
1   8   5   6   0.0488085681
1   9   1   6   -0.0200184834
1   9   2   6   -0.0000000000
1   9   3   6   -0.0072305538
1   9   4   4   0.1435600257
1   9   4   5   0.0614683386
1   9   5   4   -0.0614683386
1   9   5   5   -0.0127594047
1   10   1   6   0.0097924988
1   10   2   6   0.0000000000
1   10   3   6   0.0035369907
1   10   4   4   -0.0614683386
1   10   4   5   0.1083484655
1   10   5   4   0.0479709649
1   10   5   5   -0.0614683386
2   6   1   5   0.0482179717
2   6   2   5   0.0000000000
2   6   3   5   -0.0161955485
2   6   4   6   -0.0259463117
2   6   5   6   -0.0530411920
2   7   1   5   0.0000000000
2   7   2   5   0.0680678557
2   7   3   5   -0.0000000000
2   7   4   6   -0.0000000000
2   7   5   6   -0.0000000000
2   8   1   5   -0.0161955485
2   8   2   5   -0.0000000000
2   8   3   5   0.0248838723
2   8   4   6   -0.0488085681
2   8   5   6   -0.0997777511
2   9   1   6   -0.0097924988
2   9   2   6   -0.0000000000
2   9   3   6   -0.0035369907
2   9   4   4   0.0614683386
2   9   4   5   0.0479709649
2   9   5   4   0.1083484655
2   9   5   5   0.0614683386
2   10   1   6   -0.0200184834
2   10   2   6   -0.0000000000
2   10   3   6   -0.0072305538
2   10   4   4   -0.0127594047
2   10   4   5   0.0614683386
2   10   5   4   -0.0614683386
2   10   5   5   0.1435600257
3   6   1   6   0.0695828389
3   6   2   6   0.0000000000
3   6   3   6   0.0453741797
3   6   4   4   -0.0200184834
3   6   4   5   -0.0097924988
3   6   5   4   0.0097924988
3   6   5   5   -0.0200184834
3   7   1   6   0.0000000000
3   7   2   6   0.0517849780
3   7   3   6   0.0000000000
3   7   4   4   -0.0000000000
3   7   4   5   -0.0000000000
3   7   5   4   0.0000000000
3   7   5   5   -0.0000000000
3   8   1   6   0.0453741797
3   8   2   6   0.0000000000
3   8   3   6   0.1206590198
3   8   4   4   -0.0072305538
3   8   4   5   -0.0035369907
3   8   5   4   0.0035369907
3   8   5   5   -0.0072305538
3   9   1   4   -0.0530411920
3   9   1   5   -0.0259463117
3   9   2   4   -0.0000000000
3   9   2   5   -0.0000000000
3   9   3   4   -0.0997777511
3   9   3   5   -0.0488085681
3   9   4   6   0.0237684407
3   10   1   4   0.0259463117
3   10   1   5   -0.0530411920
3   10   2   4   0.0000000000
3   10   2   5   -0.0000000000
3   10   3   4   0.0488085681
3   10   3   5   -0.0997777511
3   10   5   6   0.0237684407

1   6   6   1   -0.4766910764
1   6   7   1   -0.0000000000
1   6   8   1   -0.0181357693
1   6   9   3   0.0267346348
1   6   10   3   -0.0130778578
1   7   6   1   -0.0000000000
1   7   7   1   -0.4641888680
1   7   8   1   0.0000000000
1   7   9   3   0.0000000000
1   7   10   3   -0.0000000000
1   8   6   1   -0.0181357693
1   8   7   1   0.0000000000
1   8   8   1   -0.4576083698
1   8   9   3   0.0099908879
1   8   10   3   -0.0048872712
1   9   6   3   0.0270965438
1   9   7   3   0.0000000000
1   9   8   3   0.0119040762
1   9   9   1   -0.4720125449
1   9   9   2   -0.0144938754
1   9   10   1   0.0144938754
1   9   10   2   -0.0128101015
1   10   6   3   -0.0132548939
1   10   7   3   -0.0000000000
1   10   8   3   -0.0058231510
1   10   9   1   0.0144938754
1   10   9   2   -0.0097292410
1   10   10   1   -0.4494732024
1   10   10   2   0.0144938754
2   6   6   2   -0.4766910764
2   6   7   2   -0.0000000000
2   6   8   2   -0.0181357693
2   6   9   3   0.0130778578
2   6   10   3   0.0267346348
2   7   6   2   -0.0000000000
2   7   7   2   -0.4641888680
2   7   8   2   0.0000000000
2   7   9   3   0.0000000000
2   7   10   3   0.0000000000
2   8   6   2   -0.0181357693
2   8   7   2   0.0000000000
2   8   8   2   -0.4576083698
2   8   9   3   0.0048872712
2   8   10   3   0.0099908879
2   9   6   3   0.0132548939
2   9   7   3   0.0000000000
2   9   8   3   0.0058231510
2   9   9   1   -0.0144938754
2   9   9   2   -0.4494732024
2   9   10   1   -0.0097292410
2   9   10   2   -0.0144938754
2   10   6   3   0.0270965438
2   10   7   3   0.0000000000
2   10   8   3   0.0119040762
2   10   9   1   -0.0128101015
2   10   9   2   -0.0144938754
2   10   10   1   0.0144938754
2   10   10   2   -0.4720125449
3   6   6   3   -0.4996515731
3   6   7   3   -0.0000000000
3   6   8   3   -0.0552512644
3   6   9   1   0.0270965438
3   6   9   2   0.0132548939
3   6   10   1   -0.0132548939
3   6   10   2   0.0270965438
3   7   6   3   -0.0000000000
3   7   7   3   -0.4529936470
3   7   8   3   -0.0000000000
3   7   9   1   0.0000000000
3   7   9   2   0.0000000000
3   7   10   1   -0.0000000000
3   7   10   2   0.0000000000
3   8   6   3   -0.0552512644
3   8   7   3   -0.0000000000
3   8   8   3   -0.4810567236
3   8   9   1   0.0119040762
3   8   9   2   0.0058231510
3   8   10   1   -0.0058231510
3   8   10   2   0.0119040762
3   9   6   1   0.0267346348
3   9   6   2   0.0130778578
3   9   7   1   0.0000000000
3   9   7   2   0.0000000000
3   9   8   1   0.0099908879
3   9   8   2   0.0048872712
3   9   9   3   -0.4511042620
3   10   6   1   -0.0130778578
3   10   6   2   0.0267346348
3   10   7   1   -0.0000000000
3   10   7   2   0.0000000000
3   10   8   1   -0.0048872712
3   10   8   2   0.0099908879
3   10   10   3   -0.4511042620

End AIJB Block
Begin IJKA Block
1   6   1   6   0.0000000000
1   6   2   6   -0.0550353980
1   6   3   6   0.0000000000
1   6   4   4   -0.0000000000
1   6   4   5   -0.0000000000
1   6   5   4   0.0000000000
1   6   5   5   -0.0000000000
1   7   1   6   -0.0685696651
1   7   2   6   -0.0000000000
1   7   3   6   -0.0520156237
1   7   4   4   0.0558329840
1   7   4   5   0.0273119806
1   7   5   4   -0.0273119806
1   7   5   5   0.0558329840
1   8   1   6   0.0000000000
1   8   2   6   -0.1149050510
1   8   3   6   0.0000000000
1   9   1   4   -0.0000000000
1   9   1   5   -0.0000000000
1   9   2   4   0.1305113656
1   9   2   5   0.0638426182
1   9   3   4   0.0000000000
1   9   4   6   0.0000000000
1   10   1   4   0.0000000000
1   10   1   5   -0.0000000000
1   10   2   4   -0.0638426182
1   10   2   5   0.1305113656
1   10   3   5   0.0000000000
1   10   5   6   0.0000000000
2   6   1   6   -0.0555414365
2   6   2   6   -0.0000000000
2   6   3   6   -0.0061449577
2   6   4   4   0.0434210315
2   6   4   5   0.0212403903
2   6   5   4   -0.0212403903
2   6   5   5   0.0434210315
2   7   1   6   -0.0000000000
2   7   2   6   -0.0142610798
2   7   3   6   -0.0000000000
2   7   4   4   0.0000000000
2   7   4   5   0.0000000000
2   7   5   4   -0.0000000000
2   7   5   5   0.0000000000
2   8   1   6   -0.1154554652
2   8   2   6   -0.0000000000
2   8   3   6   0.0889309017
2   8   4   4   -0.0174794638
2   8   4   5   -0.0085504793
2   8   5   4   0.0085504793
2   8   5   5   -0.0174794638
2   9   1   4   0.1299675525
2   9   1   5   0.0635765996
2   9   2   4   0.0000000000
2   9   2   5   0.0000000000
2   9   3   4   -0.0894214712
2   9   3   5   -0.0437425570
2   9   4   6   -0.0160778503
2   10   1   4   -0.0635765996
2   10   1   5   0.1299675525
2   10   2   4   -0.0000000000
2   10   2   5   0.0000000000
2   10   3   4   0.0437425570
2   10   3   5   -0.0894214712
2   10   5   6   -0.0160778503
3   6   1   6   0.0000000000
3   6   2   6   -0.0045526611
3   6   3   6   0.0000000000
3   7   1   6   -0.0501165766
3   7   2   6   -0.0000000000
3   7   3   6   -0.0153991073
3   7   4   4   -0.0127512385
3   7   4   5   -0.0062375598
3   7   5   4   0.0062375598
3   7   5   5   -0.0127512385
3   8   1   6   0.0000000000
3   8   2   6   0.0901922487
3   9   1   4   0.0000000000
3   9   2   4   -0.0892083099
3   9   2   5   -0.0436382842
3   9   4   6   0.0000000000
3   10   1   5   0.0000000000
3   10   2   4   0.0436382842
3   10   2   5   -0.0892083099
3   10   5   6   0.0000000000
4   6   1   4   -0.0000000000
4   6   1   5   -0.0000000000
4   6   2   4   0.0423039793
4   6   2   5   0.0206939586
4   6   4   6   0.0000000000
4   7   1   4   0.0531792235
4   7   1   5   0.0260138330
4   7   2   4   0.0000000000
4   7   2   5   0.0000000000
4   7   3   4   -0.0147749566
4   7   3   5   -0.0072275078
4   7   4   6   -0.0477511254
4   8   2   4   -0.0186618516
4   8   2   5   -0.0091288713
4   8   4   6   0.0000000000
4   9   1   6   0.0000000000
4   9   2   6   -0.0154484984
4   9   3   6   0.0000000000
4   9   4   4   -0.0000000000
4   9   4   5   -0.0000000000
4   9   5   5   -0.0000000000
4   10   4   4   0.0000000000
4   10   4   5   -0.0000000000
4   10   5   4   -0.0000000000
5   6   1   4   0.0000000000
5   6   1   5   -0.0000000000
5   6   2   4   -0.0206939586
5   6   2   5   0.0423039793
5   6   5   6   0.0000000000
5   7   1   4   -0.0260138330
5   7   1   5   0.0531792235
5   7   2   4   -0.0000000000
5   7   2   5   0.0000000000
5   7   3   4   0.0072275078
5   7   3   5   -0.0147749566
5   7   5   6   -0.0477511254
5   8   2   4   0.0091288713
5   8   2   5   -0.0186618516
5   8   5   6   0.0000000000
5   9   4   5   -0.0000000000
5   9   5   4   -0.0000000000
5   9   5   5   -0.0000000000
5   10   1   6   0.0000000000
5   10   2   6   -0.0154484984
5   10   3   6   0.0000000000
5   10   4   4   -0.0000000000
5   10   5   4   0.0000000000
5   10   5   5   -0.0000000000

End IJKA Block
Begin IABC Block
1   6   3   6   0.0000000000
2   4   1   6   -0.0181857433
2   4   3   4   -0.0374801543
2   5   2   6   -0.0181857433
2   5   3   5   -0.0374801543
2   6   1   4   -0.0163397631
2   6   2   5   -0.0163397631
2   6   3   6   -0.0442173862
3   4   3   4   -0.0000000000
3   5   3   5   -0.0000000000
4   4   1   4   0.0000000000
4   4   2   4   0.0000000000
4   4   2   5   0.0000000000
4   5   1   5   0.0000000000
4   5   2   5   0.0000000000
4   6   1   6   0.0000000000
4   6   2   6   0.0000000000
5   4   1   4   -0.0000000000
5   4   2   4   0.0000000000
5   5   1   4   0.0000000000
5   5   1   5   -0.0000000000
5   5   2   5   0.0000000000
5   6   1   6   -0.0000000000
5   6   2   6   0.0000000000

End IABC Block
