Begin IJ Block
1   1   -28.1893973058
1   3   0.4856414791
1   7   0.2712220780
2   2   -28.1901285138
2   4   -0.5018290654
3   3   -10.5922457208
3   7   1.0545153033
4   4   -7.7770199400
5   5   -8.4801161943
6   6   -8.4801161943
7   7   -8.0265260353

End IJ Block
Begin IA Block
1   4   -0.0299418496
2   3   0.2650286238
3   4   -0.7735401750
4   3   1.2103077053
5   5   -0.8208966555
5   6   1.6914966889
6   5   1.6914966889
6   6   0.8208966555
7   4   1.2687311020

End IA Block
Begin AB Block
1   1   -6.8401907995
2   2   -6.8401907995
3   3   -4.3106021551
4   4   -5.1605090193
5   5   -5.9029534836
6   6   -5.9029534836

End AB Block
Begin IJKL Block
1   8   1   8   2.3269700846
1   8   1   9   -0.0000000000
1   8   1   10   -0.2078443041
1   8   1   14   -0.0702053764
1   8   2   8   -0.0000000000
1   8   2   9   1.7914582088
1   8   2   11   0.1703375899
1   8   3   8   -0.2078443041
1   8   3   10   0.0402578584
1   8   3   14   0.0011631762
1   8   4   9   0.1703375899
1   8   4   11   0.0263545619
1   8   5   12   0.0119870094
1   8   6   13   0.0119870094
1   8   7   8   -0.0702053764
1   8   7   10   0.0011631762
1   8   7   14   0.0165006720
1   9   1   8   -0.0000000000
1   9   1   9   2.3292999714
1   9   1   11   0.1806241948
1   9   2   8   1.7916442195
1   9   2   9   0.0000000000
1   9   2   10   -0.2232058970
1   9   2   14   -0.0491857519
1   9   3   9   -0.2081987571
1   9   3   11   -0.0246072806
1   9   4   8   0.1702733845
1   9   4   10   -0.0251845920
1   9   4   14   -0.0138566539
1   9   7   9   -0.0702347744
1   9   7   11   -0.0146681454
1   10   1   8   -0.2078443041
1   10   1   10   0.9021032440
1   10   1   14   -0.1156686088
1   10   2   9   -0.2232705863
1   10   2   11   -0.1444843382
1   10   3   8   0.0418159898
1   10   3   10   0.0087296959
1   10   3   14   -0.0099238869
1   10   4   9   -0.0255631213
1   10   4   11   -0.0036284733
1   10   5   12   0.0186037124
1   10   6   13   0.0186037124
1   10   7   8   0.0006571370
1   10   7   10   -0.0357049695
1   10   7   14   0.0165072994
1   11   1   9   0.1806241948
1   11   1   11   0.6723162759
1   11   2   8   0.1702733845
1   11   2   10   -0.1445388233
1   11   2   14   -0.2471477826
1   11   3   9   -0.0250238238
1   11   3   11   -0.0142460941
1   11   4   8   0.0276140745
1   11   4   10   -0.0032945548
1   11   4   14   0.0042568031
1   11   7   9   -0.0156066368
1   11   7   11   0.0058367368
1   12   1   12   0.7235002113
1   12   3   12   0.0007223929
1   12   5   8   0.0136945952
1   12   5   10   0.0191500897
1   12   5   14   0.0044752910
1   12   7   12   -0.0120838139
1   13   1   13   0.7235002113
1   13   3   13   0.0007223929
1   13   6   8   0.0136945952
1   13   6   10   0.0191500897
1   13   6   14   0.0044752910
1   13   7   13   -0.0120838139
1   14   1   8   -0.0702053764
1   14   1   10   -0.1156686088
1   14   1   14   0.7063664555
1   14   2   9   -0.0492128167
1   14   2   11   -0.2471489179
1   14   3   8   0.0006571370
1   14   3   10   -0.0102033524
1   14   3   14   -0.0086195748
1   14   4   9   -0.0147937231
1   14   4   11   0.0044395355
1   14   5   12   0.0040019109
1   14   6   13   0.0040019109
1   14   7   8   0.0179209080
1   14   7   10   0.0167938991
1   14   7   14   0.0004435368
2   8   1   8   -0.0000000000
2   8   1   9   1.7916442195
2   8   1   11   0.1702733845
2   8   2   8   2.3292999714
2   8   2   9   0.0000000000
2   8   2   10   -0.2081987571
2   8   2   14   -0.0702347744
2   8   3   9   -0.2232058970
2   8   3   11   -0.0251845920
2   8   4   8   0.1806241948
2   8   4   10   -0.0246072806
2   8   4   14   -0.0146681454
2   8   7   9   -0.0491857519
2   8   7   11   -0.0138566539
2   9   1   8   1.7914582088
2   9   1   9   0.0000000000
2   9   1   10   -0.2232705863
2   9   1   14   -0.0492128167
2   9   2   8   0.0000000000
2   9   2   9   2.3312703791
2   9   2   11   0.1809578840
2   9   3   8   -0.2232705863
2   9   3   10   0.0395106970
2   9   3   14   0.0023786647
2   9   4   9   0.1809578840
2   9   4   11   0.0267780992
2   9   5   12   0.0110264773
2   9   6   13   0.0110264773
2   9   7   8   -0.0492128167
2   9   7   10   0.0023786647
2   9   7   14   0.0147748027
2   10   1   9   -0.2232058970
2   10   1   11   -0.1445388233
2   10   2   8   -0.2081987571
2   10   2   10   0.9018972817
2   10   2   14   -0.1154556604
2   10   3   9   0.0411664254
2   10   3   11   0.0094455393
2   10   4   8   -0.0250238238
2   10   4   10   0.0258597777
2   10   4   14   -0.0086212287
2   10   7   9   0.0018490603
2   10   7   11   -0.0020486982
2   11   1   8   0.1703375899
2   11   1   10   -0.1444843382
2   11   1   14   -0.2471489179
2   11   2   9   0.1809578840
2   11   2   11   0.6724330574
2   11   3   8   -0.0255631213
2   11   3   10   0.0099619647
2   11   3   14   0.0179961963
2   11   4   9   0.0280293008
2   11   4   11   0.0030295895
2   11   5   12   -0.0097021655
2   11   6   13   -0.0097021655
2   11   7   8   -0.0147937231
2   11   7   10   -0.0022741414
2   11   7   14   -0.0167075435
2   12   2   12   0.7234516004
2   12   4   12   0.0101553727
2   12   5   9   0.0127625194
2   12   5   11   -0.0103920910
2   13   2   13   0.7234516004
2   13   4   13   0.0101553727
2   13   6   9   0.0127625194
2   13   6   11   -0.0103920910
2   14   1   9   -0.0491857519
2   14   1   11   -0.2471477826
2   14   2   8   -0.0702347744
2   14   2   10   -0.1154556604
2   14   2   14   0.7063802933
2   14   3   9   0.0018490603
2   14   3   11   0.0180850166
2   14   4   8   -0.0156066368
2   14   4   10   -0.0087219893
2   14   4   14   0.0047221092
2   14   7   9   0.0162311236
2   14   7   11   -0.0166786011
3   8   1   8   -0.2078443041
3   8   1   10   0.0418159898
3   8   1   14   0.0006571370
3   8   2   9   -0.2232705863
3   8   2   11   -0.0255631213
3   8   3   8   0.9021032440
3   8   3   10   0.0087296959
3   8   3   14   -0.0357049695
3   8   4   9   -0.1444843382
3   8   4   11   -0.0036284733
3   8   5   12   0.0186037124
3   8   6   13   0.0186037124
3   8   7   8   -0.1156686088
3   8   7   10   -0.0099238869
3   8   7   14   0.0165072994
3   9   1   9   -0.2081987571
3   9   1   11   -0.0250238238
3   9   2   8   -0.2232058970
3   9   2   10   0.0411664254
3   9   2   14   0.0018490603
3   9   3   9   0.9018972817
3   9   3   11   0.0258597777
3   9   4   8   -0.1445388233
3   9   4   10   0.0094455393
3   9   4   14   -0.0020486982
3   9   7   9   -0.1154556604
3   9   7   11   -0.0086212287
3   10   1   8   0.0402578584
3   10   1   10   0.0087296959
3   10   1   14   -0.0102033524
3   10   2   9   0.0395106970
3   10   2   11   0.0099619647
3   10   3   8   0.0087296959
3   10   3   10   0.8773518173
3   10   3   14   -0.1488369430
3   10   4   9   0.0099619647
3   10   4   11   0.0375347412
3   10   5   12   0.1025892191
3   10   6   13   0.1025892191
3   10   7   8   -0.0102033524
3   10   7   10   -0.1488369430
3   10   7   14   0.0589274638
3   11   1   9   -0.0246072806
3   11   1   11   -0.0142460941
3   11   2   8   -0.0251845920
3   11   2   10   0.0094455393
3   11   2   14   0.0180850166
3   11   3   9   0.0258597777
3   11   3   11   0.5332158326
3   11   4   8   -0.0032945548
3   11   4   10   0.0410057134
3   11   4   14   0.0775845931
3   11   7   9   -0.0087219893
3   11   7   11   -0.0130916287
3   12   1   12   0.0007223929
3   12   3   12   0.6697233723
3   12   5   8   0.0191500897
3   12   5   10   0.1050778680
3   12   5   14   0.0141974062
3   12   7   12   -0.0647917171
3   13   1   13   0.0007223929
3   13   3   13   0.6697233723
3   13   6   8   0.0191500897
3   13   6   10   0.1050778680
3   13   6   14   0.0141974062
3   13   7   13   -0.0647917171
3   14   1   8   0.0011631762
3   14   1   10   -0.0099238869
3   14   1   14   -0.0086195748
3   14   2   9   0.0023786647
3   14   2   11   0.0179961963
3   14   3   8   -0.0357049695
3   14   3   10   -0.1488369430
3   14   3   14   0.5840167254
3   14   4   9   -0.0022741414
3   14   4   11   0.0786926608
3   14   5   12   0.0136752041
3   14   6   13   0.0136752041
3   14   7   8   0.0167938991
3   14   7   10   0.0619341973
3   14   7   14   -0.0380356626
4   8   1   9   0.1702733845
4   8   1   11   0.0276140745
4   8   2   8   0.1806241948
4   8   2   10   -0.0250238238
4   8   2   14   -0.0156066368
4   8   3   9   -0.1445388233
4   8   3   11   -0.0032945548
4   8   4   8   0.6723162759
4   8   4   10   -0.0142460941
4   8   4   14   0.0058367368
4   8   7   9   -0.2471477826
4   8   7   11   0.0042568031
4   9   1   8   0.1703375899
4   9   1   10   -0.0255631213
4   9   1   14   -0.0147937231
4   9   2   9   0.1809578840
4   9   2   11   0.0280293008
4   9   3   8   -0.1444843382
4   9   3   10   0.0099619647
4   9   3   14   -0.0022741414
4   9   4   9   0.6724330574
4   9   4   11   0.0030295895
4   9   5   12   -0.0097021655
4   9   6   13   -0.0097021655
4   9   7   8   -0.2471489179
4   9   7   10   0.0179961963
4   9   7   14   -0.0167075435
4   10   1   9   -0.0251845920
4   10   1   11   -0.0032945548
4   10   2   8   -0.0246072806
4   10   2   10   0.0258597777
4   10   2   14   -0.0087219893
4   10   3   9   0.0094455393
4   10   3   11   0.0410057134
4   10   4   8   -0.0142460941
4   10   4   10   0.5332158326
4   10   4   14   -0.0130916287
4   10   7   9   0.0180850166
4   10   7   11   0.0775845931
4   11   1   8   0.0263545619
4   11   1   10   -0.0036284733
4   11   1   14   0.0044395355
4   11   2   9   0.0267780992
4   11   2   11   0.0030295895
4   11   3   8   -0.0036284733
4   11   3   10   0.0375347412
4   11   3   14   0.0786926608
4   11   4   9   0.0030295895
4   11   4   11   0.5352336624
4   11   5   12   0.0342266930
4   11   6   13   0.0342266930
4   11   7   8   0.0044395355
4   11   7   10   0.0786926608
4   11   7   14   0.2040702806
4   12   2   12   0.0101553727
4   12   4   12   0.5024441377
4   12   5   9   -0.0103920910
4   12   5   11   0.0377527523
4   13   2   13   0.0101553727
4   13   4   13   0.5024441377
4   13   6   9   -0.0103920910
4   13   6   11   0.0377527523
4   14   1   9   -0.0138566539
4   14   1   11   0.0042568031
4   14   2   8   -0.0146681454
4   14   2   10   -0.0086212287
4   14   2   14   0.0047221092
4   14   3   9   -0.0020486982
4   14   3   11   0.0775845931
4   14   4   8   0.0058367368
4   14   4   10   -0.0130916287
4   14   4   14   0.5382173793
4   14   7   9   -0.0166786011
4   14   7   11   0.2031022163
5   8   1   12   0.0136945952
5   8   3   12   0.0191500897
5   8   5   8   0.7235002113
5   8   5   10   0.0007223929
5   8   5   14   -0.0120838139
5   8   7   12   0.0044752910
5   9   2   12   0.0127625194
5   9   4   12   -0.0103920910
5   9   5   9   0.7234516004
5   9   5   11   0.0101553727
5   10   1   12   0.0191500897
5   10   3   12   0.1050778680
5   10   5   8   0.0007223929
5   10   5   10   0.6697233723
5   10   5   14   -0.0647917171
5   10   7   12   0.0141974062
5   11   2   12   -0.0103920910
5   11   4   12   0.0377527523
5   11   5   9   0.0101553727
5   11   5   11   0.5024441377
5   12   1   8   0.0119870094
5   12   1   10   0.0186037124
5   12   1   14   0.0040019109
5   12   2   9   0.0110264773
5   12   2   11   -0.0097021655
5   12   3   8   0.0186037124
5   12   3   10   0.1025892191
5   12   3   14   0.0136752041
5   12   4   9   -0.0097021655
5   12   4   11   0.0342266930
5   12   5   12   0.5999074979
5   12   6   13   0.0201211961
5   12   7   8   0.0040019109
5   12   7   10   0.0136752041
5   12   7   14   0.0210846877
5   13   5   13   0.5559097730
5   13   6   12   0.0238765287
5   14   1   12   0.0044752910
5   14   3   12   0.0141974062
5   14   5   8   -0.0120838139
5   14   5   10   -0.0647917171
5   14   5   14   0.5174860041
5   14   7   12   0.0247406950
6   8   1   13   0.0136945952
6   8   3   13   0.0191500897
6   8   6   8   0.7235002113
6   8   6   10   0.0007223929
6   8   6   14   -0.0120838139
6   8   7   13   0.0044752910
6   9   2   13   0.0127625194
6   9   4   13   -0.0103920910
6   9   6   9   0.7234516004
6   9   6   11   0.0101553727
6   10   1   13   0.0191500897
6   10   3   13   0.1050778680
6   10   6   8   0.0007223929
6   10   6   10   0.6697233723
6   10   6   14   -0.0647917171
6   10   7   13   0.0141974062
6   11   2   13   -0.0103920910
6   11   4   13   0.0377527523
6   11   6   9   0.0101553727
6   11   6   11   0.5024441377
6   12   5   13   0.0238765287
6   12   6   12   0.5559097730
6   13   1   8   0.0119870094
6   13   1   10   0.0186037124
6   13   1   14   0.0040019109
6   13   2   9   0.0110264773
6   13   2   11   -0.0097021655
6   13   3   8   0.0186037124
6   13   3   10   0.1025892191
6   13   3   14   0.0136752041
6   13   4   9   -0.0097021655
6   13   4   11   0.0342266930
6   13   5   12   0.0201211961
6   13   6   13   0.5999074979
6   13   7   8   0.0040019109
6   13   7   10   0.0136752041
6   13   7   14   0.0210846877
6   14   1   13   0.0044752910
6   14   3   13   0.0141974062
6   14   6   8   -0.0120838139
6   14   6   10   -0.0647917171
6   14   6   14   0.5174860041
6   14   7   13   0.0247406950
7   8   1   8   -0.0702053764
7   8   1   10   0.0006571370
7   8   1   14   0.0179209080
7   8   2   9   -0.0492128167
7   8   2   11   -0.0147937231
7   8   3   8   -0.1156686088
7   8   3   10   -0.0102033524
7   8   3   14   0.0167938991
7   8   4   9   -0.2471489179
7   8   4   11   0.0044395355
7   8   5   12   0.0040019109
7   8   6   13   0.0040019109
7   8   7   8   0.7063664555
7   8   7   10   -0.0086195748
7   8   7   14   0.0004435368
7   9   1   9   -0.0702347744
7   9   1   11   -0.0156066368
7   9   2   8   -0.0491857519
7   9   2   10   0.0018490603
7   9   2   14   0.0162311236
7   9   3   9   -0.1154556604
7   9   3   11   -0.0087219893
7   9   4   8   -0.2471477826
7   9   4   10   0.0180850166
7   9   4   14   -0.0166786011
7   9   7   9   0.7063802933
7   9   7   11   0.0047221092
7   10   1   8   0.0011631762
7   10   1   10   -0.0357049695
7   10   1   14   0.0167938991
7   10   2   9   0.0023786647
7   10   2   11   -0.0022741414
7   10   3   8   -0.0099238869
7   10   3   10   -0.1488369430
7   10   3   14   0.0619341973
7   10   4   9   0.0179961963
7   10   4   11   0.0786926608
7   10   5   12   0.0136752041
7   10   6   13   0.0136752041
7   10   7   8   -0.0086195748
7   10   7   10   0.5840167254
7   10   7   14   -0.0380356626
7   11   1   9   -0.0146681454
7   11   1   11   0.0058367368
7   11   2   8   -0.0138566539
7   11   2   10   -0.0020486982
7   11   2   14   -0.0166786011
7   11   3   9   -0.0086212287
7   11   3   11   -0.0130916287
7   11   4   8   0.0042568031
7   11   4   10   0.0775845931
7   11   4   14   0.2031022163
7   11   7   9   0.0047221092
7   11   7   11   0.5382173793
7   12   1   12   -0.0120838139
7   12   3   12   -0.0647917171
7   12   5   8   0.0044752910
7   12   5   10   0.0141974062
7   12   5   14   0.0247406950
7   12   7   12   0.5174860041
7   13   1   13   -0.0120838139
7   13   3   13   -0.0647917171
7   13   6   8   0.0044752910
7   13   6   10   0.0141974062
7   13   6   14   0.0247406950
7   13   7   13   0.5174860041
7   14   1   8   0.0165006720
7   14   1   10   0.0165072994
7   14   1   14   0.0004435368
7   14   2   9   0.0147748027
7   14   2   11   -0.0167075435
7   14   3   8   0.0165072994
7   14   3   10   0.0589274638
7   14   3   14   -0.0380356626
7   14   4   9   -0.0167075435
7   14   4   11   0.2040702806
7   14   5   12   0.0210846877
7   14   6   13   0.0210846877
7   14   7   8   0.0004435368
7   14   7   10   -0.0380356626
7   14   7   14   0.5590078711

End IJKL Block
Begin IJAB Block
1   8   1   7   0.0106328000
1   8   2   8   0.0106328000
1   8   3   9   0.0095612263
1   8   4   10   0.0077769560
1   8   5   11   0.0162338285
1   8   6   12   0.0162338285
1   9   1   11   -0.0021942331
1   9   1   12   0.0127148595
1   9   2   11   -0.0127148595
1   9   2   12   -0.0021942331
1   9   3   10   0.0009767139
1   9   4   9   0.0008630441
1   9   5   7   -0.0022962202
1   9   5   8   -0.0133058410
1   9   6   7   0.0133058410
1   9   6   8   -0.0022962202
1   10   1   7   0.0087674836
1   10   2   8   0.0087674836
1   10   3   9   -0.0017901359
1   10   4   10   0.0066609024
1   10   5   11   0.0108106216
1   10   6   12   0.0108106216
1   11   1   11   0.0009053398
1   11   1   12   -0.0052461462
1   11   2   11   0.0052461462
1   11   2   12   0.0009053398
1   11   3   10   -0.0002797822
1   11   4   9   0.0008747184
1   11   5   7   0.0021806658
1   11   5   8   0.0126362410
1   11   6   7   -0.0126362410
1   11   6   8   0.0021806658
1   12   1   9   -0.0057817199
1   12   2   9   -0.0016684180
1   12   3   7   0.0000960540
1   12   3   8   0.0000277181
1   12   4   11   0.0014683836
1   12   4   12   -0.0030256744
1   12   5   10   -0.0007886804
1   12   6   10   0.0016251136
1   13   1   9   -0.0016684180
1   13   2   9   0.0057817199
1   13   3   7   0.0000277181
1   13   3   8   -0.0000960540
1   13   4   11   -0.0030256744
1   13   4   12   -0.0014683836
1   13   5   10   0.0016251136
1   13   6   10   0.0007886804
1   14   1   7   0.0062268902
1   14   2   8   0.0062268902
1   14   3   9   -0.0002950185
1   14   4   10   -0.0036018339
1   14   5   11   -0.0007483686
1   14   6   12   -0.0007483686
2   8   1   11   -0.0022962202
2   8   1   12   0.0133058410
2   8   2   11   -0.0133058410
2   8   2   12   -0.0022962202
2   8   3   10   0.0008630441
2   8   4   9   0.0009767139
2   8   5   7   -0.0021942331
2   8   5   8   -0.0127148595
2   8   6   7   0.0127148595
2   8   6   8   -0.0021942331
2   9   1   7   0.0110737704
2   9   2   8   0.0110737704
2   9   3   9   0.0096127005
2   9   4   10   0.0070845110
2   9   5   11   0.0154290352
2   9   6   12   0.0154290352
2   10   1   11   -0.0015466749
2   10   1   12   0.0089624725
2   10   2   11   -0.0089624725
2   10   2   12   -0.0015466749
2   10   3   10   -0.0024638522
2   10   4   9   -0.0003816154
2   10   5   7   -0.0015992563
2   10   5   8   -0.0092671644
2   10   6   7   0.0092671644
2   10   6   8   -0.0015992563
2   11   1   7   -0.0124027599
2   11   2   8   -0.0124027599
2   11   3   9   0.0021063988
2   11   4   10   -0.0011093938
2   11   5   11   -0.0054778987
2   11   6   12   -0.0054778987
2   12   1   10   0.0019671043
2   12   2   10   0.0005676429
2   12   3   11   -0.0013252216
2   12   3   12   0.0027306822
2   12   4   7   0.0040088801
2   12   4   8   0.0011568336
2   12   5   9   0.0026002235
2   12   6   9   -0.0053578845
2   13   1   10   0.0005676429
2   13   2   10   -0.0019671043
2   13   3   11   0.0027306822
2   13   3   12   0.0013252216
2   13   4   7   0.0011568336
2   13   4   8   -0.0040088801
2   13   5   9   -0.0053578845
2   13   6   9   -0.0026002235
2   14   1   11   0.0000557099
2   14   1   12   -0.0003228206
2   14   2   11   0.0003228206
2   14   2   12   0.0000557099
2   14   3   10   0.0022695929
2   14   4   9   -0.0025952897
2   14   5   7   -0.0009837941
2   14   5   8   -0.0057007634
2   14   6   7   0.0057007634
2   14   6   8   -0.0009837941
3   8   1   7   0.0087674836
3   8   2   8   0.0087674836
3   8   3   9   -0.0017901359
3   8   4   10   0.0066609024
3   8   5   11   0.0108106216
3   8   6   12   0.0108106216
3   9   1   11   -0.0015992563
3   9   1   12   0.0092671644
3   9   2   11   -0.0092671644
3   9   2   12   -0.0015992563
3   9   3   10   -0.0003816154
3   9   4   9   -0.0024638522
3   9   5   7   -0.0015466749
3   9   5   8   -0.0089624725
3   9   6   7   0.0089624725
3   9   6   8   -0.0015466749
3   10   1   7   0.0303353398
3   10   2   8   0.0303353398
3   10   3   9   0.0177468374
3   10   4   10   0.0369533162
3   10   5   11   0.0303567620
3   10   6   12   0.0303567620
3   11   1   11   0.0014356094
3   11   1   12   -0.0083188842
3   11   2   11   0.0083188842
3   11   2   12   0.0014356094
3   11   3   10   0.0048950862
3   11   4   9   -0.0054266057
3   11   5   7   0.0028074165
3   11   5   8   0.0162680554
3   11   6   7   -0.0162680554
3   11   6   8   0.0028074165
3   12   1   9   -0.0181982901
3   12   2   9   -0.0052514399
3   12   3   7   -0.0341704034
3   12   3   8   -0.0098604770
3   12   4   11   0.0132380610
3   12   4   12   -0.0272776558
3   12   5   10   0.0008350355
3   12   6   10   -0.0017206305
3   13   1   9   -0.0052514399
3   13   2   9   0.0181982901
3   13   3   7   -0.0098604770
3   13   3   8   0.0341704034
3   13   4   11   -0.0272776558
3   13   4   12   -0.0132380610
3   13   5   10   -0.0017206305
3   13   6   10   -0.0008350355
3   14   1   7   0.0208130626
3   14   2   8   0.0208130626
3   14   3   9   0.0068144243
3   14   4   10   -0.0193745141
3   14   5   11   -0.0026448508
3   14   6   12   -0.0026448508
4   8   1   11   0.0021806658
4   8   1   12   -0.0126362410
4   8   2   11   0.0126362410
4   8   2   12   0.0021806658
4   8   3   10   0.0008747184
4   8   4   9   -0.0002797822
4   8   5   7   0.0009053398
4   8   5   8   0.0052461462
4   8   6   7   -0.0052461462
4   8   6   8   0.0009053398
4   9   1   7   -0.0124027599
4   9   2   8   -0.0124027599
4   9   3   9   0.0021063988
4   9   4   10   -0.0011093938
4   9   5   11   -0.0054778987
4   9   6   12   -0.0054778987
4   10   1   11   0.0028074165
4   10   1   12   -0.0162680554
4   10   2   11   0.0162680554
4   10   2   12   0.0028074165
4   10   3   10   -0.0054266057
4   10   4   9   0.0048950862
4   10   5   7   0.0014356094
4   10   5   8   0.0083188842
4   10   6   7   -0.0083188842
4   10   6   8   0.0014356094
4   11   1   7   0.0710981153
4   11   2   8   0.0710981153
4   11   3   9   0.0374746910
4   11   4   10   0.0166584544
4   11   5   11   0.0114350077
4   11   6   12   0.0114350077
4   12   1   10   -0.0170688561
4   12   2   10   -0.0049255217
4   12   3   11   -0.0144432385
4   12   3   12   0.0297609813
4   12   4   7   0.0004104672
4   12   4   8   0.0001184476
4   12   5   9   -0.0031173847
4   12   6   9   0.0064235198
4   13   1   10   -0.0049255217
4   13   2   10   0.0170688561
4   13   3   11   0.0297609813
4   13   3   12   0.0144432385
4   13   4   7   0.0001184476
4   13   4   8   -0.0004104672
4   13   5   9   0.0064235198
4   13   6   9   0.0031173847
4   14   1   11   -0.0015110047
4   14   1   12   0.0087557755
4   14   2   11   -0.0087557755
4   14   2   12   -0.0015110047
4   14   3   10   0.0329323573
4   14   4   9   0.0179332288
4   14   5   7   0.0003284896
4   14   5   8   0.0019034893
4   14   6   7   -0.0019034893
4   14   6   8   0.0003284896
5   8   1   9   0.0000960540
5   8   2   9   0.0000277181
5   8   3   7   -0.0057817199
5   8   3   8   -0.0016684180
5   8   4   11   -0.0007886804
5   8   4   12   0.0016251136
5   8   5   10   0.0014683836
5   8   6   10   -0.0030256744
5   9   1   10   0.0040088801
5   9   2   10   0.0011568336
5   9   3   11   0.0026002235
5   9   3   12   -0.0053578845
5   9   4   7   0.0019671043
5   9   4   8   0.0005676429
5   9   5   9   -0.0013252216
5   9   6   9   0.0027306822
5   10   1   9   -0.0341704034
5   10   2   9   -0.0098604770
5   10   3   7   -0.0181982901
5   10   3   8   -0.0052514399
5   10   4   11   0.0008350355
5   10   4   12   -0.0017206305
5   10   5   10   0.0132380610
5   10   6   10   -0.0272776558
5   11   1   10   0.0004104672
5   11   2   10   0.0001184476
5   11   3   11   -0.0031173847
5   11   3   12   0.0064235198
5   11   4   7   -0.0170688561
5   11   4   8   -0.0049255217
5   11   5   9   -0.0144432385
5   11   6   9   0.0297609813
5   12   1   7   0.1079961173
5   12   1   8   0.0265050686
5   12   2   7   0.0265050686
5   12   2   8   0.0237942124
5   12   3   9   0.0122629295
5   12   4   10   0.0185870133
5   12   5   11   0.0187220676
5   12   5   12   -0.0250076105
5   12   6   11   -0.0250076105
5   12   6   12   0.0581150509
5   13   1   7   0.0265050686
5   13   1   8   -0.0765551001
5   13   2   7   -0.0076468048
5   13   2   8   -0.0265050686
5   13   5   11   -0.0250076105
5   13   5   12   -0.0039709466
5   13   6   11   0.0433639299
5   13   6   12   0.0250076105
5   14   1   9   -0.0043749973
5   14   2   9   -0.0012624832
5   14   3   7   -0.0108287659
5   14   3   8   -0.0031248328
5   14   4   11   0.0014088557
5   14   4   12   -0.0029030143
5   14   5   10   -0.0150408453
5   14   6   10   0.0309923787
6   8   1   9   0.0000277181
6   8   2   9   -0.0000960540
6   8   3   7   -0.0016684180
6   8   3   8   0.0057817199
6   8   4   11   0.0016251136
6   8   4   12   0.0007886804
6   8   5   10   -0.0030256744
6   8   6   10   -0.0014683836
6   9   1   10   0.0011568336
6   9   2   10   -0.0040088801
6   9   3   11   -0.0053578845
6   9   3   12   -0.0026002235
6   9   4   7   0.0005676429
6   9   4   8   -0.0019671043
6   9   5   9   0.0027306822
6   9   6   9   0.0013252216
6   10   1   9   -0.0098604770
6   10   2   9   0.0341704034
6   10   3   7   -0.0052514399
6   10   3   8   0.0181982901
6   10   4   11   -0.0017206305
6   10   4   12   -0.0008350355
6   10   5   10   -0.0272776558
6   10   6   10   -0.0132380610
6   11   1   10   0.0001184476
6   11   2   10   -0.0004104672
6   11   3   11   0.0064235198
6   11   3   12   0.0031173847
6   11   4   7   -0.0049255217
6   11   4   8   0.0170688561
6   11   5   9   0.0297609813
6   11   6   9   0.0144432385
6   12   1   7   0.0265050686
6   12   1   8   -0.0076468048
6   12   2   7   -0.0765551001
6   12   2   8   -0.0265050686
6   12   5   11   -0.0250076105
6   12   5   12   0.0433639299
6   12   6   11   -0.0039709466
6   12   6   12   0.0250076105
6   13   1   7   0.0237942124
6   13   1   8   -0.0265050686
6   13   2   7   -0.0265050686
6   13   2   8   0.1079961173
6   13   3   9   0.0122629295
6   13   4   10   0.0185870133
6   13   5   11   0.0581150509
6   13   5   12   0.0250076105
6   13   6   11   0.0250076105
6   13   6   12   0.0187220676
6   14   1   9   -0.0012624832
6   14   2   9   0.0043749973
6   14   3   7   -0.0031248328
6   14   3   8   0.0108287659
6   14   4   11   -0.0029030143
6   14   4   12   -0.0014088557
6   14   5   10   0.0309923787
6   14   6   10   0.0150408453
7   8   1   7   0.0062268902
7   8   2   8   0.0062268902
7   8   3   9   -0.0002950185
7   8   4   10   -0.0036018339
7   8   5   11   -0.0007483686
7   8   6   12   -0.0007483686
7   9   1   11   -0.0009837941
7   9   1   12   0.0057007634
7   9   2   11   -0.0057007634
7   9   2   12   -0.0009837941
7   9   3   10   -0.0025952897
7   9   4   9   0.0022695929
7   9   5   7   0.0000557099
7   9   5   8   0.0003228206
7   9   6   7   -0.0003228206
7   9   6   8   0.0000557099
7   10   1   7   0.0208130626
7   10   2   8   0.0208130626
7   10   3   9   0.0068144243
7   10   4   10   -0.0193745141
7   10   5   11   -0.0026448508
7   10   6   12   -0.0026448508
7   11   1   11   0.0003284896
7   11   1   12   -0.0019034893
7   11   2   11   0.0019034893
7   11   2   12   0.0003284896
7   11   3   10   0.0179332288
7   11   4   9   0.0329323573
7   11   5   7   -0.0015110047
7   11   5   8   -0.0087557755
7   11   6   7   0.0087557755
7   11   6   8   -0.0015110047
7   12   1   9   -0.0108287659
7   12   2   9   -0.0031248328
7   12   3   7   -0.0043749973
7   12   3   8   -0.0012624832
7   12   4   11   -0.0150408453
7   12   4   12   0.0309923787
7   12   5   10   0.0014088557
7   12   6   10   -0.0029030143
7   13   1   9   -0.0031248328
7   13   2   9   0.0108287659
7   13   3   7   -0.0012624832
7   13   3   8   0.0043749973
7   13   4   11   0.0309923787
7   13   4   12   0.0150408453
7   13   5   10   -0.0029030143
7   13   6   10   -0.0014088557
7   14   1   7   0.0422274522
7   14   2   8   0.0422274522
7   14   3   9   0.0234181511
7   14   4   10   0.0410881928
7   14   5   11   0.0138950924
7   14   6   12   0.0138950924

End IJAB Block
Begin ABCD Block
1   7   1   7   0.4676583114
1   7   2   8   0.0179594473
1   7   3   9   0.0148248984
1   7   4   10   0.0074547072
1   7   5   11   0.0073019836
1   7   5   12   -0.0055016466
1   7   6   11   -0.0055016466
1   7   6   12   0.0382327843
1   8   1   8   0.4317589872
1   8   2   7   0.0179398769
1   8   5   11   0.0055016466
1   8   5   12   -0.0053215885
1   8   6   11   -0.0256092122
1   8   6   12   -0.0055016466
1   9   1   9   0.3310083101
1   9   3   7   0.0148233574
1   9   4   11   -0.0005872687
1   9   4   12   0.0034030290
1   9   5   10   -0.0029117646
1   9   6   10   0.0168727183
1   10   1   10   0.3758378150
1   10   3   11   -0.0014471602
1   10   3   12   0.0083858172
1   10   4   7   0.0075051826
1   10   5   9   -0.0029172276
1   10   6   9   0.0169043748
1   11   1   11   0.3971787388
1   11   1   12   -0.0045453317
1   11   2   11   0.0045453317
1   11   2   12   -0.0127717770
1   11   3   10   -0.0014390621
1   11   4   9   -0.0005845602
1   11   5   7   0.0073087256
1   11   5   8   0.0055552658
1   11   6   7   -0.0055552658
1   11   6   8   -0.0258511332
1   12   1   11   -0.0045453317
1   12   1   12   0.4227330426
1   12   2   11   -0.0127825267
1   12   2   12   -0.0045453317
1   12   3   10   0.0083388919
1   12   4   9   0.0033873342
1   12   5   7   -0.0055552658
1   12   5   8   -0.0053811200
1   12   6   7   0.0385409787
1   12   6   8   -0.0055552658
2   7   1   8   0.0179398769
2   7   2   7   0.4317589872
2   7   5   11   0.0055016466
2   7   5   12   -0.0256092122
2   7   6   11   -0.0053215885
2   7   6   12   -0.0055016466
2   8   1   7   0.0179594473
2   8   2   8   0.4676583114
2   8   3   9   0.0148248984
2   8   4   10   0.0074547072
2   8   5   11   0.0382327843
2   8   5   12   0.0055016466
2   8   6   11   0.0055016466
2   8   6   12   0.0073019836
2   9   2   9   0.3310083101
2   9   3   8   0.0148233574
2   9   4   11   -0.0034030290
2   9   4   12   -0.0005872687
2   9   5   10   -0.0168727183
2   9   6   10   -0.0029117646
2   10   2   10   0.3758378150
2   10   3   11   -0.0083858172
2   10   3   12   -0.0014471602
2   10   4   8   0.0075051826
2   10   5   9   -0.0169043748
2   10   6   9   -0.0029172276
2   11   1   11   0.0045453317
2   11   1   12   -0.0127825267
2   11   2   11   0.4227330426
2   11   2   12   0.0045453317
2   11   3   10   -0.0083388919
2   11   4   9   -0.0033873342
2   11   5   7   0.0055552658
2   11   5   8   0.0385409787
2   11   6   7   -0.0053811200
2   11   6   8   0.0055552658
2   12   1   11   -0.0127717770
2   12   1   12   -0.0045453317
2   12   2   11   0.0045453317
2   12   2   12   0.3971787388
2   12   3   10   -0.0014390621
2   12   4   9   -0.0005845602
2   12   5   7   -0.0258511332
2   12   5   8   0.0055552658
2   12   6   7   -0.0055552658
2   12   6   8   0.0073087256
3   7   1   9   0.0148233574
3   7   3   7   0.3310083101
3   7   4   11   -0.0029117646
3   7   4   12   0.0168727183
3   7   5   10   -0.0005872687
3   7   6   10   0.0034030290
3   8   2   9   0.0148233574
3   8   3   8   0.3310083101
3   8   4   11   -0.0168727183
3   8   4   12   -0.0029117646
3   8   5   10   -0.0034030290
3   8   6   10   -0.0005872687
3   9   1   7   0.0148248984
3   9   2   8   0.0148248984
3   9   3   9   0.3490247799
3   9   4   10   0.0963875029
3   9   5   11   0.0076549129
3   9   6   12   0.0076549129
3   10   1   11   -0.0014390621
3   10   1   12   0.0083388919
3   10   2   11   -0.0083388919
3   10   2   12   -0.0014390621
3   10   3   10   0.3310275393
3   10   4   9   0.0963996741
3   10   5   7   -0.0005845602
3   10   5   8   -0.0033873342
3   10   6   7   0.0033873342
3   10   6   8   -0.0005845602
3   11   1   10   -0.0014471602
3   11   2   10   -0.0083858172
3   11   3   11   0.3021550010
3   11   4   7   -0.0029172276
3   11   4   8   -0.0169043748
3   11   5   9   0.0076899420
3   12   1   10   0.0083858172
3   12   2   10   -0.0014471602
3   12   3   12   0.3021550010
3   12   4   7   0.0169043748
3   12   4   8   -0.0029172276
3   12   6   9   0.0076899420
4   7   1   10   0.0075051826
4   7   3   11   -0.0029172276
4   7   3   12   0.0169043748
4   7   4   7   0.3758378150
4   7   5   9   -0.0014471602
4   7   6   9   0.0083858172
4   8   2   10   0.0075051826
4   8   3   11   -0.0169043748
4   8   3   12   -0.0029172276
4   8   4   8   0.3758378150
4   8   5   9   -0.0083858172
4   8   6   9   -0.0014471602
4   9   1   11   -0.0005845602
4   9   1   12   0.0033873342
4   9   2   11   -0.0033873342
4   9   2   12   -0.0005845602
4   9   3   10   0.0963996741
4   9   4   9   0.3310275393
4   9   5   7   -0.0014390621
4   9   5   8   -0.0083388919
4   9   6   7   0.0083388919
4   9   6   8   -0.0014390621
4   10   1   7   0.0074547072
4   10   2   8   0.0074547072
4   10   3   9   0.0963875029
4   10   4   10   0.3636750831
4   10   5   11   0.0184496209
4   10   6   12   0.0184496209
4   11   1   9   -0.0005872687
4   11   2   9   -0.0034030290
4   11   3   7   -0.0029117646
4   11   3   8   -0.0168727183
4   11   4   11   0.3610150584
4   11   5   10   0.0184990571
4   12   1   9   0.0034030290
4   12   2   9   -0.0005872687
4   12   3   7   0.0168727183
4   12   3   8   -0.0029117646
4   12   4   12   0.3610150584
4   12   6   10   0.0184990571
5   7   1   11   0.0073087256
5   7   1   12   -0.0055552658
5   7   2   11   0.0055552658
5   7   2   12   -0.0258511332
5   7   3   10   -0.0005845602
5   7   4   9   -0.0014390621
5   7   5   7   0.3971787388
5   7   5   8   0.0045453317
5   7   6   7   -0.0045453317
5   7   6   8   -0.0127717770
5   8   1   11   0.0055552658
5   8   1   12   -0.0053811200
5   8   2   11   0.0385409787
5   8   2   12   0.0055552658
5   8   3   10   -0.0033873342
5   8   4   9   -0.0083388919
5   8   5   7   0.0045453317
5   8   5   8   0.4227330426
5   8   6   7   -0.0127825267
5   8   6   8   0.0045453317
5   9   1   10   -0.0029172276
5   9   2   10   -0.0169043748
5   9   3   11   0.0076899420
5   9   4   7   -0.0014471602
5   9   4   8   -0.0083858172
5   9   5   9   0.3021550010
5   10   1   9   -0.0029117646
5   10   2   9   -0.0168727183
5   10   3   7   -0.0005872687
5   10   3   8   -0.0034030290
5   10   4   11   0.0184990571
5   10   5   10   0.3610150584
5   11   1   7   0.0073019836
5   11   1   8   0.0055016466
5   11   2   7   0.0055016466
5   11   2   8   0.0382327843
5   11   3   9   0.0076549129
5   11   4   10   0.0184496209
5   11   5   11   0.4183996713
5   11   6   12   0.0170748179
5   12   1   7   -0.0055016466
5   12   1   8   -0.0053215885
5   12   2   7   -0.0256092122
5   12   2   8   0.0055016466
5   12   5   12   0.3842347872
5   12   6   11   0.0170900662
6   7   1   11   -0.0055552658
6   7   1   12   0.0385409787
6   7   2   11   -0.0053811200
6   7   2   12   -0.0055552658
6   7   3   10   0.0033873342
6   7   4   9   0.0083388919
6   7   5   7   -0.0045453317
6   7   5   8   -0.0127825267
6   7   6   7   0.4227330426
6   7   6   8   -0.0045453317
6   8   1   11   -0.0258511332
6   8   1   12   -0.0055552658
6   8   2   11   0.0055552658
6   8   2   12   0.0073087256
6   8   3   10   -0.0005845602
6   8   4   9   -0.0014390621
6   8   5   7   -0.0127717770
6   8   5   8   0.0045453317
6   8   6   7   -0.0045453317
6   8   6   8   0.3971787388
6   9   1   10   0.0169043748
6   9   2   10   -0.0029172276
6   9   3   12   0.0076899420
6   9   4   7   0.0083858172
6   9   4   8   -0.0014471602
6   9   6   9   0.3021550010
6   10   1   9   0.0168727183
6   10   2   9   -0.0029117646
6   10   3   7   0.0034030290
6   10   3   8   -0.0005872687
6   10   4   12   0.0184990571
6   10   6   10   0.3610150584
6   11   1   7   -0.0055016466
6   11   1   8   -0.0256092122
6   11   2   7   -0.0053215885
6   11   2   8   0.0055016466
6   11   5   12   0.0170900662
6   11   6   11   0.3842347872
6   12   1   7   0.0382327843
6   12   1   8   -0.0055016466
6   12   2   7   -0.0055016466
6   12   2   8   0.0073019836
6   12   3   9   0.0076549129
6   12   4   10   0.0184496209
6   12   5   11   0.0170748179
6   12   6   12   0.4183996713

End ABCD Block
Begin AIJB Block
1   8   1   7   0.0103812643
1   8   2   11   -0.0022089559
1   8   2   12   0.0128001730
1   8   3   7   0.0081604044
1   8   4   11   0.0021513313
1   8   4   12   -0.0124662573
1   8   5   9   0.0007372632
1   8   6   9   0.0002127504
1   8   7   7   0.0060518833
1   9   1   11   -0.0021091522
1   9   1   12   0.0122218433
1   9   2   7   0.0108211559
1   9   3   11   -0.0015474118
1   9   3   12   0.0089667423
1   9   4   7   -0.0119444168
1   9   5   10   0.0039753769
1   9   6   10   0.0011471656
1   9   7   11   -0.0009784318
1   9   7   12   0.0056696908
1   10   1   7   0.0081604044
1   10   2   11   -0.0014636223
1   10   2   12   0.0084812102
1   10   3   7   0.0264327657
1   10   4   11   0.0024890905
1   10   4   12   -0.0144234609
1   10   5   9   -0.0310160277
1   10   6   9   -0.0089502258
1   10   7   7   0.0193501466
1   11   1   11   0.0008142024
1   11   1   12   -0.0047180355
1   11   2   7   -0.0119444168
1   11   3   11   0.0009498571
1   11   3   12   -0.0055041096
1   11   4   7   0.0661341784
1   11   5   10   -0.0000709245
1   11   6   10   -0.0000204665
1   11   7   11   -0.0000978012
1   11   7   12   0.0005667261
1   12   1   9   -0.0052203858
1   12   2   10   0.0020314790
1   12   3   9   -0.0145680480
1   12   4   10   -0.0172809745
1   12   5   7   0.1058087132
1   12   5   8   0.0265009971
1   12   6   7   0.0265009971
1   12   6   8   -0.0063890336
1   12   7   9   -0.0097059556
1   13   1   9   -0.0015064351
1   13   2   10   0.0005862194
1   13   3   9   -0.0042038691
1   13   4   10   -0.0049867322
1   13   5   7   0.0265009971
1   13   5   8   -0.0777999370
1   13   6   7   0.0216197427
1   13   6   8   -0.0265009971
1   13   7   9   -0.0028008259
1   14   1   7   0.0060518833
1   14   2   11   0.0000707872
1   14   2   12   -0.0004101885
1   14   3   7   0.0193501466
1   14   4   11   -0.0019183111
1   14   4   12   0.0111159823
1   14   5   9   -0.0044468657
1   14   6   9   -0.0012832221
1   14   7   7   0.0373860383
2   8   1   8   0.0103812643
2   8   2   11   -0.0128001730
2   8   2   12   -0.0022089559
2   8   3   8   0.0081604044
2   8   4   11   0.0124662573
2   8   4   12   0.0021513313
2   8   5   9   0.0002127504
2   8   6   9   -0.0007372632
2   8   7   8   0.0060518833
2   9   1   11   -0.0122218433
2   9   1   12   -0.0021091522
2   9   2   8   0.0108211559
2   9   3   11   -0.0089667423
2   9   3   12   -0.0015474118
2   9   4   8   -0.0119444168
2   9   5   10   0.0011471656
2   9   6   10   -0.0039753769
2   9   7   11   -0.0056696908
2   9   7   12   -0.0009784318
2   10   1   8   0.0081604044
2   10   2   11   -0.0084812102
2   10   2   12   -0.0014636223
2   10   3   8   0.0264327657
2   10   4   11   0.0144234609
2   10   4   12   0.0024890905
2   10   5   9   -0.0089502258
2   10   6   9   0.0310160277
2   10   7   8   0.0193501466
2   11   1   11   0.0047180355
2   11   1   12   0.0008142024
2   11   2   8   -0.0119444168
2   11   3   11   0.0055041096
2   11   3   12   0.0009498571
2   11   4   8   0.0661341784
2   11   5   10   -0.0000204665
2   11   6   10   0.0000709245
2   11   7   11   -0.0005667261
2   11   7   12   -0.0000978012
2   12   1   9   -0.0015064351
2   12   2   10   0.0005862194
2   12   3   9   -0.0042038691
2   12   4   10   -0.0049867322
2   12   5   7   0.0265009971
2   12   5   8   0.0216197427
2   12   6   7   -0.0777999370
2   12   6   8   -0.0265009971
2   12   7   9   -0.0028008259
2   13   1   9   0.0052203858
2   13   2   10   -0.0020314790
2   13   3   9   0.0145680480
2   13   4   10   0.0172809745
2   13   5   7   -0.0063890336
2   13   5   8   -0.0265009971
2   13   6   7   -0.0265009971
2   13   6   8   0.1058087132
2   13   7   9   0.0097059556
2   14   1   8   0.0060518833
2   14   2   11   0.0004101885
2   14   2   12   0.0000707872
2   14   3   8   0.0193501466
2   14   4   11   -0.0111159823
2   14   4   12   -0.0019183111
2   14   5   9   -0.0012832221
2   14   6   9   0.0044468657
2   14   7   8   0.0373860383
3   8   1   9   0.0093413233
3   8   2   10   0.0006978257
3   8   3   9   -0.0020000175
3   8   4   10   0.0007475819
3   8   5   7   -0.0052203858
3   8   5   8   -0.0015064351
3   8   6   7   -0.0015064351
3   8   6   8   0.0052203858
3   8   7   9   -0.0004497207
3   9   1   10   0.0008060283
3   9   2   9   0.0093957784
3   9   3   10   -0.0003239319
3   9   4   9   0.0020035217
3   9   5   11   0.0025958708
3   9   5   12   -0.0053489156
3   9   6   11   -0.0053489156
3   9   6   12   -0.0025958708
3   9   7   10   -0.0024284916
3   10   1   9   -0.0020000175
3   10   2   10   -0.0023572555
3   10   3   9   0.0141761560
3   10   4   10   -0.0052759810
3   10   5   7   -0.0145680480
3   10   5   8   -0.0042038691
3   10   6   7   -0.0042038691
3   10   6   8   0.0145680480
3   10   7   9   0.0059689467
3   11   1   10   -0.0003497878
3   11   2   9   0.0020035217
3   11   3   10   0.0048760658
3   11   4   9   0.0352737084
3   11   5   11   -0.0027744426
3   11   5   12   0.0057168713
3   11   6   11   0.0057168713
3   11   6   12   0.0027744426
3   11   7   10   0.0179587751
3   12   1   7   0.0007372632
3   12   1   8   0.0002127504
3   12   2   11   -0.0012975229
3   12   2   12   0.0026736078
3   12   3   7   -0.0310160277
3   12   3   8   -0.0089502258
3   12   4   11   -0.0138949163
3   12   4   12   0.0286311373
3   12   5   9   0.0107951498
3   12   7   7   -0.0044468657
3   12   7   8   -0.0012832221
3   13   1   7   0.0002127504
3   13   1   8   -0.0007372632
3   13   2   11   0.0026736078
3   13   2   12   0.0012975229
3   13   3   7   -0.0089502258
3   13   3   8   0.0310160277
3   13   4   11   0.0286311373
3   13   4   12   0.0138949163
3   13   6   9   0.0107951498
3   13   7   7   -0.0012832221
3   13   7   8   0.0044468657
3   14   1   9   -0.0004497207
3   14   2   10   0.0022035127
3   14   3   9   0.0059689467
3   14   4   10   0.0325007609
3   14   5   7   -0.0097059556
3   14   5   8   -0.0028008259
3   14   6   7   -0.0028008259
3   14   6   8   0.0097059556
3   14   7   9   0.0220014993
4   8   1   10   0.0074790921
4   8   2   9   0.0008060283
4   8   3   10   0.0064096678
4   8   4   9   -0.0003497878
4   8   5   11   -0.0008546053
4   8   5   12   0.0017609550
4   8   6   11   0.0017609550
4   8   6   12   0.0008546053
4   8   7   10   -0.0035663773
4   9   1   9   0.0006978257
4   9   2   10   0.0067885437
4   9   3   9   -0.0023572555
4   9   4   10   -0.0010683894
4   9   5   7   0.0020314790
4   9   5   8   0.0005862194
4   9   6   7   0.0005862194
4   9   6   8   -0.0020314790
4   9   7   9   0.0022035127
4   10   1   10   0.0064096678
4   10   2   9   -0.0003239319
4   10   3   10   0.0363342595
4   10   4   9   0.0048760658
4   10   5   11   0.0007898283
4   10   5   12   -0.0016274789
4   10   6   11   -0.0016274789
4   10   6   12   -0.0007898283
4   10   7   10   -0.0194049309
4   11   1   9   0.0007475819
4   11   2   10   -0.0010683894
4   11   3   9   -0.0052759810
4   11   4   10   0.0170767573
4   11   5   7   -0.0172809745
4   11   5   8   -0.0049867322
4   11   6   7   -0.0049867322
4   11   6   8   0.0172809745
4   11   7   9   0.0325007609
4   12   1   11   0.0014350367
4   12   1   12   -0.0029569616
4   12   2   7   0.0039753769
4   12   2   8   0.0011471656
4   12   3   11   0.0135836529
4   12   3   12   -0.0279897643
4   12   4   7   -0.0000709245
4   12   4   8   -0.0000204665
4   12   5   10   0.0186770757
4   12   7   11   -0.0156059112
4   12   7   12   0.0321567239
4   13   1   11   -0.0029569616
4   13   1   12   -0.0014350367
4   13   2   7   0.0011471656
4   13   2   8   -0.0039753769
4   13   3   11   -0.0279897643
4   13   3   12   -0.0135836529
4   13   4   7   -0.0000204665
4   13   4   8   0.0000709245
4   13   6   10   0.0186770757
4   13   7   11   0.0321567239
4   13   7   12   0.0156059112
4   14   1   10   -0.0035663773
4   14   2   9   -0.0024284916
4   14   3   10   -0.0194049309
4   14   4   9   0.0179587751
4   14   5   11   0.0016765260
4   14   5   12   -0.0034545617
4   14   6   11   -0.0034545617
4   14   6   12   -0.0016765260
4   14   7   10   0.0421620004
5   8   1   11   0.0159105946
5   8   2   7   -0.0021091522
5   8   2   8   -0.0122218433
5   8   3   11   0.0105663949
5   8   4   7   0.0008142024
5   8   4   8   0.0047180355
5   8   5   10   0.0014350367
5   8   6   10   -0.0029569616
5   8   7   11   -0.0010508724
5   9   1   7   -0.0022089559
5   9   1   8   -0.0128001730
5   9   2   11   0.0151218413
5   9   3   7   -0.0014636223
5   9   3   8   -0.0084812102
5   9   4   11   -0.0052894077
5   9   5   9   -0.0012975229
5   9   6   9   0.0026736078
5   9   7   7   0.0000707872
5   9   7   8   0.0004101885
5   10   1   11   0.0105663949
5   10   2   7   -0.0015474118
5   10   2   8   -0.0089667423
5   10   3   11   0.0303644116
5   10   4   7   0.0009498571
5   10   4   8   0.0055041096
5   10   5   10   0.0135836529
5   10   6   10   -0.0279897643
5   10   7   11   -0.0047086656
5   11   1   7   0.0021513313
5   11   1   8   0.0124662573
5   11   2   11   -0.0052894077
5   11   3   7   0.0024890905
5   11   3   8   0.0144234609
5   11   4   11   0.0111738721
5   11   5   9   -0.0138949163
5   11   6   9   0.0286311373
5   11   7   7   -0.0019183111
5   11   7   8   -0.0111159823
5   12   1   10   -0.0008546053
5   12   2   9   0.0025958708
5   12   3   10   0.0007898283
5   12   4   9   -0.0027744426
5   12   5   11   0.0209084445
5   12   5   12   -0.0261050696
5   12   6   11   -0.0261050696
5   12   6   12   0.0455031232
5   12   7   10   0.0016765260
5   13   1   10   0.0017609550
5   13   2   9   -0.0053489156
5   13   3   10   -0.0016274789
5   13   4   9   0.0057168713
5   13   5   11   -0.0261050696
5   13   5   12   -0.0043813788
5   13   6   11   0.0620301890
5   13   6   12   0.0261050696
5   13   7   10   -0.0034545617
5   14   1   11   -0.0010508724
5   14   2   7   -0.0009784318
5   14   2   8   -0.0056696908
5   14   3   11   -0.0047086656
5   14   4   7   -0.0000978012
5   14   4   8   -0.0005667261
5   14   5   10   -0.0156059112
5   14   6   10   0.0321567239
5   14   7   11   0.0138175613
6   8   1   12   0.0159105946
6   8   2   7   0.0122218433
6   8   2   8   -0.0021091522
6   8   3   12   0.0105663949
6   8   4   7   -0.0047180355
6   8   4   8   0.0008142024
6   8   5   10   -0.0029569616
6   8   6   10   -0.0014350367
6   8   7   12   -0.0010508724
6   9   1   7   0.0128001730
6   9   1   8   -0.0022089559
6   9   2   12   0.0151218413
6   9   3   7   0.0084812102
6   9   3   8   -0.0014636223
6   9   4   12   -0.0052894077
6   9   5   9   0.0026736078
6   9   6   9   0.0012975229
6   9   7   7   -0.0004101885
6   9   7   8   0.0000707872
6   10   1   12   0.0105663949
6   10   2   7   0.0089667423
6   10   2   8   -0.0015474118
6   10   3   12   0.0303644116
6   10   4   7   -0.0055041096
6   10   4   8   0.0009498571
6   10   5   10   -0.0279897643
6   10   6   10   -0.0135836529
6   10   7   12   -0.0047086656
6   11   1   7   -0.0124662573
6   11   1   8   0.0021513313
6   11   2   12   -0.0052894077
6   11   3   7   -0.0144234609
6   11   3   8   0.0024890905
6   11   4   12   0.0111738721
6   11   5   9   0.0286311373
6   11   6   9   0.0138949163
6   11   7   7   0.0111159823
6   11   7   8   -0.0019183111
6   12   1   10   0.0017609550
6   12   2   9   -0.0053489156
6   12   3   10   -0.0016274789
6   12   4   9   0.0057168713
6   12   5   11   -0.0261050696
6   12   5   12   0.0620301890
6   12   6   11   -0.0043813788
6   12   6   12   0.0261050696
6   12   7   10   -0.0034545617
6   13   1   10   0.0008546053
6   13   2   9   -0.0025958708
6   13   3   10   -0.0007898283
6   13   4   9   0.0027744426
6   13   5   11   0.0455031232
6   13   5   12   0.0261050696
6   13   6   11   0.0261050696
6   13   6   12   0.0209084445
6   13   7   10   -0.0016765260
6   14   1   12   -0.0010508724
6   14   2   7   0.0056696908
6   14   2   8   -0.0009784318
6   14   3   12   -0.0047086656
6   14   4   7   0.0005667261
6   14   4   8   -0.0000978012
6   14   5   10   0.0321567239
6   14   6   10   0.0156059112
6   14   7   12   0.0138175613

1   8   8   1   -0.6044822104
1   8   9   5   0.0191250002
1   8   9   6   -0.1108230873
1   8   10   1   0.0041087816
1   8   11   5   0.0007206129
1   8   11   6   -0.0041757148
1   8   12   3   0.0064012628
1   8   13   3   0.0018471981
1   8   14   1   0.0020665275
1   9   8   5   0.0191245591
1   9   8   6   -0.1108205311
1   9   9   1   -0.6045420702
1   9   10   5   -0.0009586541
1   9   10   6   0.0055550853
1   9   11   1   -0.0040000396
1   9   12   4   -0.0008092748
1   9   13   4   -0.0002335306
1   9   14   5   -0.0002384336
1   9   14   6   0.0013816446
1   10   8   1   0.0041087816
1   10   9   5   -0.0009747642
1   10   9   6   0.0056484381
1   10   10   1   -0.5320207904
1   10   11   5   -0.0021887431
1   10   11   6   0.0126830464
1   10   12   3   0.0258624901
1   10   13   3   0.0074630810
1   10   14   1   0.0263682169
1   11   8   5   0.0007060788
1   11   8   6   -0.0040914946
1   11   9   1   -0.0040000396
1   11   10   5   -0.0021528780
1   11   10   6   0.0124752199
1   11   11   1   -0.4766069158
1   11   12   4   0.0040803746
1   11   13   4   0.0011774646
1   11   14   5   -0.0016122487
1   11   14   6   0.0093424509
1   12   8   3   0.0063262447
1   12   9   4   -0.0008441293
1   12   10   3   0.0259597331
1   12   11   4   0.0037198083
1   12   12   1   -0.5102580927
1   12   12   2   -0.0097468924
1   12   13   1   -0.0097468924
1   12   13   2   0.0166959940
1   12   14   3   0.0062473827
1   13   8   3   0.0018255503
1   13   9   4   -0.0002435885
1   13   10   3   0.0074911422
1   13   11   4   0.0010734168
1   13   12   1   -0.0097468924
1   13   12   2   0.0142681554
1   13   13   1   -0.4792939434
1   13   13   2   0.0097468924
1   13   14   3   0.0018027933
1   14   8   1   0.0020665275
1   14   9   5   -0.0002175997
1   14   9   6   0.0012609186
1   14   10   1   0.0263682169
1   14   11   5   -0.0016810261
1   14   11   6   0.0097409935
1   14   12   3   0.0065378178
1   14   13   3   0.0018866035
1   14   14   1   -0.4803100001
2   8   8   2   -0.6044822104
2   8   9   5   0.1108230873
2   8   9   6   0.0191250002
2   8   10   2   0.0041087816
2   8   11   5   0.0041757148
2   8   11   6   0.0007206129
2   8   12   3   0.0018471981
2   8   13   3   -0.0064012628
2   8   14   2   0.0020665275
2   9   8   5   0.1108205311
2   9   8   6   0.0191245591
2   9   9   2   -0.6045420702
2   9   10   5   -0.0055550853
2   9   10   6   -0.0009586541
2   9   11   2   -0.0040000396
2   9   12   4   -0.0002335306
2   9   13   4   0.0008092748
2   9   14   5   -0.0013816446
2   9   14   6   -0.0002384336
2   10   8   2   0.0041087816
2   10   9   5   -0.0056484381
2   10   9   6   -0.0009747642
2   10   10   2   -0.5320207904
2   10   11   5   -0.0126830464
2   10   11   6   -0.0021887431
2   10   12   3   0.0074630810
2   10   13   3   -0.0258624901
2   10   14   2   0.0263682169
2   11   8   5   0.0040914946
2   11   8   6   0.0007060788
2   11   9   2   -0.0040000396
2   11   10   5   -0.0124752199
2   11   10   6   -0.0021528780
2   11   11   2   -0.4766069158
2   11   12   4   0.0011774646
2   11   13   4   -0.0040803746
2   11   14   5   -0.0093424509
2   11   14   6   -0.0016122487
2   12   8   3   0.0018255503
2   12   9   4   -0.0002435885
2   12   10   3   0.0074911422
2   12   11   4   0.0010734168
2   12   12   1   -0.0097468924
2   12   12   2   -0.4792939434
2   12   13   1   0.0142681554
2   12   13   2   0.0097468924
2   12   14   3   0.0018027933
2   13   8   3   -0.0063262447
2   13   9   4   0.0008441293
2   13   10   3   -0.0259597331
2   13   11   4   -0.0037198083
2   13   12   1   0.0166959940
2   13   12   2   0.0097468924
2   13   13   1   0.0097468924
2   13   13   2   -0.5102580927
2   13   14   3   -0.0062473827
2   14   8   2   0.0020665275
2   14   9   5   -0.0012609186
2   14   9   6   -0.0002175997
2   14   10   2   0.0263682169
2   14   11   5   -0.0097409935
2   14   11   6   -0.0016810261
2   14   12   3   0.0018866035
2   14   13   3   -0.0065378178
2   14   14   2   -0.4803100001
3   8   8   3   -0.3884232253
3   8   9   4   0.0612949059
3   8   10   3   0.0037096037
3   8   11   4   -0.0031105658
3   8   12   1   0.0063262447
3   8   12   2   0.0018255503
3   8   13   1   0.0018255503
3   8   13   2   -0.0063262447
3   8   14   3   -0.0007946557
3   9   8   4   0.0612936149
3   9   9   3   -0.3884560164
3   9   10   4   -0.0040785513
3   9   11   3   -0.0014472183
3   9   12   5   -0.0019356718
3   9   12   6   0.0039885441
3   9   13   5   0.0039885441
3   9   13   6   0.0019356718
3   9   14   4   0.0062029909
3   10   8   3   0.0037096037
3   10   9   4   -0.0040377136
3   10   10   3   -0.3487380661
3   10   11   4   -0.0329413475
3   10   12   1   0.0259597331
3   10   12   2   0.0074911422
3   10   13   1   0.0074911422
3   10   13   2   -0.0259597331
3   10   14   3   0.0032705427
3   11   8   4   -0.0031381502
3   11   9   3   -0.0014472183
3   11   10   4   -0.0330450160
3   11   11   3   -0.3601214952
3   11   12   5   0.0052133882
3   11   12   6   -0.0107424350
3   11   13   5   -0.0107424350
3   11   13   6   -0.0052133882
3   11   14   4   -0.0946628727
3   12   8   1   0.0064012628
3   12   8   2   0.0018471981
3   12   9   5   -0.0018927002
3   12   9   6   0.0038999990
3   12   10   1   0.0258624901
3   12   10   2   0.0074630810
3   12   11   5   0.0051829624
3   12   11   6   -0.0106797411
3   12   12   3   -0.3363587852
3   12   14   1   0.0065378178
3   12   14   2   0.0018866035
3   13   8   1   0.0018471981
3   13   8   2   -0.0064012628
3   13   9   5   0.0038999990
3   13   9   6   0.0018927002
3   13   10   1   0.0074630810
3   13   10   2   -0.0258624901
3   13   11   5   -0.0106797411
3   13   11   6   -0.0051829624
3   13   13   3   -0.3363587852
3   13   14   1   0.0018866035
3   13   14   2   -0.0065378178
3   14   8   3   -0.0007946557
3   14   9   4   0.0061857285
3   14   10   3   0.0032705427
3   14   11   4   -0.0946977255
3   14   12   1   0.0062473827
3   14   12   2   0.0018027933
3   14   13   1   0.0018027933
3   14   13   2   -0.0062473827
3   14   14   3   -0.3636495509
4   8   8   4   -0.4784012523
4   8   9   3   0.0612936149
4   8   10   4   -0.0008420821
4   8   11   3   -0.0031381502
4   8   12   5   -0.0012379255
4   8   12   6   0.0025508045
4   8   13   5   0.0025508045
4   8   13   6   0.0012379255
4   8   14   4   0.0066334432
4   9   8   3   0.0612949059
4   9   9   4   -0.4783835920
4   9   10   3   -0.0040377136
4   9   11   4   -0.0052101884
4   9   12   1   -0.0008441293
4   9   12   2   -0.0002435885
4   9   13   1   -0.0002435885
4   9   13   2   0.0008441293
4   9   14   3   0.0061857285
4   10   8   4   -0.0008420821
4   10   9   3   -0.0040785513
4   10   10   4   -0.4603997501
4   10   11   3   -0.0330450160
4   10   12   5   -0.0110401556
4   10   12   6   0.0227487669
4   10   13   5   0.0227487669
4   10   13   6   0.0110401556
4   10   14   4   0.0320722698
4   11   8   3   -0.0031105658
4   11   9   4   -0.0052101884
4   11   10   3   -0.0329413475
4   11   11   4   -0.3935350866
4   11   12   1   0.0037198083
4   11   12   2   0.0010734168
4   11   13   1   0.0010734168
4   11   13   2   -0.0037198083
4   11   14   3   -0.0946977255
4   12   8   5   -0.0012624590
4   12   8   6   0.0026013569
4   12   9   1   -0.0008092748
4   12   9   2   -0.0002335306
4   12   10   5   -0.0109241107
4   12   10   6   0.0225096509
4   12   11   1   0.0040803746
4   12   11   2   0.0011774646
4   12   12   4   -0.4138062245
4   12   14   5   -0.0003536166
4   12   14   6   0.0007286439
4   13   8   5   0.0026013569
4   13   8   6   0.0012624590
4   13   9   1   -0.0002335306
4   13   9   2   0.0008092748
4   13   10   5   0.0225096509
4   13   10   6   0.0109241107
4   13   11   1   0.0011774646
4   13   11   2   -0.0040803746
4   13   13   4   -0.4138062245
4   13   14   5   0.0007286439
4   13   14   6   0.0003536166
4   14   8   4   0.0066334432
4   14   9   3   0.0062029909
4   14   10   4   0.0320722698
4   14   11   3   -0.0946628727
4   14   12   5   -0.0003470457
4   14   12   6   0.0007151042
4   14   13   5   0.0007151042
4   14   13   6   0.0003470457
4   14   14   4   -0.4065808359
5   8   8   5   -0.5803514036
5   8   9   1   0.0191245591
5   8   9   2   0.1108205311
5   8   10   5   0.0020958570
5   8   11   1   0.0007060788
5   8   11   2   0.0040914946
5   8   12   4   -0.0012624590
5   8   13   4   0.0026013569
5   8   14   5   0.0088422466
5   9   8   1   0.0191250002
5   9   8   2   0.1108230873
5   9   9   5   -0.5803812951
5   9   10   1   -0.0009747642
5   9   10   2   -0.0056484381
5   9   11   5   -0.0086854339
5   9   12   3   -0.0018927002
5   9   13   3   0.0038999990
5   9   14   1   -0.0002175997
5   9   14   2   -0.0012609186
5   10   8   5   0.0020958570
5   10   9   1   -0.0009586541
5   10   9   2   -0.0055550853
5   10   10   5   -0.5199064955
5   10   11   1   -0.0021528780
5   10   11   2   -0.0124752199
5   10   12   4   -0.0109241107
5   10   13   4   0.0225096509
5   10   14   5   0.0415762160
5   11   8   1   0.0007206129
5   11   8   2   0.0041757148
5   11   9   5   -0.0086854339
5   11   10   1   -0.0021887431
5   11   10   2   -0.0126830464
5   11   11   5   -0.4169467441
5   11   12   3   0.0051829624
5   11   13   3   -0.0106797411
5   11   14   1   -0.0016810261
5   11   14   2   -0.0097409935
5   12   8   4   -0.0012379255
5   12   9   3   -0.0019356718
5   12   10   4   -0.0110401556
5   12   11   3   0.0052133882
5   12   12   5   -0.4546828413
5   12   12   6   0.0125826258
5   12   13   5   0.0125826258
5   12   13   6   -0.0097483983
5   12   14   4   -0.0003470457
5   13   8   4   0.0025508045
5   13   9   3   0.0039885441
5   13   10   4   0.0227487669
5   13   11   3   -0.0107424350
5   13   12   5   0.0125826258
5   13   12   6   -0.0100722547
5   13   13   5   -0.4745034943
5   13   13   6   -0.0125826258
5   13   14   4   0.0007151042
5   14   8   5   0.0088422466
5   14   9   1   -0.0002384336
5   14   9   2   -0.0013816446
5   14   10   5   0.0415762160
5   14   11   1   -0.0016122487
5   14   11   2   -0.0093424509
5   14   12   4   -0.0003536166
5   14   13   4   0.0007286439
5   14   14   5   -0.4273304505
6   8   8   6   -0.5803514036
6   8   9   1   -0.1108205311
6   8   9   2   0.0191245591
6   8   10   6   0.0020958570
6   8   11   1   -0.0040914946
6   8   11   2   0.0007060788
6   8   12   4   0.0026013569
6   8   13   4   0.0012624590
6   8   14   6   0.0088422466
6   9   8   1   -0.1108230873
6   9   8   2   0.0191250002
6   9   9   6   -0.5803812951
6   9   10   1   0.0056484381
6   9   10   2   -0.0009747642
6   9   11   6   -0.0086854339
6   9   12   3   0.0038999990
6   9   13   3   0.0018927002
6   9   14   1   0.0012609186
6   9   14   2   -0.0002175997
6   10   8   6   0.0020958570
6   10   9   1   0.0055550853
6   10   9   2   -0.0009586541
6   10   10   6   -0.5199064955
6   10   11   1   0.0124752199
6   10   11   2   -0.0021528780
6   10   12   4   0.0225096509
6   10   13   4   0.0109241107
6   10   14   6   0.0415762160
6   11   8   1   -0.0041757148
6   11   8   2   0.0007206129
6   11   9   6   -0.0086854339
6   11   10   1   0.0126830464
6   11   10   2   -0.0021887431
6   11   11   6   -0.4169467441
6   11   12   3   -0.0106797411
6   11   13   3   -0.0051829624
6   11   14   1   0.0097409935
6   11   14   2   -0.0016810261
6   12   8   4   0.0025508045
6   12   9   3   0.0039885441
6   12   10   4   0.0227487669
6   12   11   3   -0.0107424350
6   12   12   5   0.0125826258
6   12   12   6   -0.4745034943
6   12   13   5   -0.0100722547
6   12   13   6   -0.0125826258
6   12   14   4   0.0007151042
6   13   8   4   0.0012379255
6   13   9   3   0.0019356718
6   13   10   4   0.0110401556
6   13   11   3   -0.0052133882
6   13   12   5   -0.0097483983
6   13   12   6   -0.0125826258
6   13   13   5   -0.0125826258
6   13   13   6   -0.4546828413
6   13   14   4   0.0003470457
6   14   8   6   0.0088422466
6   14   9   1   0.0013816446
6   14   9   2   -0.0002384336
6   14   10   6   0.0415762160
6   14   11   1   0.0093424509
6   14   11   2   -0.0016122487
6   14   12   4   0.0007286439
6   14   13   4   0.0003536166
6   14   14   6   -0.4273304505

End AIJB Block
Begin IJKA Block
1   8   1   10   -0.0111082010
1   8   2   9   -0.1048602748
1   8   3   10   0.0093323982
1   8   4   9   -0.0154389493
1   8   5   11   0.0063675810
1   8   5   12   -0.0131207041
1   8   6   11   -0.0131207041
1   8   6   12   -0.0063675810
1   8   7   10   -0.0097181320
1   9   1   9   -0.1073809280
1   9   2   10   -0.0240626978
1   9   3   9   0.0178429514
1   9   4   10   0.0023899870
1   9   5   7   -0.0115826055
1   9   5   8   -0.0033423666
1   9   6   7   -0.0033423666
1   9   6   8   0.0115826055
1   9   7   9   0.0061968922
1   10   1   10   0.1058765022
1   10   2   9   0.0865591694
1   10   3   10   0.0034699186
1   10   4   9   0.0035302544
1   10   5   11   0.0046419570
1   10   5   12   -0.0095649737
1   10   6   11   -0.0095649737
1   10   6   12   -0.0046419570
1   10   7   10   -0.0111367967
1   11   1   9   -0.1434871223
1   11   2   10   0.0211696666
1   11   3   9   0.0046989107
1   11   4   10   0.0002458238
1   11   5   7   0.0129144619
1   11   5   8   0.0037266974
1   11   6   7   0.0037266974
1   11   6   8   -0.0129144619
1   11   7   9   0.0009031982
1   12   1   11   0.1004428789
1   12   1   12   -0.2069673399
1   12   2   7   -0.1752557588
1   12   2   8   -0.0505731628
1   12   3   11   -0.0007565379
1   12   3   12   0.0015588824
1   12   4   7   0.0007885414
1   12   4   8   0.0002275476
1   12   5   10   -0.0022847147
1   12   7   11   -0.0035648359
1   12   7   12   0.0073455143
1   13   1   11   -0.2069673399
1   13   1   12   -0.1004428789
1   13   2   7   -0.0505731628
1   13   2   8   0.1752557588
1   13   3   11   0.0015588824
1   13   3   12   0.0007565379
1   13   4   7   0.0002275476
1   13   4   8   -0.0007885414
1   13   6   10   -0.0022847147
1   13   7   11   0.0073455143
1   13   7   12   0.0035648359
1   14   1   10   -0.1525337756
1   14   2   9   0.0314266296
1   14   3   10   -0.0003519549
1   14   4   9   -0.0005228404
1   14   5   11   -0.0005238769
1   14   5   12   0.0010794733
1   14   6   11   0.0010794733
1   14   6   12   0.0005238769
1   14   7   10   0.0074743735
2   8   1   9   -0.1048735855
2   8   2   10   -0.0111143228
2   8   3   9   0.0179205396
2   8   4   10   0.0029163830
2   8   5   7   -0.0109626154
2   8   5   8   -0.0031634574
2   8   6   7   -0.0031634574
2   8   6   8   0.0109626154
2   8   7   9   0.0060112819
2   9   1   10   -0.0240581909
2   9   2   9   -0.1076081810
2   9   3   10   0.0086021522
2   9   4   9   -0.0155766077
2   9   5   11   0.0059930182
2   9   5   12   -0.0123488997
2   9   6   11   -0.0123488997
2   9   6   12   -0.0059930182
2   9   7   10   -0.0086225679
2   10   1   9   0.0865075256
2   10   2   10   0.1058509284
2   10   3   9   -0.0046071129
2   10   4   10   0.0075729128
2   10   5   7   -0.0088705165
2   10   5   8   -0.0025597451
2   10   6   7   -0.0025597451
2   10   6   8   0.0088705165
2   10   7   9   -0.0012295382
2   11   1   10   0.0211531481
2   11   2   9   -0.1434937679
2   11   3   10   -0.0019498346
2   11   4   9   -0.0034234171
2   11   5   11   -0.0022667856
2   11   5   12   0.0046708198
2   11   6   11   0.0046708198
2   11   6   12   0.0022667856
2   11   7   10   0.0009355050
2   12   1   7   -0.1751510985
2   12   1   8   -0.0505429612
2   12   2   11   0.1004585213
2   12   2   12   -0.2069995719
2   12   3   7   0.0073511103
2   12   3   8   0.0021212935
2   12   4   11   0.0034549194
2   12   4   12   -0.0071190261
2   12   5   9   0.0059632668
2   12   7   7   -0.0051552737
2   12   7   8   -0.0014876458
2   13   1   7   -0.0505429612
2   13   1   8   0.1751510985
2   13   2   11   -0.2069995719
2   13   2   12   -0.1004585213
2   13   3   7   0.0021212935
2   13   3   8   -0.0073511103
2   13   4   11   -0.0071190261
2   13   4   12   -0.0034549194
2   13   6   9   0.0059632668
2   13   7   7   -0.0014876458
2   13   7   8   0.0051552737
2   14   1   9   0.0314236168
2   14   2   10   -0.1525139491
2   14   3   9   -0.0038150844
2   14   4   10   -0.0062130810
2   14   5   7   -0.0057889154
2   14   5   8   -0.0016704944
2   14   6   7   -0.0016704944
2   14   6   8   0.0057889154
2   14   7   9   0.0030996017
3   8   1   10   0.0091420334
3   8   2   9   0.0183840631
3   8   3   10   0.0193718440
3   8   4   9   0.0025259540
3   8   5   11   0.0081779230
3   8   5   12   -0.0168510002
3   8   6   11   -0.0168510002
3   8   6   12   -0.0081779230
3   8   7   10   -0.0106089177
3   9   1   9   0.0183233372
3   9   2   10   0.0084494266
3   9   3   9   -0.0082762737
3   9   4   10   0.0030745227
3   9   5   7   -0.0153516629
3   9   5   8   -0.0044299951
3   9   6   7   -0.0044299951
3   9   6   8   0.0153516629
3   9   7   9   0.0017809064
3   10   1   10   0.0031410753
3   10   2   9   -0.0037816083
3   10   3   10   0.0908460619
3   10   4   9   -0.0202893457
3   10   5   11   0.0187527320
3   10   5   12   -0.0386408982
3   10   6   11   -0.0386408982
3   10   6   12   -0.0187527320
3   10   7   10   -0.0385778216
3   11   1   9   0.0045819391
3   11   2   10   -0.0016272223
3   11   3   9   -0.0985388297
3   11   4   10   0.0000941001
3   11   5   7   0.0555993044
3   11   5   8   0.0160441671
3   11   6   7   0.0160441671
3   11   6   8   -0.0555993044
3   11   7   9   0.0121493293
3   12   1   11   -0.0008645239
3   12   1   12   0.0017813927
3   12   2   7   0.0055032779
3   12   2   8   0.0015880686
3   12   3   11   0.0728067417
3   12   3   12   -0.1500217617
3   12   4   7   0.0582465140
3   12   4   8   0.0168080664
3   12   5   10   -0.0233461972
3   12   7   11   -0.0165551064
3   12   7   12   0.0341125860
3   13   1   11   0.0017813927
3   13   1   12   0.0008645239
3   13   2   7   0.0015880686
3   13   2   8   -0.0055032779
3   13   3   11   -0.1500217617
3   13   3   12   -0.0728067417
3   13   4   7   0.0168080664
3   13   4   8   -0.0582465140
3   13   6   10   -0.0233461972
3   13   7   11   0.0341125860
3   13   7   12   0.0165551064
3   14   1   10   -0.0000879043
3   14   2   9   -0.0034765522
3   14   3   10   -0.1256831222
3   14   4   9   -0.0035199518
3   14   5   11   -0.0091971045
3   14   5   12   0.0189510723
3   14   6   11   0.0189510723
3   14   6   12   0.0091971045
3   14   7   10   0.0345985169
4   8   1   9   -0.0158358260
4   8   2   10   0.0030048225
4   8   3   9   0.0026723412
4   8   4   10   -0.0060154553
4   8   5   7   0.0096778491
4   8   5   8   0.0027927153
4   8   6   7   0.0027927153
4   8   6   8   -0.0096778491
4   8   7   9   0.0010248144
4   9   1   10   0.0024756751
4   9   2   9   -0.0159682045
4   9   3   10   0.0030307041
4   9   4   9   -0.0034661361
4   9   5   11   -0.0044621239
4   9   5   12   0.0091944190
4   9   6   11   0.0091944190
4   9   6   12   0.0044621239
4   9   7   10   0.0116441157
4   10   1   9   0.0034330018
4   10   2   10   0.0075463834
4   10   3   9   -0.0201075241
4   10   4   10   0.0224338455
4   10   5   7   0.0278384689
4   10   5   8   0.0080332848
4   10   6   7   0.0080332848
4   10   6   8   -0.0278384689
4   10   7   9   -0.0297837432
4   11   1   10   0.0001491796
4   11   2   9   -0.0037642376
4   11   3   10   0.0001118764
4   11   4   9   -0.0633224099
4   11   5   11   0.0020253167
4   11   5   12   -0.0041732616
4   11   6   11   -0.0041732616
4   11   6   12   -0.0020253167
4   11   7   10   0.0132514132
4   12   1   7   0.0007495653
4   12   1   8   0.0002163004
4   12   2   11   0.0034339591
4   12   2   12   -0.0070758365
4   12   3   7   0.0574936482
4   12   3   8   0.0165908136
4   12   4   11   0.0367385325
4   12   4   12   -0.0757014974
4   12   5   9   -0.0159216990
4   12   7   7   0.1119169755
4   12   7   8   0.0322956316
4   13   1   7   0.0002163004
4   13   1   8   -0.0007495653
4   13   2   11   -0.0070758365
4   13   2   12   -0.0034339591
4   13   3   7   0.0165908136
4   13   3   8   -0.0574936482
4   13   4   11   -0.0757014974
4   13   4   12   -0.0367385325
4   13   6   9   -0.0159216990
4   13   7   7   0.0322956316
4   13   7   8   -0.1119169755
4   14   1   9   -0.0002954077
4   14   2   10   -0.0060840087
4   14   3   9   -0.0035692599
4   14   4   10   -0.0448219321
4   14   5   7   0.0296477607
4   14   5   8   0.0085553881
4   14   6   7   0.0085553881
4   14   6   8   -0.0296477607
4   14   7   9   -0.0004651754
5   8   1   11   0.0063955240
5   8   1   12   -0.0131782821
5   8   2   7   -0.0119715753
5   8   2   8   -0.0034546107
5   8   3   11   0.0081123305
5   8   3   12   -0.0167158437
5   8   4   7   0.0097175644
5   8   4   8   0.0028041759
5   8   5   10   0.0054432434
5   8   7   11   0.0017781235
5   8   7   12   -0.0036639083
5   9   1   7   -0.0125084939
5   9   1   8   -0.0036095481
5   9   2   11   0.0060333099
5   9   2   12   -0.0124319226
5   9   3   7   -0.0155051260
5   9   3   8   -0.0044742796
5   9   4   11   -0.0044709746
5   9   4   12   0.0092126563
5   9   5   9   -0.0031342926
5   9   7   7   -0.0044400556
5   9   7   8   -0.0012812569
5   10   1   11   0.0043386912
5   10   1   12   -0.0089400799
5   10   2   7   -0.0095150104
5   10   2   8   -0.0027457253
5   10   3   11   0.0181763387
5   10   3   12   -0.0374532123
5   10   4   7   0.0270226599
5   10   4   8   0.0077978686
5   10   5   10   0.0323810902
5   10   7   11   -0.0016194420
5   10   7   12   0.0033369375
5   11   1   7   0.0123884414
5   11   1   8   0.0035749049
5   11   2   11   -0.0020605944
5   11   2   12   0.0042459531
5   11   3   7   0.0536325853
5   11   3   8   0.0154766353
5   11   4   11   0.0022280635
5   11   4   12   -0.0045910310
5   11   5   9   -0.0805234686
5   11   7   7   0.0312465444
5   11   7   8   0.0090167455
5   12   1   10   -0.0022153093
5   12   2   9   0.0054757547
5   12   3   10   -0.0218971239
5   12   4   9   -0.0150969410
5   12   5   11   0.0490840536
5   12   5   12   -0.1011400322
5   12   6   11   -0.0029919647
5   12   6   12   -0.0014520240
5   12   7   10   -0.0101681906
5   13   5   11   -0.0952575407
5   13   5   12   -0.0462292342
5   13   6   11   0.0014027954
5   13   6   12   -0.0028905268
5   14   1   11   -0.0005093407
5   14   1   12   0.0010495208
5   14   2   7   -0.0057065553
5   14   2   8   -0.0016467279
5   14   3   11   -0.0087296167
5   14   3   12   0.0179877913
5   14   4   7   0.0306835067
5   14   4   8   0.0088542710
5   14   5   10   -0.0805073718
5   14   7   11   -0.0001891153
5   14   7   12   0.0003896810
6   8   1   11   -0.0131782821
6   8   1   12   -0.0063955240
6   8   2   7   -0.0034546107
6   8   2   8   0.0119715753
6   8   3   11   -0.0167158437
6   8   3   12   -0.0081123305
6   8   4   7   0.0028041759
6   8   4   8   -0.0097175644
6   8   6   10   0.0054432434
6   8   7   11   -0.0036639083
6   8   7   12   -0.0017781235
6   9   1   7   -0.0036095481
6   9   1   8   0.0125084939
6   9   2   11   -0.0124319226
6   9   2   12   -0.0060333099
6   9   3   7   -0.0044742796
6   9   3   8   0.0155051260
6   9   4   11   0.0092126563
6   9   4   12   0.0044709746
6   9   6   9   -0.0031342926
6   9   7   7   -0.0012812569
6   9   7   8   0.0044400556
6   10   1   11   -0.0089400799
6   10   1   12   -0.0043386912
6   10   2   7   -0.0027457253
6   10   2   8   0.0095150104
6   10   3   11   -0.0374532123
6   10   3   12   -0.0181763387
6   10   4   7   0.0077978686
6   10   4   8   -0.0270226599
6   10   6   10   0.0323810902
6   10   7   11   0.0033369375
6   10   7   12   0.0016194420
6   11   1   7   0.0035749049
6   11   1   8   -0.0123884414
6   11   2   11   0.0042459531
6   11   2   12   0.0020605944
6   11   3   7   0.0154766353
6   11   3   8   -0.0536325853
6   11   4   11   -0.0045910310
6   11   4   12   -0.0022280635
6   11   6   9   -0.0805234686
6   11   7   7   0.0090167455
6   11   7   8   -0.0312465444
6   12   5   11   -0.0028905268
6   12   5   12   -0.0014027954
6   12   6   11   0.0462292342
6   12   6   12   -0.0952575407
6   13   1   10   -0.0022153093
6   13   2   9   0.0054757547
6   13   3   10   -0.0218971239
6   13   4   9   -0.0150969410
6   13   5   11   0.0014520240
6   13   5   12   -0.0029919647
6   13   6   11   -0.1011400322
6   13   6   12   -0.0490840536
6   13   7   10   -0.0101681906
6   14   1   11   0.0010495208
6   14   1   12   0.0005093407
6   14   2   7   -0.0016467279
6   14   2   8   0.0057065553
6   14   3   11   0.0179877913
6   14   3   12   0.0087296167
6   14   4   7   0.0088542710
6   14   4   8   -0.0306835067
6   14   6   10   -0.0805073718
6   14   7   11   0.0003896810
6   14   7   12   0.0001891153
7   8   1   10   -0.0096122980
7   8   2   9   0.0063327162
7   8   3   10   -0.0105292128
7   8   4   9   0.0010475930
7   8   5   11   0.0017510092
7   8   5   12   -0.0036080380
7   8   6   11   -0.0036080380
7   8   6   12   -0.0017510092
7   8   7   10   -0.0017452870
7   9   1   9   0.0065086744
7   9   2   10   -0.0085430217
7   9   3   9   0.0017911748
7   9   4   10   0.0116564416
7   9   5   7   -0.0043522451
7   9   5   8   -0.0012559177
7   9   6   7   -0.0012559177
7   9   6   8   0.0043522451
7   9   7   9   -0.0032460356
7   10   1   10   -0.0107747296
7   10   2   9   -0.0012616704
7   10   3   10   -0.0384419432
7   10   4   9   -0.0294114879
7   10   5   11   -0.0019566227
7   10   5   12   0.0040317143
7   10   6   11   0.0040317143
7   10   6   12   0.0019566227
7   10   7   10   0.0421718263
7   11   1   9   0.0010753037
7   11   2   10   0.0008835287
7   11   3   9   0.0120033926
7   11   4   10   0.0126670388
7   11   5   7   0.0307571585
7   11   5   8   0.0088755245
7   11   6   7   0.0088755245
7   11   6   8   -0.0307571585
7   11   7   9   -0.0641691702
7   12   1   11   -0.0034946632
7   12   1   12   0.0072009200
7   12   2   7   -0.0045409708
7   12   2   8   -0.0013103778
7   12   3   11   -0.0164213889
7   12   3   12   0.0338370546
7   12   4   7   0.1109775007
7   12   4   8   0.0320245295
7   12   5   10   -0.0110888376
7   12   7   11   0.0420951516
7   12   7   12   -0.0867390665
7   13   1   11   0.0072009200
7   13   1   12   0.0034946632
7   13   2   7   -0.0013103778
7   13   2   8   0.0045409708
7   13   3   11   0.0338370546
7   13   3   12   0.0164213889
7   13   4   7   0.0320245295
7   13   4   8   -0.1109775007
7   13   6   10   -0.0110888376
7   13   7   11   -0.0867390665
7   13   7   12   -0.0420951516
7   14   1   10   0.0071328850
7   14   2   9   0.0028556145
7   14   3   10   0.0336203573
7   14   4   9   -0.0004179794
7   14   5   11   -0.0005926737
7   14   5   12   0.0012212325
7   14   6   11   0.0012212325
7   14   6   12   0.0005926737
7   14   7   10   -0.0562389320

End IJKA Block
Begin IABC Block
1   7   1   10   -0.0008826443
1   7   3   11   0.0003583102
1   7   3   12   -0.0020762901
1   7   4   7   0.0000057500
1   7   5   9   -0.0010893930
1   7   6   9   0.0063126742
1   8   2   10   -0.0008826443
1   8   3   11   0.0020762901
1   8   3   12   0.0003583102
1   8   4   8   0.0000057500
1   8   5   9   -0.0063126742
1   8   6   9   -0.0010893930
1   9   1   11   -0.0006716835
1   9   1   12   0.0038921848
1   9   2   11   -0.0038921848
1   9   2   12   -0.0006716835
1   9   3   10   -0.0004876863
1   9   4   9   -0.0009839631
1   9   5   7   -0.0010805309
1   9   5   8   -0.0062613214
1   9   6   7   0.0062613214
1   9   6   8   -0.0010805309
1   10   1   7   -0.0008900614
1   10   2   8   -0.0008900614
1   10   3   9   -0.0004816370
1   10   4   10   0.0035153137
1   10   5   11   0.0027707791
1   10   6   12   0.0027707791
1   11   1   9   -0.0006765676
1   11   2   9   -0.0039204867
1   11   3   7   0.0003568914
1   11   3   8   0.0020680686
1   11   4   11   0.0035398412
1   11   5   10   0.0027618534
1   12   1   9   0.0039204867
1   12   2   9   -0.0006765676
1   12   3   7   -0.0020680686
1   12   3   8   0.0003568914
1   12   4   12   0.0035398412
1   12   6   10   0.0027618534
2   7   1   9   0.0057063393
2   7   3   7   -0.0018784680
2   7   4   11   0.0001231453
2   7   4   12   -0.0007135864
2   7   5   10   0.0001263842
2   7   6   10   -0.0007323547
2   8   2   9   0.0057063393
2   8   3   8   -0.0018784680
2   8   4   11   0.0007135864
2   8   4   12   0.0001231453
2   8   5   10   0.0007323547
2   8   6   10   0.0001263842
2   9   1   7   0.0057069113
2   9   2   8   0.0057069113
2   9   3   9   -0.0012520529
2   9   4   10   0.0035985538
2   9   5   11   0.0043816748
2   9   6   12   0.0043816748
2   10   1   11   -0.0003535616
2   10   1   12   0.0020487735
2   10   2   11   -0.0020487735
2   10   2   12   -0.0003535616
2   10   3   10   -0.0018386275
2   10   4   9   0.0035885577
2   10   5   7   0.0001282102
2   10   5   8   0.0007429359
2   10   6   7   -0.0007429359
2   10   6   8   0.0001282102
2   11   1   10   -0.0003520281
2   11   2   10   -0.0020398871
2   11   3   11   -0.0033055946
2   11   4   7   0.0001232631
2   11   4   8   0.0007142692
2   11   5   9   0.0043731020
2   12   1   10   0.0020398871
2   12   2   10   -0.0003520281
2   12   3   12   -0.0033055946
2   12   4   7   -0.0007142692
2   12   4   8   0.0001232631
2   12   6   9   0.0043731020
3   7   1   10   -0.0026296200
3   7   3   11   -0.0022722631
3   7   3   12   0.0131670173
3   7   4   7   0.0197978659
3   7   5   9   -0.0021107914
3   7   6   9   0.0122313419
3   8   2   10   -0.0026296200
3   8   3   11   -0.0131670173
3   8   3   12   -0.0022722631
3   8   4   8   0.0197978659
3   8   5   9   -0.0122313419
3   8   6   9   -0.0021107914
3   9   1   11   -0.0015867226
3   9   1   12   0.0091945358
3   9   2   11   -0.0091945358
3   9   2   12   -0.0015867226
3   9   3   10   -0.0058485126
3   9   4   9   0.0134010381
3   9   5   7   -0.0019891036
3   9   5   8   -0.0115262012
3   9   6   7   0.0115262012
3   9   6   8   -0.0019891036
3   10   1   7   -0.0032182677
3   10   2   8   -0.0032182677
3   10   3   9   -0.0058231984
3   10   4   10   0.0204737458
3   10   5   11   0.0047613916
3   10   6   12   0.0047613916
3   11   1   9   -0.0017000617
3   11   2   9   -0.0098512988
3   11   3   7   -0.0022426157
3   11   3   8   -0.0129952204
3   11   4   11   0.0223507915
3   11   5   10   0.0049777453
3   12   1   9   0.0098512988
3   12   2   9   -0.0017000617
3   12   3   7   0.0129952204
3   12   3   8   -0.0022426157
3   12   4   12   0.0223507915
3   12   6   10   0.0049777453
4   7   1   9   -0.0161644014
4   7   3   7   -0.0603770303
4   7   4   11   -0.0019699828
4   7   4   12   0.0114154027
4   7   5   10   -0.0006789486
4   7   6   10   0.0039342837
4   8   2   9   -0.0161644014
4   8   3   8   -0.0603770303
4   8   4   11   -0.0114154027
4   8   4   12   -0.0019699828
4   8   5   10   -0.0039342837
4   8   6   10   -0.0006789486
4   9   1   7   -0.0168092357
4   9   2   8   -0.0168092357
4   9   3   9   0.0019916734
4   9   4   10   0.0286557178
4   9   5   11   -0.0020588342
4   9   6   12   -0.0020588342
4   10   1   11   0.0013373706
4   10   1   12   -0.0077496227
4   10   2   11   0.0077496227
4   10   2   12   0.0013373706
4   10   3   10   -0.0238012432
4   10   4   9   0.0288613990
4   10   5   7   -0.0006368297
4   10   5   8   -0.0036902189
4   10   6   7   0.0036902189
4   10   6   8   -0.0006368297
4   11   1   10   0.0012218047
4   11   2   10   0.0070799563
4   11   3   11   -0.0529256842
4   11   4   7   -0.0019221942
4   11   4   8   -0.0111384835
4   11   5   9   -0.0016575701
4   12   1   10   -0.0070799563
4   12   2   10   0.0012218047
4   12   3   12   -0.0529256842
4   12   4   7   0.0111384835
4   12   4   8   -0.0019221942
4   12   6   9   -0.0016575701
5   7   1   11   0.0033744291
5   7   1   12   -0.0167675568
5   7   2   11   0.0023235837
5   7   2   12   -0.0036353448
5   7   3   10   0.0047762156
5   7   4   9   0.0085280336
5   7   5   7   0.0337581907
5   7   5   8   0.0018136535
5   7   6   7   -0.0721919942
5   7   6   8   -0.0003969720
5   8   1   11   0.0136649738
5   8   1   12   0.0018687211
5   8   2   11   0.0051410527
5   8   2   12   -0.0007789994
5   8   3   10   0.0013782619
5   8   4   9   0.0024609156
5   8   5   7   0.0024735248
5   8   5   8   0.0342318939
5   8   6   7   -0.0000767312
5   8   6   8   -0.0679048160
5   9   1   10   0.0503512606
5   9   2   10   0.0145297508
5   9   3   11   0.0015969321
5   9   3   12   -0.0032905548
5   9   4   7   0.0085967005
5   9   4   8   0.0024807307
5   9   5   9   0.0132599024
5   9   6   9   -0.0273226611
5   10   1   9   0.0501432643
5   10   2   9   0.0144697298
5   10   3   7   0.0049882920
5   10   3   8   0.0014394603
5   10   4   11   -0.0053717819
5   10   4   12   0.0110688126
5   10   5   10   0.0195744438
5   10   6   10   -0.0403340746
5   11   1   7   0.0037717717
5   11   1   8   0.0143530867
5   11   2   7   0.0032535097
5   11   2   8   0.0057171774
5   11   3   9   0.0016729004
5   11   4   10   -0.0052848234
5   11   5   11   0.0283527114
5   11   5   12   0.0010780478
5   11   6   11   -0.0604453631
5   11   6   12   -0.0004587140
5   12   1   7   -0.0185795142
5   12   1   8   0.0017206532
5   12   2   7   -0.0036660589
5   12   2   8   -0.0009729178
5   12   3   9   -0.0034470910
5   12   4   10   0.0108896306
5   12   5   11   0.0009452020
5   12   5   12   0.0293346104
5   12   6   11   -0.0005231851
5   12   6   12   -0.0584221133
6   7   1   11   -0.0007789994
6   7   1   12   -0.0051410527
6   7   2   11   -0.0018687211
6   7   2   12   0.0136649738
6   7   3   10   0.0013782619
6   7   4   9   0.0024609156
6   7   5   7   -0.0679048160
6   7   5   8   0.0000767312
6   7   6   7   -0.0342318939
6   7   6   8   0.0024735248
6   8   1   11   0.0036353448
6   8   1   12   0.0023235837
6   8   2   11   -0.0167675568
6   8   2   12   -0.0033744291
6   8   3   10   -0.0047762156
6   8   4   9   -0.0085280336
6   8   5   7   0.0003969720
6   8   5   8   -0.0721919942
6   8   6   7   0.0018136535
6   8   6   8   -0.0337581907
6   9   1   10   0.0145297508
6   9   2   10   -0.0503512606
6   9   3   11   -0.0032905548
6   9   3   12   -0.0015969321
6   9   4   7   0.0024807307
6   9   4   8   -0.0085967005
6   9   5   9   -0.0273226611
6   9   6   9   -0.0132599024
6   10   1   9   0.0144697298
6   10   2   9   -0.0501432643
6   10   3   7   0.0014394603
6   10   3   8   -0.0049882920
6   10   4   11   0.0110688126
6   10   4   12   0.0053717819
6   10   5   10   -0.0403340746
6   10   6   10   -0.0195744438
6   11   1   7   -0.0009729178
6   11   1   8   0.0036660589
6   11   2   7   -0.0017206532
6   11   2   8   -0.0185795142
6   11   3   9   -0.0034470910
6   11   4   10   0.0108896306
6   11   5   11   -0.0584221133
6   11   5   12   0.0005231851
6   11   6   11   -0.0293346104
6   11   6   12   0.0009452020
6   12   1   7   -0.0057171774
6   12   1   8   0.0032535097
6   12   2   7   0.0143530867
6   12   2   8   -0.0037717717
6   12   3   9   -0.0016729004
6   12   4   10   0.0052848234
6   12   5   11   0.0004587140
6   12   5   12   -0.0604453631
6   12   6   11   0.0010780478
6   12   6   12   -0.0283527114
7   7   1   10   -0.0009413400
7   7   3   11   -0.0025170733
7   7   3   12   0.0145856118
7   7   4   7   -0.0490397695
7   7   5   9   -0.0004061842
7   7   6   9   0.0023537036
7   8   2   10   -0.0009413400
7   8   3   11   -0.0145856118
7   8   3   12   -0.0025170733
7   8   4   8   -0.0490397695
7   8   5   9   -0.0023537036
7   8   6   9   -0.0004061842
7   9   1   11   -0.0017385222
7   9   1   12   0.0100741646
7   9   2   11   -0.0100741646
7   9   2   12   -0.0017385222
7   9   3   10   0.0304580267
7   9   4   9   0.0068125861
7   9   5   7   -0.0002010851
7   9   5   8   -0.0011652218
7   9   6   7   0.0011652218
7   9   6   8   -0.0002010851
7   10   1   7   -0.0007676562
7   10   2   8   -0.0007676562
7   10   3   9   0.0305162183
7   10   4   10   -0.0276096622
7   10   5   11   -0.0086193802
7   10   6   12   -0.0086193802
7   11   1   9   -0.0017728430
7   11   2   9   -0.0102730422
7   11   3   7   -0.0022632254
7   11   3   8   -0.0131146472
7   11   4   11   -0.0545792894
7   11   5   10   -0.0080130527
7   12   1   9   0.0102730422
7   12   2   9   -0.0017728430
7   12   3   7   0.0131146472
7   12   3   8   -0.0022632254
7   12   4   12   -0.0545792894
7   12   6   10   -0.0080130527

End IABC Block
