Begin IJ Block
1   1   -27.8126222472
1   3   0.4703000173
1   4   0.0000000000
1   5   -0.2541253511
2   2   -27.8136747261
2   3   0.0000000000
2   4   -0.4968869924
2   5   -0.0000000000
3   3   -9.9701894855
3   5   -0.9527060159
4   4   -7.6578262270
5   5   -7.8356806768
6   6   -8.0360785505
7   7   -8.0360785505

End IJ Block
Begin IA Block
1   3   -0.0000000000
1   4   0.0227265942
2   3   0.2671538060
3   4   0.7497551536
4   3   1.1372697973
5   4   1.3030180353
6   5   0.5261466836
6   6   -1.7603099636
7   5   -1.7603099636
7   6   -0.5261466836

End IA Block
Begin AB Block
1   1   -6.9347388794
2   2   -6.9347388794
3   3   -4.5450644114
4   4   -5.2142292555
5   5   -5.8596267590
6   6   -5.8596267590

End AB Block
Begin IJKL Block
1   8   1   8   2.3022125002
1   8   1   9   -0.0000000000
1   8   1   10   -0.1987398481
1   8   1   11   -0.0000000000
1   8   1   12   0.0717375619
1   8   2   8   -0.0000000000
1   8   2   9   1.8193951333
1   8   2   10   0.0000000000
1   8   2   11   0.1779839627
1   8   3   8   -0.1987398481
1   8   3   9   0.0000000000
1   8   3   10   0.0349023886
1   8   3   12   -0.0027562759
1   8   4   8   -0.0000000000
1   8   4   9   0.1779839627
1   8   4   11   0.0275758851
1   8   5   8   0.0717375619
1   8   5   10   -0.0027562759
1   8   5   12   0.0162937029
1   8   6   13   0.0111704404
1   8   7   14   0.0111704404
1   9   1   8   -0.0000000000
1   9   1   9   2.3032795497
1   9   1   10   0.0000000000
1   9   1   11   0.1856857259
1   9   2   8   1.8195127718
1   9   2   9   0.0000000000
1   9   2   10   -0.2092342961
1   9   2   11   0.0000000000
1   9   2   12   0.0549387043
1   9   3   8   0.0000000000
1   9   3   9   -0.1988480028
1   9   3   11   -0.0248908986
1   9   4   8   0.1779378314
1   9   4   9   0.0000000000
1   9   4   10   -0.0252234979
1   9   4   12   0.0141402182
1   9   5   9   0.0717682828
1   9   5   11   0.0146829588
1   10   1   8   -0.1987398481
1   10   1   9   0.0000000000
1   10   1   10   0.8396964657
1   10   1   11   0.0000000000
1   10   1   12   0.0988637333
1   10   2   8   0.0000000000
1   10   2   9   -0.2092875676
1   10   2   11   -0.1688863238
1   10   3   8   0.0363441755
1   10   3   10   0.0056313915
1   10   3   12   0.0089254438
1   10   4   9   -0.0256721683
1   10   4   11   -0.0040970306
1   10   5   8   -0.0022682574
1   10   5   10   0.0309690717
1   10   5   12   0.0159708974
1   10   6   13   0.0164613968
1   10   7   14   0.0164613968
1   11   1   8   -0.0000000000
1   11   1   9   0.1856857259
1   11   1   10   0.0000000000
1   11   1   11   0.6648569858
1   11   1   12   -0.0000000000
1   11   2   8   0.1779378314
1   11   2   9   0.0000000000
1   11   2   10   -0.1689244323
1   11   2   12   0.2490858651
1   11   3   9   -0.0253651353
1   11   3   11   -0.0130682418
1   11   4   8   0.0286888577
1   11   4   10   -0.0038886822
1   11   4   12   -0.0031458428
1   11   5   9   0.0156178693
1   11   5   11   -0.0053496713
1   12   1   8   0.0717375619
1   12   1   10   0.0988637333
1   12   1   11   -0.0000000000
1   12   1   12   0.6931876382
1   12   2   9   0.0549470459
1   12   2   11   0.2490831957
1   12   3   8   -0.0022682574
1   12   3   10   0.0091798878
1   12   3   12   -0.0082489180
1   12   4   9   0.0150743253
1   12   4   11   -0.0033251186
1   12   5   8   0.0176200891
1   12   5   10   0.0161956436
1   12   5   12   -0.0008595244
1   12   6   13   -0.0038405681
1   12   7   14   -0.0038405681
1   13   1   13   0.6863013725
1   13   3   13   -0.0001779154
1   13   5   13   0.0105813644
1   13   6   8   0.0126527083
1   13   6   10   0.0168760422
1   13   6   12   -0.0042187669
1   14   1   14   0.6863013725
1   14   3   14   -0.0001779154
1   14   5   14   0.0105813644
1   14   7   8   0.0126527083
1   14   7   10   0.0168760422
1   14   7   12   -0.0042187669
2   8   1   8   -0.0000000000
2   8   1   9   1.8195127718
2   8   1   10   0.0000000000
2   8   1   11   0.1779378314
2   8   2   8   2.3032795497
2   8   2   9   0.0000000000
2   8   2   10   -0.1988480028
2   8   2   11   0.0000000000
2   8   2   12   0.0717682828
2   8   3   8   0.0000000000
2   8   3   9   -0.2092342961
2   8   3   11   -0.0252234979
2   8   4   8   0.1856857259
2   8   4   9   0.0000000000
2   8   4   10   -0.0248908986
2   8   4   12   0.0146829588
2   8   5   9   0.0549387043
2   8   5   11   0.0141402182
2   9   1   8   1.8193951333
2   9   1   9   0.0000000000
2   9   1   10   -0.2092875676
2   9   1   11   0.0000000000
2   9   1   12   0.0549470459
2   9   2   8   0.0000000000
2   9   2   9   2.3041120065
2   9   2   10   -0.0000000000
2   9   2   11   0.1858675683
2   9   2   12   0.0000000000
2   9   3   8   -0.2092875676
2   9   3   9   -0.0000000000
2   9   3   10   0.0344591608
2   9   3   12   -0.0035226250
2   9   4   8   0.0000000000
2   9   4   9   0.1858675683
2   9   4   11   0.0278282653
2   9   5   8   0.0549470459
2   9   5   9   0.0000000000
2   9   5   10   -0.0035226250
2   9   5   12   0.0150609054
2   9   6   13   0.0105322329
2   9   7   14   0.0105322329
2   10   1   8   0.0000000000
2   10   1   9   -0.2092342961
2   10   1   11   -0.1689244323
2   10   2   8   -0.1988480028
2   10   2   9   -0.0000000000
2   10   2   10   0.8396449606
2   10   2   11   -0.0000000000
2   10   2   12   0.0987646162
2   10   3   9   0.0359698861
2   10   3   11   0.0088550110
2   10   4   8   -0.0253651353
2   10   4   10   0.0216653555
2   10   4   12   0.0074054044
2   10   5   9   -0.0030178582
2   10   5   11   0.0017538628
2   11   1   8   0.1779839627
2   11   1   9   0.0000000000
2   11   1   10   -0.1688863238
2   11   1   12   0.2490831957
2   11   2   8   0.0000000000
2   11   2   9   0.1858675683
2   11   2   10   -0.0000000000
2   11   2   11   0.6648922905
2   11   2   12   0.0000000000
2   11   3   8   -0.0256721683
2   11   3   10   0.0092792363
2   11   3   12   -0.0154169020
2   11   4   9   0.0289386502
2   11   4   11   0.0039493447
2   11   5   8   0.0150743253
2   11   5   10   0.0020053371
2   11   5   12   -0.0158583874
2   11   6   13   -0.0100234098
2   11   7   14   -0.0100234098
2   12   1   9   0.0549387043
2   12   1   11   0.2490858651
2   12   2   8   0.0717682828
2   12   2   9   0.0000000000
2   12   2   10   0.0987646162
2   12   2   11   0.0000000000
2   12   2   12   0.6931922789
2   12   3   9   -0.0030178582
2   12   3   11   -0.0155394251
2   12   4   8   0.0156178693
2   12   4   10   0.0075080969
2   12   4   12   0.0047471663
2   12   5   9   0.0164134920
2   12   5   11   -0.0158662957
2   13   2   13   0.6862942165
2   13   4   13   0.0087887365
2   13   6   9   0.0120381105
2   13   6   11   -0.0105688256
2   14   2   14   0.6862942165
2   14   4   14   0.0087887365
2   14   7   9   0.0120381105
2   14   7   11   -0.0105688256
3   8   1   8   -0.1987398481
3   8   1   9   0.0000000000
3   8   1   10   0.0363441755
3   8   1   12   -0.0022682574
3   8   2   8   0.0000000000
3   8   2   9   -0.2092875676
3   8   2   11   -0.0256721683
3   8   3   8   0.8396964657
3   8   3   10   0.0056313915
3   8   3   12   0.0309690717
3   8   4   8   0.0000000000
3   8   4   9   -0.1688863238
3   8   4   11   -0.0040970306
3   8   5   8   0.0988637333
3   8   5   10   0.0089254438
3   8   5   12   0.0159708974
3   8   6   13   0.0164613968
3   8   7   14   0.0164613968
3   9   1   8   0.0000000000
3   9   1   9   -0.1988480028
3   9   1   11   -0.0253651353
3   9   2   8   -0.2092342961
3   9   2   9   -0.0000000000
3   9   2   10   0.0359698861
3   9   2   12   -0.0030178582
3   9   3   9   0.8396449606
3   9   3   11   0.0216653555
3   9   4   8   -0.1689244323
3   9   4   9   -0.0000000000
3   9   4   10   0.0088550110
3   9   4   12   0.0017538628
3   9   5   9   0.0987646162
3   9   5   11   0.0074054044
3   10   1   8   0.0349023886
3   10   1   10   0.0056313915
3   10   1   12   0.0091798878
3   10   2   9   0.0344591608
3   10   2   11   0.0092792363
3   10   3   8   0.0056313915
3   10   3   10   0.8123400218
3   10   3   12   0.1401757918
3   10   4   9   0.0092792363
3   10   4   11   0.0514250555
3   10   5   8   0.0091798878
3   10   5   10   0.1401757918
3   10   5   12   0.0617057496
3   10   6   13   0.0945688417
3   10   7   14   0.0945688417
3   11   1   9   -0.0248908986
3   11   1   11   -0.0130682418
3   11   2   8   -0.0252234979
3   11   2   10   0.0088550110
3   11   2   12   -0.0155394251
3   11   3   9   0.0216653555
3   11   3   11   0.5188850865
3   11   4   8   -0.0038886822
3   11   4   10   0.0537239324
3   11   4   12   -0.0886584316
3   11   5   9   0.0075080969
3   11   5   11   0.0077463142
3   12   1   8   -0.0027562759
3   12   1   10   0.0089254438
3   12   1   12   -0.0082489180
3   12   2   9   -0.0035226250
3   12   2   11   -0.0154169020
3   12   3   8   0.0309690717
3   12   3   10   0.1401757918
3   12   3   12   0.5641305328
3   12   4   9   0.0020053371
3   12   4   11   -0.0898472780
3   12   5   8   0.0161956436
3   12   5   10   0.0640913530
3   12   5   12   0.0323628476
3   12   6   13   -0.0122156210
3   12   7   14   -0.0122156210
3   13   1   13   -0.0001779154
3   13   3   13   0.6264612483
3   13   5   13   0.0585111075
3   13   6   8   0.0168760422
3   13   6   10   0.0965703200
3   13   6   12   -0.0125270642
3   14   1   14   -0.0001779154
3   14   3   14   0.6264612483
3   14   5   14   0.0585111075
3   14   7   8   0.0168760422
3   14   7   10   0.0965703200
3   14   7   12   -0.0125270642
4   8   1   8   -0.0000000000
4   8   1   9   0.1779378314
4   8   1   11   0.0286888577
4   8   2   8   0.1856857259
4   8   2   9   0.0000000000
4   8   2   10   -0.0253651353
4   8   2   12   0.0156178693
4   8   3   8   0.0000000000
4   8   3   9   -0.1689244323
4   8   3   11   -0.0038886822
4   8   4   8   0.6648569858
4   8   4   10   -0.0130682418
4   8   4   12   -0.0053496713
4   8   5   8   -0.0000000000
4   8   5   9   0.2490858651
4   8   5   11   -0.0031458428
4   9   1   8   0.1779839627
4   9   1   9   0.0000000000
4   9   1   10   -0.0256721683
4   9   1   12   0.0150743253
4   9   2   8   0.0000000000
4   9   2   9   0.1858675683
4   9   2   11   0.0289386502
4   9   3   8   -0.1688863238
4   9   3   9   -0.0000000000
4   9   3   10   0.0092792363
4   9   3   12   0.0020053371
4   9   4   9   0.6648922905
4   9   4   11   0.0039493447
4   9   5   8   0.2490831957
4   9   5   9   0.0000000000
4   9   5   10   -0.0154169020
4   9   5   12   -0.0158583874
4   9   6   13   -0.0100234098
4   9   7   14   -0.0100234098
4   10   1   9   -0.0252234979
4   10   1   11   -0.0038886822
4   10   2   8   -0.0248908986
4   10   2   10   0.0216653555
4   10   2   12   0.0075080969
4   10   3   9   0.0088550110
4   10   3   11   0.0537239324
4   10   4   8   -0.0130682418
4   10   4   10   0.5188850865
4   10   4   12   0.0077463142
4   10   5   9   -0.0155394251
4   10   5   11   -0.0886584316
4   11   1   8   0.0275758851
4   11   1   10   -0.0040970306
4   11   1   12   -0.0033251186
4   11   2   9   0.0278282653
4   11   2   11   0.0039493447
4   11   3   8   -0.0040970306
4   11   3   10   0.0514250555
4   11   3   12   -0.0898472780
4   11   4   9   0.0039493447
4   11   4   11   0.5274625169
4   11   5   8   -0.0033251186
4   11   5   10   -0.0898472780
4   11   5   12   0.1989553027
4   11   6   13   0.0384351835
4   11   7   14   0.0384351835
4   12   1   9   0.0141402182
4   12   1   11   -0.0031458428
4   12   2   8   0.0146829588
4   12   2   10   0.0074054044
4   12   2   12   0.0047471663
4   12   3   9   0.0017538628
4   12   3   11   -0.0886584316
4   12   4   8   -0.0053496713
4   12   4   10   0.0077463142
4   12   4   12   0.5308046385
4   12   5   9   -0.0158662957
4   12   5   11   0.1986200767
4   13   2   13   0.0087887365
4   13   4   13   0.4887421218
4   13   6   9   -0.0105688256
4   13   6   11   0.0409306773
4   14   2   14   0.0087887365
4   14   4   14   0.4887421218
4   14   7   9   -0.0105688256
4   14   7   11   0.0409306773
5   8   1   8   0.0717375619
5   8   1   10   -0.0022682574
5   8   1   12   0.0176200891
5   8   2   9   0.0549470459
5   8   2   11   0.0150743253
5   8   3   8   0.0988637333
5   8   3   10   0.0091798878
5   8   3   12   0.0161956436
5   8   4   8   -0.0000000000
5   8   4   9   0.2490831957
5   8   4   11   -0.0033251186
5   8   5   8   0.6931876382
5   8   5   10   -0.0082489180
5   8   5   12   -0.0008595244
5   8   6   13   -0.0038405681
5   8   7   14   -0.0038405681
5   9   1   9   0.0717682828
5   9   1   11   0.0156178693
5   9   2   8   0.0549387043
5   9   2   9   0.0000000000
5   9   2   10   -0.0030178582
5   9   2   12   0.0164134920
5   9   3   9   0.0987646162
5   9   3   11   0.0075080969
5   9   4   8   0.2490858651
5   9   4   9   0.0000000000
5   9   4   10   -0.0155394251
5   9   4   12   -0.0158662957
5   9   5   9   0.6931922789
5   9   5   11   0.0047471663
5   10   1   8   -0.0027562759
5   10   1   10   0.0309690717
5   10   1   12   0.0161956436
5   10   2   9   -0.0035226250
5   10   2   11   0.0020053371
5   10   3   8   0.0089254438
5   10   3   10   0.1401757918
5   10   3   12   0.0640913530
5   10   4   9   -0.0154169020
5   10   4   11   -0.0898472780
5   10   5   8   -0.0082489180
5   10   5   10   0.5641305328
5   10   5   12   0.0323628476
5   10   6   13   -0.0122156210
5   10   7   14   -0.0122156210
5   11   1   9   0.0146829588
5   11   1   11   -0.0053496713
5   11   2   8   0.0141402182
5   11   2   10   0.0017538628
5   11   2   12   -0.0158662957
5   11   3   9   0.0074054044
5   11   3   11   0.0077463142
5   11   4   8   -0.0031458428
5   11   4   10   -0.0886584316
5   11   4   12   0.1986200767
5   11   5   9   0.0047471663
5   11   5   11   0.5308046385
5   12   1   8   0.0162937029
5   12   1   10   0.0159708974
5   12   1   12   -0.0008595244
5   12   2   9   0.0150609054
5   12   2   11   -0.0158583874
5   12   3   8   0.0159708974
5   12   3   10   0.0617057496
5   12   3   12   0.0323628476
5   12   4   9   -0.0158583874
5   12   4   11   0.1989553027
5   12   5   8   -0.0008595244
5   12   5   10   0.0323628476
5   12   5   12   0.5518936410
5   12   6   13   0.0206983207
5   12   7   14   0.0206983207
5   13   1   13   0.0105813644
5   13   3   13   0.0585111075
5   13   5   13   0.4983379308
5   13   6   8   -0.0042187669
5   13   6   10   -0.0125270642
5   13   6   12   0.0234678785
5   14   1   14   0.0105813644
5   14   3   14   0.0585111075
5   14   5   14   0.4983379308
5   14   7   8   -0.0042187669
5   14   7   10   -0.0125270642
5   14   7   12   0.0234678785
6   8   1   13   0.0126527083
6   8   3   13   0.0168760422
6   8   5   13   -0.0042187669
6   8   6   8   0.6863013725
6   8   6   10   -0.0001779154
6   8   6   12   0.0105813644
6   9   2   13   0.0120381105
6   9   4   13   -0.0105688256
6   9   6   9   0.6862942165
6   9   6   11   0.0087887365
6   10   1   13   0.0168760422
6   10   3   13   0.0965703200
6   10   5   13   -0.0125270642
6   10   6   8   -0.0001779154
6   10   6   10   0.6264612483
6   10   6   12   0.0585111075
6   11   2   13   -0.0105688256
6   11   4   13   0.0409306773
6   11   6   9   0.0087887365
6   11   6   11   0.4887421218
6   12   1   13   -0.0042187669
6   12   3   13   -0.0125270642
6   12   5   13   0.0234678785
6   12   6   8   0.0105813644
6   12   6   10   0.0585111075
6   12   6   12   0.4983379308
6   13   1   8   0.0111704404
6   13   1   10   0.0164613968
6   13   1   12   -0.0038405681
6   13   2   9   0.0105322329
6   13   2   11   -0.0100234098
6   13   3   8   0.0164613968
6   13   3   10   0.0945688417
6   13   3   12   -0.0122156210
6   13   4   9   -0.0100234098
6   13   4   11   0.0384351835
6   13   5   8   -0.0038405681
6   13   5   10   -0.0122156210
6   13   5   12   0.0206983207
6   13   6   13   0.5635841461
6   13   7   14   0.0192702387
6   14   6   14   0.5224912736
6   14   7   13   0.0218226338
7   8   1   14   0.0126527083
7   8   3   14   0.0168760422
7   8   5   14   -0.0042187669
7   8   7   8   0.6863013725
7   8   7   10   -0.0001779154
7   8   7   12   0.0105813644
7   9   2   14   0.0120381105
7   9   4   14   -0.0105688256
7   9   7   9   0.6862942165
7   9   7   11   0.0087887365
7   10   1   14   0.0168760422
7   10   3   14   0.0965703200
7   10   5   14   -0.0125270642
7   10   7   8   -0.0001779154
7   10   7   10   0.6264612483
7   10   7   12   0.0585111075
7   11   2   14   -0.0105688256
7   11   4   14   0.0409306773
7   11   7   9   0.0087887365
7   11   7   11   0.4887421218
7   12   1   14   -0.0042187669
7   12   3   14   -0.0125270642
7   12   5   14   0.0234678785
7   12   7   8   0.0105813644
7   12   7   10   0.0585111075
7   12   7   12   0.4983379308
7   13   6   14   0.0218226338
7   13   7   13   0.5224912736
7   14   1   8   0.0111704404
7   14   1   10   0.0164613968
7   14   1   12   -0.0038405681
7   14   2   9   0.0105322329
7   14   2   11   -0.0100234098
7   14   3   8   0.0164613968
7   14   3   10   0.0945688417
7   14   3   12   -0.0122156210
7   14   4   9   -0.0100234098
7   14   4   11   0.0384351835
7   14   5   8   -0.0038405681
7   14   5   10   -0.0122156210
7   14   5   12   0.0206983207
7   14   6   13   0.0192702387
7   14   7   14   0.5635841461

End IJKL Block
Begin IJAB Block
1   8   1   7   0.0117717546
1   8   2   8   0.0117717546
1   8   3   9   0.0116239876
1   8   4   10   0.0089979816
1   8   5   11   0.0179504010
1   8   6   12   0.0179504010
1   9   1   11   0.0128884173
1   9   1   12   0.0063667384
1   9   2   11   -0.0063667384
1   9   2   12   0.0128884173
1   9   3   10   -0.0029611253
1   9   4   9   -0.0030009001
1   9   5   7   0.0133172546
1   9   5   8   -0.0065785794
1   9   6   7   0.0065785794
1   9   6   8   0.0133172546
1   10   1   7   0.0100196976
1   10   2   8   0.0100196976
1   10   3   9   -0.0018507584
1   10   4   10   0.0070792107
1   10   5   11   0.0107495403
1   10   6   12   0.0107495403
1   11   1   11   -0.0058915643
1   11   1   12   -0.0029103689
1   11   2   11   0.0029103689
1   11   2   12   -0.0058915643
1   11   3   10   0.0006380226
1   11   4   9   0.0003963180
1   11   5   7   -0.0127080954
1   11   5   8   0.0062776613
1   11   6   7   -0.0062776613
1   11   6   8   -0.0127080954
1   12   1   7   -0.0064348904
1   12   2   8   -0.0064348904
1   12   3   9   0.0007512673
1   12   4   10   0.0038136419
1   12   5   11   -0.0001560435
1   12   6   12   -0.0001560435
1   13   1   9   0.0011775434
1   13   2   9   0.0069269309
1   13   3   7   -0.0001611561
1   13   3   8   -0.0009480050
1   13   4   11   0.0008592379
1   13   4   12   -0.0028747212
1   13   5   10   -0.0005675657
1   13   6   10   0.0018988841
1   14   1   9   0.0069269309
1   14   2   9   -0.0011775434
1   14   3   7   -0.0009480050
1   14   3   8   0.0001611561
1   14   4   11   -0.0028747212
1   14   4   12   -0.0008592379
1   14   5   10   0.0018988841
1   14   6   10   0.0005675657
2   8   1   11   0.0133172546
2   8   1   12   0.0065785794
2   8   2   11   -0.0065785794
2   8   2   12   0.0133172546
2   8   3   10   -0.0030009001
2   8   4   9   -0.0029611253
2   8   5   7   0.0128884173
2   8   5   8   -0.0063667384
2   8   6   7   0.0063667384
2   8   6   8   0.0128884173
2   9   1   7   0.0121433684
2   9   2   8   0.0121433684
2   9   3   9   0.0116362547
2   9   4   10   0.0084347341
2   9   5   11   0.0173475191
2   9   6   12   0.0173475191
2   10   1   11   0.0083220490
2   10   1   12   0.0041110020
2   10   2   11   -0.0041110020
2   10   2   12   0.0083220490
2   10   3   10   0.0007720382
2   10   4   9   -0.0008173213
2   10   5   7   0.0096934905
2   10   5   8   -0.0047884792
2   10   6   7   0.0047884792
2   10   6   8   0.0096934905
2   11   1   7   -0.0135584562
2   11   2   8   -0.0135584562
2   11   3   9   0.0022846436
2   11   4   10   -0.0016001607
2   11   5   11   -0.0069111964
2   11   6   12   -0.0069111964
2   12   1   11   -0.0003274746
2   12   1   12   -0.0001617689
2   12   2   11   0.0001617689
2   12   2   12   -0.0003274746
2   12   3   10   0.0015948310
2   12   4   9   -0.0020129931
2   12   5   7   -0.0055583443
2   12   5   8   0.0027457618
2   12   6   7   -0.0027457618
2   12   6   8   -0.0055583443
2   13   1   10   0.0003599797
2   13   2   10   0.0021175902
2   13   3   11   0.0006669714
2   13   3   12   -0.0022314622
2   13   4   7   0.0006710631
2   13   4   8   0.0039475472
2   13   5   9   -0.0020521543
2   13   6   9   0.0068658186
2   14   1   10   0.0021175902
2   14   2   10   -0.0003599797
2   14   3   11   -0.0022314622
2   14   3   12   -0.0006669714
2   14   4   7   0.0039475472
2   14   4   8   -0.0006710631
2   14   5   9   0.0068658186
2   14   6   9   0.0020521543
3   8   1   7   0.0100196976
3   8   2   8   0.0100196976
3   8   3   9   -0.0018507584
3   8   4   10   0.0070792107
3   8   5   11   0.0107495403
3   8   6   12   0.0107495403
3   9   1   11   0.0096934905
3   9   1   12   0.0047884792
3   9   2   11   -0.0047884792
3   9   2   12   0.0096934905
3   9   3   10   -0.0008173213
3   9   4   9   0.0007720382
3   9   5   7   0.0083220490
3   9   5   8   -0.0041110020
3   9   6   7   0.0041110020
3   9   6   8   0.0083220490
3   10   1   7   0.0354162238
3   10   2   8   0.0354162238
3   10   3   9   0.0310781789
3   10   4   10   0.0394422829
3   10   5   11   0.0278193108
3   10   6   12   0.0278193108
3   11   1   11   -0.0105968295
3   11   1   12   -0.0052347189
3   11   2   11   0.0052347189
3   11   2   12   -0.0105968295
3   11   3   10   -0.0060803633
3   11   4   9   0.0056447721
3   11   5   7   -0.0163059827
3   11   5   8   0.0080549787
3   11   6   7   -0.0080549787
3   11   6   8   -0.0163059827
3   12   1   7   -0.0218181339
3   12   2   8   -0.0218181339
3   12   3   9   -0.0001269604
3   12   4   10   0.0221327904
3   12   5   11   0.0011277913
3   12   6   12   0.0011277913
3   13   1   9   0.0039880447
3   13   2   9   0.0234597816
3   13   3   7   0.0078887987
3   13   3   8   0.0464060730
3   13   4   11   0.0085866778
3   13   4   12   -0.0287281379
3   13   5   10   0.0006000160
3   13   6   10   -0.0020074517
3   14   1   9   0.0234597816
3   14   2   9   -0.0039880447
3   14   3   7   0.0464060730
3   14   3   8   -0.0078887987
3   14   4   11   -0.0287281379
3   14   4   12   -0.0085866778
3   14   5   10   -0.0020074517
3   14   6   10   -0.0006000160
4   8   1   11   -0.0127080954
4   8   1   12   -0.0062776613
4   8   2   11   0.0062776613
4   8   2   12   -0.0127080954
4   8   3   10   0.0003963180
4   8   4   9   0.0006380226
4   8   5   7   -0.0058915643
4   8   5   8   0.0029103689
4   8   6   7   -0.0029103689
4   8   6   8   -0.0058915643
4   9   1   7   -0.0135584562
4   9   2   8   -0.0135584562
4   9   3   9   0.0022846436
4   9   4   10   -0.0016001607
4   9   5   11   -0.0069111964
4   9   6   12   -0.0069111964
4   10   1   11   -0.0163059827
4   10   1   12   -0.0080549787
4   10   2   11   0.0080549787
4   10   2   12   -0.0163059827
4   10   3   10   0.0056447721
4   10   4   9   -0.0060803633
4   10   5   7   -0.0105968295
4   10   5   8   0.0052347189
4   10   6   7   -0.0052347189
4   10   6   8   -0.0105968295
4   11   1   7   0.0736513533
4   11   2   8   0.0736513533
4   11   3   9   0.0359915246
4   11   4   10   0.0152744264
4   11   5   11   0.0129534929
4   11   6   12   0.0129534929
4   12   1   11   -0.0044255324
4   12   1   12   -0.0021861650
4   12   2   11   0.0021861650
4   12   2   12   -0.0044255324
4   12   3   10   0.0345209809
4   12   4   9   0.0177792195
4   12   5   7   0.0042550739
4   12   5   8   -0.0021019604
4   12   6   7   0.0021019604
4   12   6   8   0.0042550739
4   13   1   10   -0.0030209635
4   13   2   10   -0.0177708998
4   13   3   11   0.0094272305
4   13   3   12   -0.0315403446
4   13   4   7   -0.0002971279
4   13   4   8   -0.0017478628
4   13   5   9   0.0025726603
4   13   6   9   -0.0086072568
4   14   1   10   -0.0177708998
4   14   2   10   0.0030209635
4   14   3   11   -0.0315403446
4   14   3   12   -0.0094272305
4   14   4   7   -0.0017478628
4   14   4   8   0.0002971279
4   14   5   9   -0.0086072568
4   14   6   9   -0.0025726603
5   8   1   7   -0.0064348904
5   8   2   8   -0.0064348904
5   8   3   9   0.0007512673
5   8   4   10   0.0038136419
5   8   5   11   -0.0001560435
5   8   6   12   -0.0001560435
5   9   1   11   -0.0055583443
5   9   1   12   -0.0027457618
5   9   2   11   0.0027457618
5   9   2   12   -0.0055583443
5   9   3   10   -0.0020129931
5   9   4   9   0.0015948310
5   9   5   7   -0.0003274746
5   9   5   8   0.0001617689
5   9   6   7   -0.0001617689
5   9   6   8   -0.0003274746
5   10   1   7   -0.0218181339
5   10   2   8   -0.0218181339
5   10   3   9   -0.0001269604
5   10   4   10   0.0221327904
5   10   5   11   0.0011277913
5   10   6   12   0.0011277913
5   11   1   11   0.0042550739
5   11   1   12   0.0021019604
5   11   2   11   -0.0021019604
5   11   2   12   0.0042550739
5   11   3   10   0.0177792195
5   11   4   9   0.0345209809
5   11   5   7   -0.0044255324
5   11   5   8   0.0021861650
5   11   6   7   -0.0021861650
5   11   6   8   -0.0044255324
5   12   1   7   0.0411370298
5   12   2   8   0.0411370298
5   12   3   9   0.0248772853
5   12   4   10   0.0440647950
5   12   5   11   0.0122982219
5   12   6   12   0.0122982219
5   13   1   9   -0.0015808434
5   13   2   9   -0.0092993540
5   13   3   7   0.0017786573
5   13   3   8   0.0104629998
5   13   4   11   0.0104964935
5   13   4   12   -0.0351177394
5   13   5   10   -0.0004933314
5   13   6   10   0.0016505210
5   14   1   9   -0.0092993540
5   14   2   9   0.0015808434
5   14   3   7   0.0104629998
5   14   3   8   -0.0017786573
5   14   4   11   -0.0351177394
5   14   4   12   -0.0104964935
5   14   5   10   0.0016505210
5   14   6   10   0.0004933314
6   8   1   9   -0.0001611561
6   8   2   9   -0.0009480050
6   8   3   7   0.0011775434
6   8   3   8   0.0069269309
6   8   4   11   -0.0005675657
6   8   4   12   0.0018988841
6   8   5   10   0.0008592379
6   8   6   10   -0.0028747212
6   9   1   10   0.0006710631
6   9   2   10   0.0039475472
6   9   3   11   -0.0020521543
6   9   3   12   0.0068658186
6   9   4   7   0.0003599797
6   9   4   8   0.0021175902
6   9   5   9   0.0006669714
6   9   6   9   -0.0022314622
6   10   1   9   0.0078887987
6   10   2   9   0.0464060730
6   10   3   7   0.0039880447
6   10   3   8   0.0234597816
6   10   4   11   0.0006000160
6   10   4   12   -0.0020074517
6   10   5   10   0.0085866778
6   10   6   10   -0.0287281379
6   11   1   10   -0.0002971279
6   11   2   10   -0.0017478628
6   11   3   11   0.0025726603
6   11   3   12   -0.0086072568
6   11   4   7   -0.0030209635
6   11   4   8   -0.0177708998
6   11   5   9   0.0094272305
6   11   6   9   -0.0315403446
6   12   1   9   0.0017786573
6   12   2   9   0.0104629998
6   12   3   7   -0.0015808434
6   12   3   8   -0.0092993540
6   12   4   11   -0.0004933314
6   12   4   12   0.0016505210
6   12   5   10   0.0104964935
6   12   6   10   -0.0351177394
6   13   1   7   0.0201844418
6   13   1   8   0.0180074433
6   13   2   7   0.0180074433
6   13   2   8   0.1230525417
6   13   3   9   0.0160538101
6   13   4   10   0.0191196697
6   13   5   11   0.0115382196
6   13   5   12   -0.0172754520
6   13   6   11   -0.0172754520
6   13   6   12   0.0641725410
6   14   1   7   0.0180074433
6   14   1   8   0.0130890549
6   14   2   7   0.0897790450
6   14   2   8   -0.0180074433
6   14   5   11   -0.0172754520
6   14   5   12   0.0028708291
6   14   6   11   0.0497634923
6   14   6   12   0.0172754520
7   8   1   9   -0.0009480050
7   8   2   9   0.0001611561
7   8   3   7   0.0069269309
7   8   3   8   -0.0011775434
7   8   4   11   0.0018988841
7   8   4   12   0.0005675657
7   8   5   10   -0.0028747212
7   8   6   10   -0.0008592379
7   9   1   10   0.0039475472
7   9   2   10   -0.0006710631
7   9   3   11   0.0068658186
7   9   3   12   0.0020521543
7   9   4   7   0.0021175902
7   9   4   8   -0.0003599797
7   9   5   9   -0.0022314622
7   9   6   9   -0.0006669714
7   10   1   9   0.0464060730
7   10   2   9   -0.0078887987
7   10   3   7   0.0234597816
7   10   3   8   -0.0039880447
7   10   4   11   -0.0020074517
7   10   4   12   -0.0006000160
7   10   5   10   -0.0287281379
7   10   6   10   -0.0085866778
7   11   1   10   -0.0017478628
7   11   2   10   0.0002971279
7   11   3   11   -0.0086072568
7   11   3   12   -0.0025726603
7   11   4   7   -0.0177708998
7   11   4   8   0.0030209635
7   11   5   9   -0.0315403446
7   11   6   9   -0.0094272305
7   12   1   9   0.0104629998
7   12   2   9   -0.0017786573
7   12   3   7   -0.0092993540
7   12   3   8   0.0015808434
7   12   4   11   0.0016505210
7   12   4   12   0.0004933314
7   12   5   10   -0.0351177394
7   12   6   10   -0.0104964935
7   13   1   7   0.0180074433
7   13   1   8   0.0897790450
7   13   2   7   0.0130890549
7   13   2   8   -0.0180074433
7   13   5   11   -0.0172754520
7   13   5   12   0.0497634923
7   13   6   11   0.0028708291
7   13   6   12   0.0172754520
7   14   1   7   0.1230525417
7   14   1   8   -0.0180074433
7   14   2   7   -0.0180074433
7   14   2   8   0.0201844418
7   14   3   9   0.0160538101
7   14   4   10   0.0191196697
7   14   5   11   0.0641725410
7   14   5   12   0.0172754520
7   14   6   11   0.0172754520
7   14   6   12   0.0115382196

End IJAB Block
Begin ABCD Block
1   7   1   7   0.4788219070
1   7   2   8   0.0182330074
1   7   3   9   0.0174799119
1   7   4   10   0.0071440892
1   7   5   11   0.0372833140
1   7   5   12   0.0151987799
1   7   6   11   0.0151987799
1   7   6   12   0.0140239102
1   8   1   8   0.4423558922
1   8   2   7   0.0182330074
1   8   5   11   -0.0151987799
1   8   5   12   0.0242515585
1   8   6   11   -0.0009921547
1   8   6   12   0.0151987799
1   9   1   9   0.3438212174
1   9   3   7   0.0174799119
1   9   4   11   -0.0026376806
1   9   4   12   -0.0013029856
1   9   5   10   -0.0109703697
1   9   6   10   -0.0054192437
1   10   1   10   0.3845330154
1   10   3   11   -0.0089586934
1   10   3   12   -0.0044254974
1   10   4   7   0.0071440892
1   10   5   9   -0.0109703697
1   10   6   9   -0.0054192437
1   11   1   11   0.4261664866
1   11   1   12   0.0107938448
1   11   2   11   -0.0107938448
1   11   2   12   0.0082591628
1   11   3   10   -0.0089586934
1   11   4   9   -0.0026376806
1   11   5   7   0.0372833140
1   11   5   8   -0.0151987799
1   11   6   7   0.0151987799
1   11   6   8   -0.0009921547
1   12   1   11   0.0107938448
1   12   1   12   0.4096481610
1   12   2   11   0.0082591628
1   12   2   12   0.0107938448
1   12   3   10   -0.0044254974
1   12   4   9   -0.0013029856
1   12   5   7   0.0151987799
1   12   5   8   0.0242515585
1   12   6   7   0.0140239102
1   12   6   8   0.0151987799
2   7   1   8   0.0182330074
2   7   2   7   0.4423558922
2   7   5   11   -0.0151987799
2   7   5   12   -0.0009921547
2   7   6   11   0.0242515585
2   7   6   12   0.0151987799
2   8   1   7   0.0182330074
2   8   2   8   0.4788219070
2   8   3   9   0.0174799119
2   8   4   10   0.0071440892
2   8   5   11   0.0140239102
2   8   5   12   -0.0151987799
2   8   6   11   -0.0151987799
2   8   6   12   0.0372833140
2   9   2   9   0.3438212174
2   9   3   8   0.0174799119
2   9   4   11   0.0013029856
2   9   4   12   -0.0026376806
2   9   5   10   0.0054192437
2   9   6   10   -0.0109703697
2   10   2   10   0.3845330154
2   10   3   11   0.0044254974
2   10   3   12   -0.0089586934
2   10   4   8   0.0071440892
2   10   5   9   0.0054192437
2   10   6   9   -0.0109703697
2   11   1   11   -0.0107938448
2   11   1   12   0.0082591628
2   11   2   11   0.4096481610
2   11   2   12   -0.0107938448
2   11   3   10   0.0044254974
2   11   4   9   0.0013029856
2   11   5   7   -0.0151987799
2   11   5   8   0.0140239102
2   11   6   7   0.0242515585
2   11   6   8   -0.0151987799
2   12   1   11   0.0082591628
2   12   1   12   0.0107938448
2   12   2   11   -0.0107938448
2   12   2   12   0.4261664866
2   12   3   10   -0.0089586934
2   12   4   9   -0.0026376806
2   12   5   7   -0.0009921547
2   12   5   8   -0.0151987799
2   12   6   7   0.0151987799
2   12   6   8   0.0372833140
3   7   1   9   0.0174799119
3   7   3   7   0.3438212174
3   7   4   11   -0.0109703697
3   7   4   12   -0.0054192437
3   7   5   10   -0.0026376806
3   7   6   10   -0.0013029856
3   8   2   9   0.0174799119
3   8   3   8   0.3438212174
3   8   4   11   0.0054192437
3   8   4   12   -0.0109703697
3   8   5   10   0.0013029856
3   8   6   10   -0.0026376806
3   9   1   7   0.0174799119
3   9   2   8   0.0174799119
3   9   3   9   0.3489771198
3   9   4   10   0.0864959512
3   9   5   11   0.0094369887
3   9   6   12   0.0094369887
3   10   1   11   -0.0089586934
3   10   1   12   -0.0044254974
3   10   2   11   0.0044254974
3   10   2   12   -0.0089586934
3   10   3   10   0.3371927337
3   10   4   9   0.0864959512
3   10   5   7   -0.0026376806
3   10   5   8   0.0013029856
3   10   6   7   -0.0013029856
3   10   6   8   -0.0026376806
3   11   1   10   -0.0089586934
3   11   2   10   0.0044254974
3   11   3   11   0.3154723663
3   11   4   7   -0.0109703697
3   11   4   8   0.0054192437
3   11   5   9   0.0094369887
3   12   1   10   -0.0044254974
3   12   2   10   -0.0089586934
3   12   3   12   0.3154723663
3   12   4   7   -0.0054192437
3   12   4   8   -0.0109703697
3   12   6   9   0.0094369887
4   7   1   10   0.0071440892
4   7   3   11   -0.0109703697
4   7   3   12   -0.0054192437
4   7   4   7   0.3845330154
4   7   5   9   -0.0089586934
4   7   6   9   -0.0044254974
4   8   2   10   0.0071440892
4   8   3   11   0.0054192437
4   8   3   12   -0.0109703697
4   8   4   8   0.3845330154
4   8   5   9   0.0044254974
4   8   6   9   -0.0089586934
4   9   1   11   -0.0026376806
4   9   1   12   -0.0013029856
4   9   2   11   0.0013029856
4   9   2   12   -0.0026376806
4   9   3   10   0.0864959512
4   9   4   9   0.3371927337
4   9   5   7   -0.0089586934
4   9   5   8   0.0044254974
4   9   6   7   -0.0044254974
4   9   6   8   -0.0089586934
4   10   1   7   0.0071440892
4   10   2   8   0.0071440892
4   10   3   9   0.0864959512
4   10   4   10   0.3712035325
4   10   5   11   0.0183986312
4   10   6   12   0.0183986312
4   11   1   9   -0.0026376806
4   11   2   9   0.0013029856
4   11   3   7   -0.0109703697
4   11   3   8   0.0054192437
4   11   4   11   0.3682203095
4   11   5   10   0.0183986312
4   12   1   9   -0.0013029856
4   12   2   9   -0.0026376806
4   12   3   7   -0.0054192437
4   12   3   8   -0.0109703697
4   12   4   12   0.3682203095
4   12   6   10   0.0183986312
5   7   1   11   0.0372833140
5   7   1   12   0.0151987799
5   7   2   11   -0.0151987799
5   7   2   12   -0.0009921547
5   7   3   10   -0.0026376806
5   7   4   9   -0.0089586934
5   7   5   7   0.4261664866
5   7   5   8   -0.0107938448
5   7   6   7   0.0107938448
5   7   6   8   0.0082591628
5   8   1   11   -0.0151987799
5   8   1   12   0.0242515585
5   8   2   11   0.0140239102
5   8   2   12   -0.0151987799
5   8   3   10   0.0013029856
5   8   4   9   0.0044254974
5   8   5   7   -0.0107938448
5   8   5   8   0.4096481610
5   8   6   7   0.0082591628
5   8   6   8   -0.0107938448
5   9   1   10   -0.0109703697
5   9   2   10   0.0054192437
5   9   3   11   0.0094369887
5   9   4   7   -0.0089586934
5   9   4   8   0.0044254974
5   9   5   9   0.3154723663
5   10   1   9   -0.0109703697
5   10   2   9   0.0054192437
5   10   3   7   -0.0026376806
5   10   3   8   0.0013029856
5   10   4   11   0.0183986312
5   10   5   10   0.3682203095
5   11   1   7   0.0372833140
5   11   1   8   -0.0151987799
5   11   2   7   -0.0151987799
5   11   2   8   0.0140239102
5   11   3   9   0.0094369887
5   11   4   10   0.0183986312
5   11   5   11   0.4210513170
5   11   6   12   0.0164262267
5   12   1   7   0.0151987799
5   12   1   8   0.0242515585
5   12   2   7   -0.0009921547
5   12   2   8   -0.0151987799
5   12   5   12   0.3881988635
5   12   6   11   0.0164262267
6   7   1   11   0.0151987799
6   7   1   12   0.0140239102
6   7   2   11   0.0242515585
6   7   2   12   0.0151987799
6   7   3   10   -0.0013029856
6   7   4   9   -0.0044254974
6   7   5   7   0.0107938448
6   7   5   8   0.0082591628
6   7   6   7   0.4096481610
6   7   6   8   0.0107938448
6   8   1   11   -0.0009921547
6   8   1   12   0.0151987799
6   8   2   11   -0.0151987799
6   8   2   12   0.0372833140
6   8   3   10   -0.0026376806
6   8   4   9   -0.0089586934
6   8   5   7   0.0082591628
6   8   5   8   -0.0107938448
6   8   6   7   0.0107938448
6   8   6   8   0.4261664866
6   9   1   10   -0.0054192437
6   9   2   10   -0.0109703697
6   9   3   12   0.0094369887
6   9   4   7   -0.0044254974
6   9   4   8   -0.0089586934
6   9   6   9   0.3154723663
6   10   1   9   -0.0054192437
6   10   2   9   -0.0109703697
6   10   3   7   -0.0013029856
6   10   3   8   -0.0026376806
6   10   4   12   0.0183986312
6   10   6   10   0.3682203095
6   11   1   7   0.0151987799
6   11   1   8   -0.0009921547
6   11   2   7   0.0242515585
6   11   2   8   -0.0151987799
6   11   5   12   0.0164262267
6   11   6   11   0.3881988635
6   12   1   7   0.0140239102
6   12   1   8   0.0151987799
6   12   2   7   0.0151987799
6   12   2   8   0.0372833140
6   12   3   9   0.0094369887
6   12   4   10   0.0183986312
6   12   5   11   0.0164262267
6   12   6   12   0.4210513170

End ABCD Block
Begin AIJB Block
1   8   1   7   0.0114457042
1   8   2   11   0.0128909917
1   8   2   12   0.0063680101
1   8   3   7   0.0094191577
1   8   4   11   -0.0126041309
1   8   4   12   -0.0062263040
1   8   5   7   -0.0063105968
1   8   6   9   -0.0002964578
1   8   7   9   -0.0017439211
1   9   1   11   0.0124696549
1   9   1   12   0.0061598743
1   9   2   7   0.0118202340
1   9   3   11   0.0094642798
1   9   3   12   0.0046752516
1   9   4   7   -0.0131020317
1   9   5   11   -0.0055464032
1   9   5   12   -0.0027398631
1   9   6   10   0.0006616556
1   9   7   10   0.0038922068
1   10   1   7   0.0094191577
1   10   2   11   0.0079280949
1   10   2   12   0.0039163929
1   10   3   7   0.0316309491
1   10   4   11   -0.0147988884
1   10   4   12   -0.0073104904
1   10   5   7   -0.0204728159
1   10   6   9   0.0074343097
1   10   7   9   0.0437325288
1   11   1   11   -0.0054049524
1   11   1   12   -0.0026699879
1   11   2   7   -0.0131020317
1   11   3   11   -0.0079794592
1   11   3   12   -0.0039417663
1   11   4   7   0.0690198716
1   11   5   11   0.0022972624
1   11   5   12   0.0011348227
1   11   6   10   -0.0004041409
1   11   7   10   -0.0023773700
1   12   1   7   -0.0063105968
1   12   2   11   -0.0002270590
1   12   2   12   -0.0001121647
1   12   3   7   -0.0204728159
1   12   4   11   -0.0065203808
1   12   4   12   -0.0032209974
1   12   5   7   0.0358806400
1   12   6   9   0.0016188004
1   12   7   9   0.0095226371
1   13   1   9   0.0010715565
1   13   2   10   0.0003752279
1   13   3   9   0.0032508968
1   13   4   10   -0.0031464770
1   13   5   9   -0.0015365367
1   13   6   7   0.0179379436
1   13   6   8   0.0184936581
1   13   7   7   0.0184936581
1   13   7   8   0.0941064481
1   14   1   9   0.0063034601
1   14   2   10   0.0022072882
1   14   3   9   0.0191234890
1   14   4   10   -0.0185092363
1   14   5   9   -0.0090387189
1   14   6   7   0.0184936581
1   14   6   8   0.0115391692
1   14   7   7   0.1235835609
1   14   7   8   -0.0184936581
2   8   1   8   0.0114457042
2   8   2   11   -0.0063680101
2   8   2   12   0.0128909917
2   8   3   8   0.0094191577
2   8   4   11   0.0062263040
2   8   4   12   -0.0126041309
2   8   5   8   -0.0063105968
2   8   6   9   -0.0017439211
2   8   7   9   0.0002964578
2   9   1   11   -0.0061598743
2   9   1   12   0.0124696549
2   9   2   8   0.0118202340
2   9   3   11   -0.0046752516
2   9   3   12   0.0094642798
2   9   4   8   -0.0131020317
2   9   5   11   0.0027398631
2   9   5   12   -0.0055464032
2   9   6   10   0.0038922068
2   9   7   10   -0.0006616556
2   10   1   8   0.0094191577
2   10   2   11   -0.0039163929
2   10   2   12   0.0079280949
2   10   3   8   0.0316309491
2   10   4   11   0.0073104904
2   10   4   12   -0.0147988884
2   10   5   8   -0.0204728159
2   10   6   9   0.0437325288
2   10   7   9   -0.0074343097
2   11   1   11   0.0026699879
2   11   1   12   -0.0054049524
2   11   2   8   -0.0131020317
2   11   3   11   0.0039417663
2   11   3   12   -0.0079794592
2   11   4   8   0.0690198716
2   11   5   11   -0.0011348227
2   11   5   12   0.0022972624
2   11   6   10   -0.0023773700
2   11   7   10   0.0004041409
2   12   1   8   -0.0063105968
2   12   2   11   0.0001121647
2   12   2   12   -0.0002270590
2   12   3   8   -0.0204728159
2   12   4   11   0.0032209974
2   12   4   12   -0.0065203808
2   12   5   8   0.0358806400
2   12   6   9   0.0095226371
2   12   7   9   -0.0016188004
2   13   1   9   0.0063034601
2   13   2   10   0.0022072882
2   13   3   9   0.0191234890
2   13   4   10   -0.0185092363
2   13   5   9   -0.0090387189
2   13   6   7   0.0184936581
2   13   6   8   0.1235835609
2   13   7   7   0.0115391692
2   13   7   8   -0.0184936581
2   14   1   9   -0.0010715565
2   14   2   10   -0.0003752279
2   14   3   9   -0.0032508968
2   14   4   10   0.0031464770
2   14   5   9   0.0015365367
2   14   6   7   0.0941064481
2   14   6   8   -0.0184936581
2   14   7   7   -0.0184936581
2   14   7   8   0.0179379436
3   8   1   9   0.0112791895
3   8   2   10   -0.0026820326
3   8   3   9   -0.0022426688
3   8   4   10   0.0004698343
3   8   5   9   0.0007044111
3   8   6   7   0.0010715565
3   8   6   8   0.0063034601
3   8   7   7   0.0063034601
3   8   7   8   -0.0010715565
3   9   1   10   -0.0026389484
3   9   2   9   0.0113068615
3   9   3   10   -0.0008188907
3   9   4   9   0.0021161656
3   9   5   10   -0.0018729302
3   9   6   11   -0.0020541894
3   9   6   12   0.0068726275
3   9   7   11   0.0068726275
3   9   7   12   0.0020541894
3   10   1   9   -0.0022426688
3   10   2   10   0.0007919373
3   10   3   9   0.0252262021
3   10   4   10   0.0055569388
3   10   5   9   -0.0008245026
3   10   6   7   0.0032508968
3   10   6   8   0.0191234890
3   10   7   7   0.0191234890
3   10   7   8   -0.0032508968
3   11   1   10   0.0006721808
3   11   2   9   0.0021161656
3   11   3   10   -0.0062080396
3   11   4   9   0.0347752465
3   11   5   10   0.0176866299
3   11   6   11   0.0023865261
3   11   6   12   -0.0079845141
3   11   7   11   -0.0079845141
3   11   7   12   -0.0023865261
3   12   1   9   0.0007044111
3   12   2   10   0.0015467300
3   12   3   9   -0.0008245026
3   12   4   10   0.0342323301
3   12   5   9   0.0235842105
3   12   6   7   -0.0015365367
3   12   6   8   -0.0090387189
3   12   7   7   -0.0090387189
3   12   7   8   0.0015365367
3   13   1   7   -0.0002964578
3   13   1   8   -0.0017439211
3   13   2   11   0.0006642613
3   13   2   12   -0.0022223950
3   13   3   7   0.0074343097
3   13   3   8   0.0437325288
3   13   4   11   0.0092488339
3   13   4   12   -0.0309434898
3   13   5   7   0.0016188004
3   13   5   8   0.0095226371
3   13   6   9   0.0142061425
3   14   1   7   -0.0017439211
3   14   1   8   0.0002964578
3   14   2   11   -0.0022223950
3   14   2   12   -0.0006642613
3   14   3   7   0.0437325288
3   14   3   8   -0.0074343097
3   14   4   11   -0.0309434898
3   14   4   12   -0.0092488339
3   14   5   7   0.0095226371
3   14   5   8   -0.0016188004
3   14   7   9   0.0142061425
4   8   1   10   0.0086470309
4   8   2   9   -0.0026389484
4   8   3   10   0.0068113135
4   8   4   9   0.0006721808
4   8   5   10   0.0038198292
4   8   6   11   -0.0006133561
4   8   6   12   0.0020520834
4   8   7   11   0.0020520834
4   8   7   12   0.0006133561
4   9   1   9   -0.0026820326
4   9   2   10   0.0080838163
4   9   3   9   0.0007919373
4   9   4   10   -0.0015224518
4   9   5   9   0.0015467300
4   9   6   7   0.0003752279
4   9   6   8   0.0022072882
4   9   7   7   0.0022072882
4   9   7   8   -0.0003752279
4   10   1   10   0.0068113135
4   10   2   9   -0.0008188907
4   10   3   10   0.0389566244
4   10   4   9   -0.0062080396
4   10   5   10   0.0226672481
4   10   6   11   0.0005713370
4   10   6   12   -0.0019115015
4   10   7   11   -0.0019115015
4   10   7   12   -0.0005713370
4   11   1   9   0.0004698343
4   11   2   10   -0.0015224518
4   11   3   9   0.0055569388
4   11   4   10   0.0156618195
4   11   5   9   0.0342323301
4   11   6   7   -0.0031464770
4   11   6   8   -0.0185092363
4   11   7   7   -0.0185092363
4   11   7   8   0.0031464770
4   12   1   10   0.0038198292
4   12   2   9   -0.0018729302
4   12   3   10   0.0226672481
4   12   4   9   0.0176866299
4   12   5   10   0.0456783533
4   12   6   11   -0.0006272996
4   12   6   12   0.0020987336
4   12   7   11   0.0020987336
4   12   7   12   0.0006272996
4   13   1   11   0.0008301340
4   13   1   12   -0.0027773494
4   13   2   7   0.0006616556
4   13   2   8   0.0038922068
4   13   3   11   0.0089056225
4   13   3   12   -0.0297952196
4   13   4   7   -0.0004041409
4   13   4   8   -0.0023773700
4   13   5   11   0.0110414714
4   13   5   12   -0.0369410523
4   13   6   10   0.0193716531
4   14   1   11   -0.0027773494
4   14   1   12   -0.0008301340
4   14   2   7   0.0038922068
4   14   2   8   -0.0006616556
4   14   3   11   -0.0297952196
4   14   3   12   -0.0089056225
4   14   4   7   -0.0023773700
4   14   4   8   0.0004041409
4   14   5   11   -0.0369410523
4   14   5   12   -0.0110414714
4   14   7   10   0.0193716531
5   8   1   11   0.0176089602
5   8   2   7   0.0124696549
5   8   2   8   -0.0061598743
5   8   3   11   0.0104951735
5   8   4   7   -0.0054049524
5   8   4   8   0.0026699879
5   8   5   11   0.0001453647
5   8   6   10   0.0008301340
5   8   7   10   -0.0027773494
5   9   1   7   0.0128909917
5   9   1   8   -0.0063680101
5   9   2   11   0.0170191122
5   9   3   7   0.0079280949
5   9   3   8   -0.0039163929
5   9   4   11   -0.0067088085
5   9   5   7   -0.0002270590
5   9   5   8   0.0001121647
5   9   6   9   0.0006642613
5   9   7   9   -0.0022223950
5   10   1   11   0.0104951735
5   10   2   7   0.0094642798
5   10   2   8   -0.0046752516
5   10   3   11   0.0277361217
5   10   4   7   -0.0079794592
5   10   4   8   0.0039417663
5   10   5   11   0.0035166396
5   10   6   10   0.0089056225
5   10   7   10   -0.0297952196
5   11   1   7   -0.0126041309
5   11   1   8   0.0062263040
5   11   2   11   -0.0067088085
5   11   3   7   -0.0147988884
5   11   3   8   0.0073104904
5   11   4   11   0.0123096359
5   11   5   7   -0.0065203808
5   11   5   8   0.0032209974
5   11   6   9   0.0092488339
5   11   7   9   -0.0309434898
5   12   1   11   0.0001453647
5   12   2   7   -0.0055464032
5   12   2   8   0.0027398631
5   12   3   11   0.0035166396
5   12   4   7   0.0022972624
5   12   4   8   -0.0011348227
5   12   5   11   0.0122042056
5   12   6   10   0.0110414714
5   12   7   10   -0.0369410523
5   13   1   10   -0.0006133561
5   13   2   9   -0.0020541894
5   13   3   10   0.0005713370
5   13   4   9   0.0023865261
5   13   5   10   -0.0006272996
5   13   6   11   0.0136752748
5   13   6   12   -0.0182121973
5   13   7   11   -0.0182121973
5   13   7   12   0.0527002329
5   14   1   10   0.0020520834
5   14   2   9   0.0068726275
5   14   3   10   -0.0019115015
5   14   4   9   -0.0079845141
5   14   5   10   0.0020987336
5   14   6   11   -0.0182121973
5   14   6   12   0.0027881352
5   14   7   11   0.0691636430
5   14   7   12   0.0182121973
6   8   1   12   0.0176089602
6   8   2   7   0.0061598743
6   8   2   8   0.0124696549
6   8   3   12   0.0104951735
6   8   4   7   -0.0026699879
6   8   4   8   -0.0054049524
6   8   5   12   0.0001453647
6   8   6   10   -0.0027773494
6   8   7   10   -0.0008301340
6   9   1   7   0.0063680101
6   9   1   8   0.0128909917
6   9   2   12   0.0170191122
6   9   3   7   0.0039163929
6   9   3   8   0.0079280949
6   9   4   12   -0.0067088085
6   9   5   7   -0.0001121647
6   9   5   8   -0.0002270590
6   9   6   9   -0.0022223950
6   9   7   9   -0.0006642613
6   10   1   12   0.0104951735
6   10   2   7   0.0046752516
6   10   2   8   0.0094642798
6   10   3   12   0.0277361217
6   10   4   7   -0.0039417663
6   10   4   8   -0.0079794592
6   10   5   12   0.0035166396
6   10   6   10   -0.0297952196
6   10   7   10   -0.0089056225
6   11   1   7   -0.0062263040
6   11   1   8   -0.0126041309
6   11   2   12   -0.0067088085
6   11   3   7   -0.0073104904
6   11   3   8   -0.0147988884
6   11   4   12   0.0123096359
6   11   5   7   -0.0032209974
6   11   5   8   -0.0065203808
6   11   6   9   -0.0309434898
6   11   7   9   -0.0092488339
6   12   1   12   0.0001453647
6   12   2   7   -0.0027398631
6   12   2   8   -0.0055464032
6   12   3   12   0.0035166396
6   12   4   7   0.0011348227
6   12   4   8   0.0022972624
6   12   5   12   0.0122042056
6   12   6   10   -0.0369410523
6   12   7   10   -0.0110414714
6   13   1   10   0.0020520834
6   13   2   9   0.0068726275
6   13   3   10   -0.0019115015
6   13   4   9   -0.0079845141
6   13   5   10   0.0020987336
6   13   6   11   -0.0182121973
6   13   6   12   0.0691636430
6   13   7   11   0.0027881352
6   13   7   12   0.0182121973
6   14   1   10   0.0006133561
6   14   2   9   0.0020541894
6   14   3   10   -0.0005713370
6   14   4   9   -0.0023865261
6   14   5   10   0.0006272996
6   14   6   11   0.0527002329
6   14   6   12   0.0182121973
6   14   7   11   0.0182121973
6   14   7   12   0.0136752748

1   8   8   1   -0.6161509656
1   8   8   5   0.0000000000
1   8   8   6   0.0000000000
1   8   9   5   -0.1264113635
1   8   9   6   -0.0624458428
1   8   10   1   0.0043033157
1   8   11   5   -0.0043019473
1   8   11   6   -0.0021251153
1   8   12   1   -0.0023605755
1   8   13   3   -0.0012539086
1   8   14   3   -0.0073761513
1   9   8   5   -0.1264096047
1   9   8   6   -0.0624449740
1   9   9   1   -0.6161783771
1   9   9   5   -0.0000000000
1   9   9   6   -0.0000000000
1   9   10   5   0.0054159370
1   9   10   6   0.0026754142
1   9   11   1   -0.0045827572
1   9   12   5   -0.0013048347
1   9   12   6   -0.0006445742
1   9   13   4   -0.0001528512
1   9   14   4   -0.0008991512
1   10   8   1   0.0043033157
1   10   9   5   0.0054889901
1   10   9   6   0.0027115016
1   10   10   1   -0.5321637967
1   10   11   5   0.0211037389
1   10   11   6   0.0104250182
1   10   12   1   -0.0279261940
1   10   13   3   -0.0054627898
1   10   14   3   -0.0321350092
1   11   8   5   -0.0042591706
1   11   8   6   -0.0021039841
1   11   9   1   -0.0045827572
1   11   10   5   0.0207881095
1   11   10   6   0.0102691007
1   11   11   1   -0.4804529076
1   11   12   5   -0.0215245167
1   11   12   6   -0.0106328778
1   11   13   4   0.0008762957
1   11   14   4   0.0051548335
1   12   8   1   -0.0023605755
1   12   9   5   -0.0012411640
1   12   9   6   -0.0006131215
1   12   10   1   -0.0279261940
1   12   11   5   -0.0218033789
1   12   11   6   -0.0107706327
1   12   12   1   -0.4841745056
1   12   13   3   0.0009159679
1   12   14   3   0.0053882059
1   13   8   3   -0.0012314381
1   13   9   4   -0.0001605441
1   13   10   3   -0.0054889607
1   13   11   4   0.0008425731
1   13   12   3   0.0008486626
1   13   13   1   -0.4758053206
1   13   13   2   -0.0060531443
1   13   14   1   -0.0060531443
1   13   14   2   -0.0162168388
1   14   8   3   -0.0072439683
1   14   9   4   -0.0009444052
1   14   10   3   -0.0322889605
1   14   11   4   0.0049564592
1   14   12   3   0.0049922806
1   14   13   1   -0.0060531443
1   14   13   2   -0.0183619430
1   14   14   1   -0.5103841024
1   14   14   2   0.0060531443
2   8   8   2   -0.6161509656
2   8   8   5   -0.0000000000
2   8   8   6   0.0000000000
2   8   9   5   0.0624458428
2   8   9   6   -0.1264113635
2   8   10   2   0.0043033157
2   8   11   5   0.0021251153
2   8   11   6   -0.0043019473
2   8   12   2   -0.0023605755
2   8   13   3   -0.0073761513
2   8   14   3   0.0012539086
2   9   8   5   0.0624449740
2   9   8   6   -0.1264096047
2   9   9   2   -0.6161783771
2   9   9   5   0.0000000000
2   9   9   6   -0.0000000000
2   9   10   5   -0.0026754142
2   9   10   6   0.0054159370
2   9   11   2   -0.0045827572
2   9   12   5   0.0006445742
2   9   12   6   -0.0013048347
2   9   13   4   -0.0008991512
2   9   14   4   0.0001528512
2   10   8   2   0.0043033157
2   10   9   5   -0.0027115016
2   10   9   6   0.0054889901
2   10   10   2   -0.5321637967
2   10   11   5   -0.0104250182
2   10   11   6   0.0211037389
2   10   12   2   -0.0279261940
2   10   13   3   -0.0321350092
2   10   14   3   0.0054627898
2   11   8   5   0.0021039841
2   11   8   6   -0.0042591706
2   11   9   2   -0.0045827572
2   11   10   5   -0.0102691007
2   11   10   6   0.0207881095
2   11   11   2   -0.4804529076
2   11   12   5   0.0106328778
2   11   12   6   -0.0215245167
2   11   13   4   0.0051548335
2   11   14   4   -0.0008762957
2   12   8   2   -0.0023605755
2   12   9   5   0.0006131215
2   12   9   6   -0.0012411640
2   12   10   2   -0.0279261940
2   12   11   5   0.0107706327
2   12   11   6   -0.0218033789
2   12   12   2   -0.4841745056
2   12   13   3   0.0053882059
2   12   14   3   -0.0009159679
2   13   8   3   -0.0072439683
2   13   9   4   -0.0009444052
2   13   10   3   -0.0322889605
2   13   11   4   0.0049564592
2   13   12   3   0.0049922806
2   13   13   1   -0.0060531443
2   13   13   2   -0.5103841024
2   13   14   1   -0.0183619430
2   13   14   2   0.0060531443
2   14   8   3   0.0012314381
2   14   9   4   0.0001605441
2   14   10   3   0.0054889607
2   14   11   4   -0.0008425731
2   14   12   3   -0.0008486626
2   14   13   1   -0.0162168388
2   14   13   2   0.0060531443
2   14   14   1   0.0060531443
2   14   14   2   -0.4758053206
3   8   8   3   -0.4125755585
3   8   8   4   0.0000000000
3   8   9   4   -0.0467200615
3   8   10   3   0.0027797555
3   8   11   4   0.0036577886
3   8   12   3   -0.0015758985
3   8   13   1   -0.0012314381
3   8   13   2   -0.0072439683
3   8   14   1   -0.0072439683
3   8   14   2   0.0012314381
3   9   8   4   -0.0467195627
3   9   9   3   -0.4125819803
3   9   9   4   -0.0000000000
3   9   10   4   0.0029014375
3   9   11   3   -0.0030636925
3   9   12   4   0.0067145467
3   9   13   5   0.0015408349
3   9   13   6   -0.0051551158
3   9   14   5   -0.0051551158
3   9   14   6   -0.0015408349
3   10   8   3   0.0027797555
3   10   9   4   0.0028274011
3   10   10   3   -0.3717254891
3   10   11   4   0.0351016467
3   10   12   3   -0.0089753831
3   10   13   1   -0.0054889607
3   10   13   2   -0.0322889605
3   10   14   1   -0.0322889605
3   10   14   2   0.0054889607
3   11   8   4   0.0036683009
3   11   9   3   -0.0030636925
3   11   10   4   0.0351823337
3   11   11   3   -0.3672177917
3   11   12   4   -0.0883489545
3   11   13   5   -0.0040844984
3   11   13   6   0.0136653587
3   11   14   5   0.0136653587
3   11   14   6   0.0040844984
3   12   8   3   -0.0015758985
3   12   9   4   0.0066502153
3   12   10   3   -0.0089753831
3   12   11   4   -0.0883530478
3   12   12   3   -0.3739232189
3   12   13   1   0.0008486626
3   12   13   2   0.0049922806
3   12   14   1   0.0049922806
3   12   14   2   -0.0008486626
3   13   8   1   -0.0012539086
3   13   8   2   -0.0073761513
3   13   9   5   0.0015115408
3   13   9   6   -0.0050571076
3   13   10   1   -0.0054627898
3   13   10   2   -0.0321350092
3   13   11   5   -0.0040701919
3   13   11   6   0.0136174942
3   13   12   1   0.0009159679
3   13   12   2   0.0053882059
3   13   13   3   -0.3505611025
3   14   8   1   -0.0073761513
3   14   8   2   0.0012539086
3   14   9   5   -0.0050571076
3   14   9   6   -0.0015115408
3   14   10   1   -0.0321350092
3   14   10   2   0.0054627898
3   14   11   5   0.0136174942
3   14   11   6   0.0040701919
3   14   12   1   0.0053882059
3   14   12   2   -0.0009159679
3   14   14   3   -0.3505611025
4   8   8   3   0.0000000000
4   8   8   4   -0.4924253604
4   8   9   3   -0.0467195627
4   8   10   4   -0.0003868326
4   8   11   3   0.0036683009
4   8   12   4   -0.0075086805
4   8   13   5   -0.0007125538
4   8   13   6   0.0023839656
4   8   14   5   0.0023839656
4   8   14   6   0.0007125538
4   9   8   3   -0.0467200615
4   9   9   3   -0.0000000000
4   9   9   4   -0.4924299546
4   9   10   3   0.0028274011
4   9   11   4   -0.0058513594
4   9   12   3   0.0066502153
4   9   13   1   -0.0001605441
4   9   13   2   -0.0009444052
4   9   14   1   -0.0009444052
4   9   14   2   0.0001605441
4   10   8   4   -0.0003868326
4   10   9   3   0.0029014375
4   10   10   4   -0.4689121417
4   10   11   3   0.0351823337
4   10   12   4   -0.0378774575
4   10   13   5   -0.0071061401
4   10   13   6   0.0237747564
4   10   14   5   0.0237747564
4   10   14   6   0.0071061401
4   11   8   3   0.0036577886
4   11   9   4   -0.0058513594
4   11   10   3   0.0351016467
4   11   11   4   -0.3963470706
4   11   12   3   -0.0883530478
4   11   13   1   0.0008425731
4   11   13   2   0.0049564592
4   11   14   1   0.0049564592
4   11   14   2   -0.0008425731
4   12   8   4   -0.0075086805
4   12   9   3   0.0067145467
4   12   10   4   -0.0378774575
4   12   11   3   -0.0883489545
4   12   12   4   -0.4119398770
4   12   13   5   -0.0003479857
4   12   13   6   0.0011642431
4   12   14   5   0.0011642431
4   12   14   6   0.0003479857
4   13   8   5   -0.0007301644
4   13   8   6   0.0024428846
4   13   9   1   -0.0001528512
4   13   9   2   -0.0008991512
4   13   10   5   -0.0070491260
4   13   10   6   0.0235840063
4   13   11   1   0.0008762957
4   13   11   2   0.0051548335
4   13   12   5   -0.0003598167
4   13   12   6   0.0012038257
4   13   13   4   -0.4163281779
4   14   8   5   0.0024428846
4   14   8   6   0.0007301644
4   14   9   1   -0.0008991512
4   14   9   2   0.0001528512
4   14   10   5   0.0235840063
4   14   10   6   0.0070491260
4   14   11   1   0.0051548335
4   14   11   2   -0.0008762957
4   14   12   5   0.0012038257
4   14   12   6   0.0003598167
4   14   14   4   -0.4163281779
5   8   8   1   0.0000000000
5   8   8   2   -0.0000000000
5   8   8   5   -0.5886056535
5   8   9   1   -0.1264096047
5   8   9   2   0.0624449740
5   8   10   5   0.0034617476
5   8   11   1   -0.0042591706
5   8   11   2   0.0021039841
5   8   12   5   -0.0084569954
5   8   13   4   -0.0007301644
5   8   14   4   0.0024428846
5   9   8   1   -0.1264113635
5   9   8   2   0.0624458428
5   9   9   1   -0.0000000000
5   9   9   2   0.0000000000
5   9   9   5   -0.5886350547
5   9   10   1   0.0054889901
5   9   10   2   -0.0027115016
5   9   11   5   -0.0089413716
5   9   12   1   -0.0012411640
5   9   12   2   0.0006131215
5   9   13   3   0.0015115408
5   9   14   3   -0.0050571076
5   10   8   5   0.0034617476
5   10   9   1   0.0054159370
5   10   9   2   -0.0026754142
5   10   10   5   -0.5106058724
5   10   11   1   0.0207881095
5   10   11   2   -0.0102691007
5   10   12   5   -0.0416317585
5   10   13   4   -0.0070491260
5   10   14   4   0.0235840063
5   11   8   1   -0.0043019473
5   11   8   2   0.0021251153
5   11   9   5   -0.0089413716
5   11   10   1   0.0211037389
5   11   10   2   -0.0104250182
5   11   11   5   -0.4193092624
5   11   12   1   -0.0218033789
5   11   12   2   0.0107706327
5   11   13   3   -0.0040701919
5   11   14   3   0.0136174942
5   12   8   5   -0.0084569954
5   12   9   1   -0.0013048347
5   12   9   2   0.0006445742
5   12   10   5   -0.0416317585
5   12   11   1   -0.0215245167
5   12   11   2   0.0106328778
5   12   12   5   -0.4279003336
5   12   13   4   -0.0003598167
5   12   14   4   0.0012038257
5   13   8   4   -0.0007125538
5   13   9   3   0.0015408349
5   13   10   4   -0.0071061401
5   13   11   3   -0.0040844984
5   13   12   4   -0.0003479857
5   13   13   5   -0.4444859624
5   13   13   6   0.0085949525
5   13   14   5   0.0085949525
5   13   14   6   -0.0130069221
5   14   8   4   0.0023839656
5   14   9   3   -0.0051551158
5   14   10   4   0.0237747564
5   14   11   3   0.0136653587
5   14   12   4   0.0011642431
5   14   13   5   0.0085949525
5   14   13   6   -0.0131799174
5   14   14   5   -0.4706728019
5   14   14   6   -0.0085949525
6   8   8   1   0.0000000000
6   8   8   2   0.0000000000
6   8   8   6   -0.5886056535
6   8   9   1   -0.0624449740
6   8   9   2   -0.1264096047
6   8   10   6   0.0034617476
6   8   11   1   -0.0021039841
6   8   11   2   -0.0042591706
6   8   12   6   -0.0084569954
6   8   13   4   0.0024428846
6   8   14   4   0.0007301644
6   9   8   1   -0.0624458428
6   9   8   2   -0.1264113635
6   9   9   1   -0.0000000000
6   9   9   2   -0.0000000000
6   9   9   6   -0.5886350547
6   9   10   1   0.0027115016
6   9   10   2   0.0054889901
6   9   11   6   -0.0089413716
6   9   12   1   -0.0006131215
6   9   12   2   -0.0012411640
6   9   13   3   -0.0050571076
6   9   14   3   -0.0015115408
6   10   8   6   0.0034617476
6   10   9   1   0.0026754142
6   10   9   2   0.0054159370
6   10   10   6   -0.5106058724
6   10   11   1   0.0102691007
6   10   11   2   0.0207881095
6   10   12   6   -0.0416317585
6   10   13   4   0.0235840063
6   10   14   4   0.0070491260
6   11   8   1   -0.0021251153
6   11   8   2   -0.0043019473
6   11   9   6   -0.0089413716
6   11   10   1   0.0104250182
6   11   10   2   0.0211037389
6   11   11   6   -0.4193092624
6   11   12   1   -0.0107706327
6   11   12   2   -0.0218033789
6   11   13   3   0.0136174942
6   11   14   3   0.0040701919
6   12   8   6   -0.0084569954
6   12   9   1   -0.0006445742
6   12   9   2   -0.0013048347
6   12   10   6   -0.0416317585
6   12   11   1   -0.0106328778
6   12   11   2   -0.0215245167
6   12   12   6   -0.4279003336
6   12   13   4   0.0012038257
6   12   14   4   0.0003598167
6   13   8   4   0.0023839656
6   13   9   3   -0.0051551158
6   13   10   4   0.0237747564
6   13   11   3   0.0136653587
6   13   12   4   0.0011642431
6   13   13   5   0.0085949525
6   13   13   6   -0.4706728019
6   13   14   5   -0.0131799174
6   13   14   6   -0.0085949525
6   14   8   4   0.0007125538
6   14   9   3   -0.0015408349
6   14   10   4   0.0071061401
6   14   11   3   0.0040844984
6   14   12   4   0.0003479857
6   14   13   5   -0.0130069221
6   14   13   6   -0.0085949525
6   14   14   5   -0.0085949525
6   14   14   6   -0.4444859624

End AIJB Block
Begin IJKA Block
1   8   1   9   0.0000000000
1   8   1   10   0.0115058956
1   8   2   9   -0.1165703196
1   8   3   10   -0.0086076982
1   8   4   9   -0.0163493932
1   8   5   10   -0.0103625319
1   8   6   11   -0.0042606991
1   8   6   12   0.0142548673
1   8   7   11   0.0142548673
1   8   7   12   0.0042606991
1   9   1   9   -0.1159520608
1   9   2   9   -0.0000000000
1   9   2   10   0.0226604948
1   9   3   9   0.0200299797
1   9   4   10   -0.0024598791
1   9   5   9   -0.0044015406
1   9   6   7   0.0020476140
1   9   6   8   0.0120451448
1   9   7   7   0.0120451448
1   9   7   8   -0.0020476140
1   10   1   9   -0.0000000000
1   10   1   10   -0.1019666340
1   10   2   9   0.1126130376
1   10   3   10   -0.0027387827
1   10   4   9   0.0048515862
1   10   5   10   -0.0108524858
1   10   6   11   -0.0027745744
1   10   6   12   0.0092827933
1   10   7   11   0.0092827933
1   10   7   12   0.0027745744
1   11   1   9   -0.1364359704
1   11   2   10   -0.0230526717
1   11   3   9   0.0034897599
1   11   4   10   -0.0000124098
1   11   5   9   -0.0030104052
1   11   6   7   -0.0022807372
1   11   6   8   -0.0134164988
1   11   7   7   -0.0134164988
1   11   7   8   0.0022807372
1   12   1   10   -0.1597577073
1   12   2   9   0.0016907192
1   12   3   10   0.0004411232
1   12   4   9   0.0001721981
1   12   5   10   -0.0074435874
1   12   6   11   -0.0000698447
1   12   6   12   0.0002336767
1   12   7   11   0.0002336767
1   12   7   12   0.0000698447
1   13   1   8   -0.0000000000
1   13   1   11   -0.0655537303
1   13   1   12   0.2193207486
1   13   2   7   0.0330679460
1   13   2   8   0.1945230907
1   13   3   11   0.0007986010
1   13   3   12   -0.0026718504
1   13   4   7   -0.0000456110
1   13   4   8   -0.0002683080
1   13   5   11   -0.0020766888
1   13   5   12   0.0069479029
1   13   6   10   0.0022602609
1   14   1   7   -0.0000000000
1   14   1   11   0.2193207486
1   14   1   12   0.0655537303
1   14   2   7   0.1945230907
1   14   2   8   -0.0330679460
1   14   3   11   -0.0026718504
1   14   3   12   -0.0007986010
1   14   4   7   -0.0002683080
1   14   4   8   0.0000456110
1   14   5   11   0.0069479029
1   14   5   12   0.0020766888
1   14   7   10   0.0022602609
2   8   1   9   -0.1165883166
2   8   2   9   -0.0000000000
2   8   2   10   0.0114680476
2   8   3   9   0.0199544124
2   8   4   10   -0.0028435707
2   8   5   9   -0.0044523219
2   8   6   7   0.0019672338
2   8   6   8   0.0115723066
2   8   7   7   0.0115723066
2   8   7   8   -0.0019672338
2   9   1   9   -0.0000000000
2   9   1   10   0.0226584085
2   9   2   9   -0.1160799819
2   9   3   10   -0.0081174385
2   9   4   9   -0.0163509901
2   9   5   10   -0.0095206369
2   9   6   11   -0.0040864578
2   9   6   12   0.0136719143
2   9   7   11   0.0136719143
2   9   7   12   0.0040864578
2   10   1   9   0.1125560773
2   10   2   9   0.0000000000
2   10   2   10   -0.1019858167
2   10   3   9   -0.0039589355
2   10   4   10   -0.0071288103
2   10   5   9   0.0031072386
2   10   6   7   0.0016517063
2   10   6   8   0.0097162075
2   10   7   7   0.0097162075
2   10   7   8   -0.0016517063
2   11   1   10   -0.0230397265
2   11   2   9   -0.1364145533
2   11   3   10   0.0020365167
2   11   4   9   -0.0046959136
2   11   5   10   0.0015011021
2   11   6   11   0.0017278402
2   11   6   12   -0.0057807725
2   11   7   11   -0.0057807725
2   11   7   12   -0.0017278402
2   12   1   9   0.0016823989
2   12   2   10   -0.1597594656
2   12   3   9   0.0021566204
2   12   4   10   -0.0063543417
2   12   5   9   0.0019254999
2   12   6   7   -0.0009899061
2   12   6   8   -0.0058231492
2   12   7   7   -0.0058231492
2   12   7   8   0.0009899061
2   13   1   7   0.0330537609
2   13   1   8   0.1944396469
2   13   2   8   0.0000000000
2   13   2   11   -0.0655630064
2   13   2   12   0.2193517835
2   13   3   7   -0.0010457985
2   13   3   8   -0.0061519380
2   13   4   11   -0.0021667774
2   13   4   12   0.0072493090
2   13   5   7   -0.0007742488
2   13   5   8   -0.0045545397
2   13   6   9   0.0065325321
2   14   1   7   0.1944396469
2   14   1   8   -0.0330537609
2   14   2   7   0.0000000000
2   14   2   11   0.2193517835
2   14   2   12   0.0655630064
2   14   3   7   -0.0061519380
2   14   3   8   0.0010457985
2   14   4   11   0.0072493090
2   14   4   12   0.0021667774
2   14   5   7   -0.0045545397
2   14   5   8   0.0007742488
2   14   7   9   0.0065325321
3   8   1   10   -0.0083902659
3   8   2   9   0.0205189660
3   8   3   10   -0.0183002876
3   8   4   9   0.0034809087
3   8   5   10   -0.0113294906
3   8   6   11   -0.0051589118
3   8   6   12   0.0172599848
3   8   7   11   0.0172599848
3   8   7   12   0.0051589118
3   9   1   9   0.0205870539
3   9   2   10   -0.0079409460
3   9   3   9   -0.0028691654
3   9   4   10   -0.0032294844
3   9   5   9   0.0012064904
3   9   6   7   0.0026376838
3   9   6   8   0.0155162464
3   9   7   7   0.0155162464
3   9   7   8   -0.0026376838
3   10   1   10   -0.0023568662
3   10   2   9   -0.0029879665
3   10   3   10   -0.0862323159
3   10   4   9   -0.0296577700
3   10   5   10   -0.0381951181
3   10   6   11   -0.0105461422
3   10   6   12   0.0352838472
3   10   7   11   0.0352838472
3   10   7   12   0.0105461422
3   11   1   9   0.0034238786
3   11   2   10   0.0017642147
3   11   3   9   -0.0973069680
3   11   4   10   0.0013087308
3   11   5   9   -0.0158182987
3   11   6   7   -0.0100338716
3   11   6   8   -0.0590245225
3   11   7   7   -0.0590245225
3   11   7   8   0.0100338716
3   12   1   10   0.0006999107
3   12   2   9   0.0021256152
3   12   3   10   -0.1251747916
3   12   4   9   -0.0062410282
3   12   5   10   -0.0366830575
3   12   6   11   -0.0048714897
3   12   6   12   0.0162983674
3   12   7   11   0.0162983674
3   12   7   12   0.0048714897
3   13   1   11   0.0008641044
3   13   1   12   -0.0028910028
3   13   2   7   -0.0007882765
3   13   2   8   -0.0046370580
3   13   3   11   -0.0437699831
3   13   3   12   0.1464396521
3   13   4   7   -0.0122217784
3   13   4   8   -0.0718949434
3   13   5   11   -0.0095448551
3   13   5   12   0.0319338770
3   13   6   10   0.0242497264
3   14   1   11   -0.0028910028
3   14   1   12   -0.0008641044
3   14   2   7   -0.0046370580
3   14   2   8   0.0007882765
3   14   3   11   0.1464396521
3   14   3   12   0.0437699831
3   14   4   7   -0.0718949434
3   14   4   8   0.0122217784
3   14   5   11   0.0319338770
3   14   5   12   0.0095448551
3   14   7   10   0.0242497264
4   8   1   9   -0.0166806666
4   8   2   10   -0.0028454310
4   8   3   9   0.0036453698
4   8   4   10   0.0064208977
4   8   5   9   -0.0044957615
4   8   6   7   -0.0018448085
4   8   6   8   -0.0108521364
4   8   7   7   -0.0108521364
4   8   7   8   0.0018448085
4   9   1   10   -0.0024629314
4   9   2   9   -0.0166808365
4   9   3   10   -0.0031124792
4   9   4   9   -0.0055773704
4   9   5   10   0.0122544134
4   9   6   11   0.0032687185
4   9   6   12   -0.0109360336
4   9   7   11   -0.0109360336
4   9   7   12   -0.0032687185
4   10   1   9   0.0047404097
4   10   2   10   -0.0070021466
4   10   3   9   -0.0297710808
4   10   4   10   -0.0224774301
4   10   5   9   0.0343384017
4   10   6   7   -0.0055575589
4   10   6   8   -0.0326924910
4   10   7   7   -0.0326924910
4   10   7   8   0.0055575589
4   11   1   10   0.0000205161
4   11   2   9   -0.0050149317
4   11   3   10   0.0011306114
4   11   4   9   -0.0538256950
4   11   5   10   0.0091937260
4   11   6   11   -0.0022096619
4   11   6   12   0.0073927860
4   11   7   11   0.0073927860
4   11   7   12   0.0022096619
4   12   1   9   -0.0000931932
4   12   2   10   -0.0062525051
4   12   3   9   -0.0064037712
4   12   4   10   -0.0489529292
4   12   5   9   0.0217012644
4   12   6   7   0.0050737367
4   12   6   8   0.0298463940
4   12   7   7   0.0298463940
4   12   7   8   -0.0050737367
4   13   1   7   -0.0000353491
4   13   1   8   -0.0002079418
4   13   2   11   -0.0021733039
4   13   2   12   0.0072711444
4   13   3   7   -0.0121735175
4   13   3   8   -0.0716110477
4   13   4   11   -0.0248660044
4   13   4   12   0.0831932933
4   13   5   7   0.0201221575
4   13   5   8   0.1183691383
4   13   6   9   -0.0176950138
4   14   1   7   -0.0002079418
4   14   1   8   0.0000353491
4   14   2   11   0.0072711444
4   14   2   12   0.0021733039
4   14   3   7   -0.0716110477
4   14   3   8   0.0121735175
4   14   4   11   0.0831932933
4   14   4   12   0.0248660044
4   14   5   7   0.1183691383
4   14   5   8   -0.0201221575
4   14   7   9   -0.0176950138
5   8   1   10   -0.0102084788
5   8   2   9   -0.0045331923
5   8   3   10   -0.0111900163
5   8   4   9   -0.0045705127
5   8   5   10   0.0023380683
5   8   6   11   0.0012113336
5   8   6   12   -0.0040527151
5   8   7   11   -0.0040527151
5   8   7   12   -0.0012113336
5   9   1   9   -0.0044905528
5   9   2   10   -0.0093958334
5   9   3   9   0.0012582951
5   9   4   10   0.0122596627
5   9   5   9   -0.0043209485
5   9   6   7   -0.0007530367
5   9   6   8   -0.0044297590
5   9   7   7   -0.0044297590
5   9   7   8   0.0007530367
5   10   1   10   -0.0104120490
5   10   2   9   0.0032971994
5   10   3   10   -0.0381165246
5   10   4   9   0.0341116882
5   10   5   10   -0.0431901778
5   10   6   11   -0.0011104053
5   10   6   12   0.0037150431
5   10   7   11   0.0037150431
5   10   7   12   0.0011104053
5   11   1   9   -0.0031952858
5   11   2   10   0.0014006969
5   11   3   9   -0.0156295597
5   11   4   10   0.0086883692
5   11   5   9   -0.0525398096
5   11   6   7   0.0049924705
5   11   6   8   0.0293683436
5   11   7   7   0.0293683436
5   11   7   8   -0.0049924705
5   12   1   10   -0.0071271689
5   12   2   9   0.0017678610
5   12   3   10   -0.0358904062
5   12   4   9   0.0215651912
5   12   5   10   -0.0603923944
5   12   6   11   -0.0003916764
5   12   6   12   0.0013104177
5   12   7   11   0.0013104177
5   12   7   12   0.0003916764
5   13   1   11   -0.0020498626
5   13   1   12   0.0068581512
5   13   2   7   -0.0006708003
5   13   2   8   -0.0039460011
5   13   3   11   -0.0095464136
5   13   3   12   0.0319390914
5   13   4   7   0.0200149450
5   13   4   8   0.1177384581
5   13   5   11   -0.0278170588
5   13   5   12   0.0930665294
5   13   6   10   -0.0091389479
5   14   1   11   0.0068581512
5   14   1   12   0.0020498626
5   14   2   7   -0.0039460011
5   14   2   8   0.0006708003
5   14   3   11   0.0319390914
5   14   3   12   0.0095464136
5   14   4   7   0.1177384581
5   14   4   8   -0.0200149450
5   14   5   11   0.0930665294
5   14   5   12   0.0278170588
5   14   7   10   -0.0091389479
6   8   1   11   -0.0042830194
6   8   1   12   0.0143295435
6   8   2   7   0.0021420228
6   8   2   8   0.0126005073
6   8   3   11   -0.0051051578
6   8   3   12   0.0170801421
6   8   4   7   -0.0018508259
6   8   4   8   -0.0108875337
6   8   5   11   0.0012327646
6   8   5   12   -0.0041244159
6   8   6   10   -0.0051029539
6   9   1   7   0.0022114713
6   9   1   8   0.0130090400
6   9   2   11   -0.0041158020
6   9   2   12   0.0137700901
6   9   3   7   0.0026634801
6   9   3   8   0.0156679939
6   9   4   11   0.0032640787
6   9   4   12   -0.0109205104
6   9   5   7   -0.0007769600
6   9   5   8   -0.0045704885
6   9   6   9   -0.0015312857
6   10   1   11   -0.0025868401
6   10   1   12   0.0086546975
6   10   2   7   0.0017439502
6   10   2   8   0.0102588346
6   10   3   11   -0.0101844045
6   10   3   12   0.0340735946
6   10   4   7   -0.0053489499
6   10   4   8   -0.0314653434
6   10   5   11   -0.0008142346
6   10   5   12   0.0027241554
6   10   6   10   -0.0296290950
6   11   1   7   -0.0021937368
6   11   1   8   -0.0129047165
6   11   2   11   0.0015804900
6   11   2   12   -0.0052877884
6   11   3   7   -0.0096518883
6   11   3   8   -0.0567774955
6   11   4   11   -0.0022817034
6   11   4   12   0.0076338125
6   11   5   7   0.0051656573
6   11   5   8   0.0303871194
6   11   6   9   -0.0760420450
6   12   1   11   -0.0000876946
6   12   1   12   0.0002933967
6   12   2   7   -0.0009651883
6   12   2   8   -0.0056777465
6   12   3   11   -0.0046060048
6   12   3   12   0.0154101440
6   12   4   7   0.0053335072
6   12   4   8   0.0313745011
6   12   5   11   -0.0005376168
6   12   5   12   0.0017986850
6   12   6   10   -0.0784800558
6   13   1   10   0.0022185075
6   13   2   9   0.0060289824
6   13   3   10   0.0227171827
6   13   4   9   -0.0169426659
6   13   5   10   -0.0084712876
6   13   6   11   -0.0295003234
6   13   6   12   0.0986981668
6   13   7   11   0.0022557515
6   13   7   12   0.0006742314
6   14   6   11   0.0944129031
6   14   6   12   0.0282194823
6   14   7   11   -0.0006066097
6   14   7   12   0.0020295122
7   8   1   11   0.0143295435
7   8   1   12   0.0042830194
7   8   2   7   0.0126005073
7   8   2   8   -0.0021420228
7   8   3   11   0.0170801421
7   8   3   12   0.0051051578
7   8   4   7   -0.0108875337
7   8   4   8   0.0018508259
7   8   5   11   -0.0041244159
7   8   5   12   -0.0012327646
7   8   7   10   -0.0051029539
7   9   1   7   0.0130090400
7   9   1   8   -0.0022114713
7   9   2   11   0.0137700901
7   9   2   12   0.0041158020
7   9   3   7   0.0156679939
7   9   3   8   -0.0026634801
7   9   4   11   -0.0109205104
7   9   4   12   -0.0032640787
7   9   5   7   -0.0045704885
7   9   5   8   0.0007769600
7   9   7   9   -0.0015312857
7   10   1   11   0.0086546975
7   10   1   12   0.0025868401
7   10   2   7   0.0102588346
7   10   2   8   -0.0017439502
7   10   3   11   0.0340735946
7   10   3   12   0.0101844045
7   10   4   7   -0.0314653434
7   10   4   8   0.0053489499
7   10   5   11   0.0027241554
7   10   5   12   0.0008142346
7   10   7   10   -0.0296290950
7   11   1   7   -0.0129047165
7   11   1   8   0.0021937368
7   11   2   11   -0.0052877884
7   11   2   12   -0.0015804900
7   11   3   7   -0.0567774955
7   11   3   8   0.0096518883
7   11   4   11   0.0076338125
7   11   4   12   0.0022817034
7   11   5   7   0.0303871194
7   11   5   8   -0.0051656573
7   11   7   9   -0.0760420450
7   12   1   11   0.0002933967
7   12   1   12   0.0000876946
7   12   2   7   -0.0056777465
7   12   2   8   0.0009651883
7   12   3   11   0.0154101440
7   12   3   12   0.0046060048
7   12   4   7   0.0313745011
7   12   4   8   -0.0053335072
7   12   5   11   0.0017986850
7   12   5   12   0.0005376168
7   12   7   10   -0.0784800558
7   13   6   11   0.0020295122
7   13   6   12   0.0006066097
7   13   7   11   -0.0282194823
7   13   7   12   0.0944129031
7   14   1   10   0.0022185075
7   14   2   9   0.0060289824
7   14   3   10   0.0227171827
7   14   4   9   -0.0169426659
7   14   5   10   -0.0084712876
7   14   6   11   -0.0006742314
7   14   6   12   0.0022557515
7   14   7   11   0.0986981668
7   14   7   12   0.0295003234

End IJKA Block
Begin IABC Block
1   7   1   10   0.0009838728
1   7   3   11   -0.0023019220
1   7   3   12   -0.0011371245
1   7   4   7   -0.0001394943
1   7   5   9   0.0070027590
1   7   6   9   0.0034592870
1   8   2   10   0.0009838728
1   8   3   11   0.0011371245
1   8   3   12   -0.0023019220
1   8   4   8   -0.0001394943
1   8   5   9   -0.0034592870
1   8   6   9   0.0070027590
1   9   1   11   0.0045763887
1   9   1   12   0.0022606864
1   9   2   11   -0.0022606864
1   9   2   12   0.0045763887
1   9   3   10   -0.0001867135
1   9   4   9   -0.0003336101
1   9   5   7   0.0069412248
1   9   5   8   -0.0034288898
1   9   6   7   0.0034288898
1   9   6   8   0.0069412248
1   10   1   7   0.0010000169
1   10   2   8   0.0010000169
1   10   3   9   -0.0001991614
1   10   4   10   -0.0042878260
1   10   5   11   -0.0026310493
1   10   6   12   -0.0026310493
1   11   1   9   0.0046138942
1   11   2   9   -0.0022792137
1   11   3   7   -0.0022936151
1   11   3   8   0.0011330210
1   11   4   11   -0.0034059060
1   11   5   10   -0.0026296043
1   12   1   9   0.0022792137
1   12   2   9   0.0046138942
1   12   3   7   -0.0011330210
1   12   3   8   -0.0022936151
1   12   4   12   -0.0034059060
1   12   6   10   -0.0026296043
2   7   1   9   0.0068447902
2   7   3   7   -0.0020217359
2   7   4   11   0.0007896518
2   7   4   12   0.0003900794
2   7   5   10   0.0007775571
2   7   6   10   0.0003841048
2   8   2   9   0.0068447902
2   8   3   8   -0.0020217359
2   8   4   11   -0.0003900794
2   8   4   12   0.0007896518
2   8   5   10   -0.0003841048
2   8   6   10   0.0007775571
2   9   1   7   0.0068408136
2   9   2   8   0.0068408136
2   9   3   9   -0.0016989744
2   9   4   10   0.0040982037
2   9   5   11   0.0057887432
2   9   6   12   0.0057887432
2   10   1   11   -0.0018218622
2   10   1   12   -0.0008999802
2   10   2   11   0.0008999802
2   10   2   12   -0.0018218622
2   10   3   10   -0.0011895237
2   10   4   9   0.0040739081
2   10   5   7   0.0007961529
2   10   5   8   -0.0003932909
2   10   6   7   0.0003932909
2   10   6   8   0.0007961529
2   11   1   10   -0.0018200920
2   11   2   10   0.0008991057
2   11   3   11   -0.0027518629
2   11   4   7   0.0007901138
2   11   4   8   -0.0003903076
2   11   5   9   0.0057782291
2   12   1   10   -0.0008991057
2   12   2   10   -0.0018200920
2   12   3   12   -0.0027518629
2   12   4   7   0.0003903076
2   12   4   8   0.0007901138
2   12   6   9   0.0057782291
3   7   1   10   0.0031552379
3   7   3   11   0.0199803030
3   7   3   12   0.0098700530
3   7   4   7   -0.0222559378
3   7   5   9   0.0137401180
3   7   6   9   0.0067874693
3   8   2   10   0.0031552379
3   8   3   11   -0.0098700530
3   8   3   12   0.0199803030
3   8   4   8   -0.0222559378
3   8   5   9   -0.0067874693
3   8   6   9   0.0137401180
3   9   1   11   0.0113598339
3   9   1   12   0.0056116348
3   9   2   11   -0.0056116348
3   9   2   12   0.0113598339
3   9   3   10   0.0050824535
3   9   4   9   -0.0179323116
3   9   5   7   0.0128119359
3   9   5   8   -0.0063289574
3   9   6   7   0.0063289574
3   9   6   8   0.0128119359
3   10   1   7   0.0039344064
3   10   2   8   0.0039344064
3   10   3   9   0.0047980902
3   10   4   10   -0.0246772855
3   10   5   11   -0.0040772176
3   10   6   12   -0.0040772176
3   11   1   9   0.0122254861
3   11   2   9   -0.0060392576
3   11   3   7   0.0197975521
3   11   3   8   -0.0097797761
3   11   4   11   -0.0235533435
3   11   5   10   -0.0043863746
3   12   1   9   0.0060392576
3   12   2   9   0.0122254861
3   12   3   7   0.0097797761
3   12   3   8   0.0197975521
3   12   4   12   -0.0235533435
3   12   6   10   -0.0043863746
4   7   1   9   -0.0203712177
4   7   3   7   -0.0605410212
4   7   4   11   -0.0097822907
4   7   4   12   -0.0048323455
4   7   5   10   -0.0035428668
4   7   6   10   -0.0017501378
4   8   2   9   -0.0203712177
4   8   3   8   -0.0605410212
4   8   4   11   0.0048323455
4   8   4   12   -0.0097822907
4   8   5   10   0.0017501378
4   8   6   10   -0.0035428668
4   9   1   7   -0.0205295619
4   9   2   8   -0.0205295619
4   9   3   9   -0.0014793130
4   9   4   10   0.0243593893
4   9   5   11   -0.0044342354
4   9   6   12   -0.0044342354
4   10   1   11   0.0068859998
4   10   1   12   0.0034016092
4   10   2   11   -0.0034016092
4   10   2   12   0.0068859998
4   10   3   10   -0.0270144154
4   10   4   9   0.0244251918
4   10   5   7   -0.0034173187
4   10   5   8   0.0016881184
4   10   6   7   -0.0016881184
4   10   6   8   -0.0034173187
4   11   1   10   0.0063918708
4   11   2   10   -0.0031575149
4   11   3   11   -0.0545489940
4   11   4   7   -0.0094366720
4   11   4   8   0.0046616136
4   11   5   9   -0.0040919613
4   12   1   10   0.0031575149
4   12   2   10   0.0063918708
4   12   3   12   -0.0545489940
4   12   4   7   -0.0046616136
4   12   4   8   -0.0094366720
4   12   6   9   -0.0040919613
5   7   1   10   -0.0024621174
5   7   3   11   -0.0090007740
5   7   3   12   -0.0044462848
5   7   4   7   -0.0559240871
5   7   5   9   -0.0010951799
5   7   6   9   -0.0005410070
5   8   2   10   -0.0024621174
5   8   3   11   0.0044462848
5   8   3   12   -0.0090007740
5   8   4   8   -0.0559240871
5   8   5   9   0.0005410070
5   8   6   9   -0.0010951799
5   9   1   11   -0.0090224361
5   9   1   12   -0.0044569856
5   9   2   11   0.0044569856
5   9   2   12   -0.0090224361
5   9   3   10   0.0360730367
5   9   4   9   -0.0019016839
5   9   5   7   -0.0001350018
5   9   5   8   0.0000666894
5   9   6   7   -0.0000666894
5   9   6   8   -0.0001350018
5   10   1   7   -0.0022275052
5   10   2   8   -0.0022275052
5   10   3   9   0.0355948155
5   10   4   10   -0.0352413189
5   10   5   11   -0.0078451393
5   10   6   12   -0.0078451393
5   11   1   9   -0.0088744850
5   11   2   9   0.0043838994
5   11   3   7   -0.0072417791
5   11   3   8   0.0035773603
5   11   4   11   -0.0582643247
5   11   5   10   -0.0072461548
5   12   1   9   -0.0043838994
5   12   2   9   -0.0088744850
5   12   3   7   -0.0035773603
5   12   3   8   -0.0072417791
5   12   4   12   -0.0582643247
5   12   6   10   -0.0072461548
6   7   1   11   0.0035226273
6   7   1   12   0.0052568272
6   7   2   11   0.0231426639
6   7   2   12   0.0120110744
6   7   3   10   0.0009023238
6   7   4   9   0.0017133506
6   7   5   7   -0.0226401211
6   7   5   8   0.0030660535
6   7   6   7   0.0795390025
6   7   6   8   0.0020500625
6   8   1   11   0.0007744381
6   8   1   12   0.0053253384
6   8   2   11   -0.0138137855
6   8   2   12   0.0291739291
6   8   3   10   0.0053079445
6   8   4   9   0.0100788312
6   8   5   7   0.0022566847
6   8   5   8   -0.0264983304
6   8   6   7   0.0018081468
6   8   6   8   0.0848617407
6   9   1   10   0.0085712454
6   9   2   10   0.0504205838
6   9   3   11   -0.0016642681
6   9   3   12   0.0055680816
6   9   4   7   0.0017060515
6   9   4   8   0.0100358943
6   9   5   9   -0.0110858839
6   9   6   9   0.0370896415
6   10   1   9   0.0084830966
6   10   2   9   0.0499020462
6   10   3   7   0.0009127972
6   10   3   8   0.0053695542
6   10   4   11   0.0035143030
6   10   4   12   -0.0117576768
6   10   5   10   -0.0143270840
6   10   6   10   0.0479336076
6   11   1   7   0.0036042687
6   11   1   8   0.0016313215
6   11   2   7   0.0231633521
6   11   2   8   -0.0143682556
6   11   3   9   -0.0017799286
6   11   4   10   0.0034567183
6   11   5   11   -0.0198740399
6   11   5   12   -0.0006522353
6   11   6   11   0.0677010410
6   11   6   12   0.0001664686
6   12   1   7   0.0056090044
6   12   1   8   0.0057683611
6   12   2   7   0.0122041632
6   12   2   8   0.0304036780
6   12   3   9   0.0059550428
6   12   4   10   -0.0115650177
6   12   5   11   -0.0005569481
6   12   5   12   -0.0202354579
6   12   6   11   0.0001949494
6   12   6   12   0.0664918576
7   7   1   11   0.0291739291
7   7   1   12   0.0138137855
7   7   2   11   -0.0053253384
7   7   2   12   0.0007744381
7   7   3   10   0.0053079445
7   7   4   9   0.0100788312
7   7   5   7   0.0848617407
7   7   5   8   -0.0018081468
7   7   6   7   0.0264983304
7   7   6   8   0.0022566847
7   8   1   11   -0.0120110744
7   8   1   12   0.0231426639
7   8   2   11   0.0052568272
7   8   2   12   -0.0035226273
7   8   3   10   -0.0009023238
7   8   4   9   -0.0017133506
7   8   5   7   -0.0020500625
7   8   5   8   0.0795390025
7   8   6   7   0.0030660535
7   8   6   8   0.0226401211
7   9   1   10   0.0504205838
7   9   2   10   -0.0085712454
7   9   3   11   0.0055680816
7   9   3   12   0.0016642681
7   9   4   7   0.0100358943
7   9   4   8   -0.0017060515
7   9   5   9   0.0370896415
7   9   6   9   0.0110858839
7   10   1   9   0.0499020462
7   10   2   9   -0.0084830966
7   10   3   7   0.0053695542
7   10   3   8   -0.0009127972
7   10   4   11   -0.0117576768
7   10   4   12   -0.0035143030
7   10   5   10   0.0479336076
7   10   6   10   0.0143270840
7   11   1   7   0.0304036780
7   11   1   8   -0.0122041632
7   11   2   7   -0.0057683611
7   11   2   8   0.0056090044
7   11   3   9   0.0059550428
7   11   4   10   -0.0115650177
7   11   5   11   0.0664918576
7   11   5   12   -0.0001949494
7   11   6   11   0.0202354579
7   11   6   12   -0.0005569481
7   12   1   7   0.0143682556
7   12   1   8   0.0231633521
7   12   2   7   0.0016313215
7   12   2   8   -0.0036042687
7   12   3   9   0.0017799286
7   12   4   10   -0.0034567183
7   12   5   11   -0.0001664686
7   12   5   12   0.0677010410
7   12   6   11   -0.0006522353
7   12   6   12   0.0198740399

End IABC Block
