Begin IJ Block
1   1   -2.5831331969
2   2   -2.4974204229
3   3   -2.4974204228

End IJ Block
Begin IA Block
1   3   -0.0000000210
2   1   0.0000000144
2   2   0.0000000128
3   1   -0.0000000128
3   2   0.0000000144

End IA Block
Begin AB Block
1   1   -2.3847060263
1   2   0.0000000000
2   2   -2.3847060263
3   3   -2.3882874719

End AB Block
Begin IJKL Block
1   4   1   4   0.4573848011
1   4   2   5   0.0137992742
1   4   3   6   0.0137992742
1   5   1   5   0.4229322146
1   5   2   4   0.0130922662
1   6   1   6   0.4229322146
1   6   3   4   0.0130922662
2   4   1   5   0.0130922662
2   4   2   4   0.4229322146
2   5   1   4   0.0137992742
2   5   2   5   0.4411215890
2   5   3   6   0.0129207886
2   6   2   6   0.4173228204
2   6   3   5   0.0108779799
3   4   1   6   0.0130922662
3   4   3   4   0.4229322146
3   5   2   6   0.0108779799
3   5   3   5   0.4173228204
3   6   1   4   0.0137992742
3   6   2   5   0.0129207886
3   6   3   6   0.4411215890

End IJKL Block
Begin IJAB Block
1   4   1   4   0.0198865553
1   4   2   5   0.0198865553
1   4   3   6   0.1886663556
1   5   1   6   -0.0143633473
1   5   2   6   -0.0127447271
1   5   3   4   -0.1207117651
1   5   3   5   -0.1071086340
1   6   1   6   0.0127447271
1   6   2   6   -0.0143633473
1   6   3   4   0.1071086340
1   6   3   5   -0.1207117651
2   4   1   6   -0.1207117651
2   4   2   6   -0.1071086340
2   4   3   4   -0.0143633473
2   4   3   5   -0.0127447271
2   5   1   4   0.1301788559
2   5   1   5   0.0968792305
2   5   2   4   0.0968792305
2   5   2   5   0.1069574723
2   5   3   6   0.0211158539
2   6   1   4   -0.0968792305
2   6   1   5   0.0866958939
2   6   2   4   -0.0634745103
2   6   2   5   0.0968792305
3   4   1   6   0.1071086340
3   4   2   6   -0.1207117651
3   4   3   4   0.0127447271
3   4   3   5   -0.0143633473
3   5   1   4   -0.0968792305
3   5   1   5   -0.0634745103
3   5   2   4   0.0866958939
3   5   2   5   0.0968792305
3   6   1   4   0.1069574723
3   6   1   5   -0.0968792305
3   6   2   4   -0.0968792305
3   6   2   5   0.1301788559
3   6   3   6   0.0211158539

End IJAB Block
Begin ABCD Block
1   4   1   4   0.4370502216
1   4   2   5   0.0126025807
1   4   3   6   0.0139808285
1   5   1   5   0.4085561618
1   5   2   4   0.0158914790
1   6   1   6   0.4211977759
1   6   3   4   0.0168701949
2   4   1   5   0.0158914790
2   4   2   4   0.4085561618
2   5   1   4   0.0126025807
2   5   2   5   0.4370502216
2   5   3   6   0.0139808285
2   6   2   6   0.4211977759
2   6   3   5   0.0168701949
3   4   1   6   0.0168701949
3   4   3   4   0.4211977759
3   5   2   6   0.0168701949
3   5   3   5   0.4211977759
3   6   1   4   0.0139808285
3   6   2   5   0.0139808285
3   6   3   6   0.4662979621

End ABCD Block
Begin AIJB Block
1   4   1   4   0.0223254376
1   4   2   6   -0.1223444316
1   4   3   6   0.1085573136
1   5   1   6   -0.0125595683
1   5   2   4   0.1297998417
1   5   2   5   0.0950447475
1   5   3   4   -0.0950447475
1   5   3   5   -0.0655113679
1   6   1   6   0.0111442178
1   6   2   4   -0.0950447475
1   6   2   5   0.0882930367
1   6   3   4   0.1070181729
1   6   3   5   -0.0950447475
2   4   1   5   0.0223254376
2   4   2   6   -0.1085573136
2   4   3   6   -0.1223444316
2   5   1   6   -0.0111442178
2   5   2   4   0.0950447475
2   5   2   5   0.1070181729
2   5   3   4   0.0882930367
2   5   3   5   0.0950447475
2   6   1   6   -0.0125595683
2   6   2   4   -0.0655113679
2   6   2   5   0.0950447475
2   6   3   4   -0.0950447475
2   6   3   5   0.1297998417
3   4   1   6   0.1932733376
3   4   2   4   -0.0125595683
3   4   2   5   -0.0111442178
3   4   3   4   0.0111442178
3   4   3   5   -0.0125595683
3   5   1   4   -0.1223444316
3   5   1   5   -0.1085573136
3   5   2   6   0.0235992720
3   6   1   4   0.1085573136
3   6   1   5   -0.1223444316
3   6   3   6   0.0235992720

1   4   4   1   -0.4259668593
1   4   5   3   0.0128220533
1   4   6   3   -0.0113771231
1   5   4   3   0.0145426710
1   5   5   1   -0.4428124084
1   5   5   2   -0.0189216521
1   5   6   1   0.0189216521
1   5   6   2   -0.0036996511
1   6   4   3   -0.0129038427
1   6   5   1   0.0189216521
1   6   5   2   -0.0008357580
1   6   6   1   -0.4382769993
1   6   6   2   0.0189216521
2   4   4   2   -0.4259668593
2   4   5   3   0.0113771231
2   4   6   3   0.0128220533
2   5   4   3   0.0129038427
2   5   5   1   -0.0189216521
2   5   5   2   -0.4382769993
2   5   6   1   -0.0008357580
2   5   6   2   -0.0189216521
2   6   4   3   0.0145426710
2   6   5   1   -0.0036996511
2   6   5   2   -0.0189216521
2   6   6   1   0.0189216521
2   6   6   2   -0.4428124084
3   4   4   3   -0.4759679572
3   4   5   1   0.0145426710
3   4   5   2   0.0129038427
3   4   6   1   -0.0129038427
3   4   6   2   0.0145426710
3   5   4   1   0.0128220533
3   5   4   2   0.0113771231
3   5   5   3   -0.4368778458
3   6   4   1   -0.0113771231
3   6   4   2   0.0128220533
3   6   6   3   -0.4368778458

End AIJB Block
Begin IJKA Block
1   4   1   6   0.0000000028
1   4   2   4   -0.0000000001
1   4   2   5   -0.0000000001
1   4   3   4   0.0000000001
1   4   3   5   -0.0000000001
1   5   1   4   -0.0000000023
1   5   1   5   -0.0000000021
1   5   2   6   0.0000000003
1   6   1   4   0.0000000021
1   6   1   5   -0.0000000023
1   6   3   6   0.0000000003
2   4   1   4   -0.0000000002
2   4   1   5   -0.0000000001
2   4   2   6   0.0000000046
2   5   1   6   0.0000000004
2   5   2   4   -0.0000000046
2   5   2   5   -0.0000000041
2   5   3   4   0.0000000004
2   5   3   5   -0.0000000004
2   6   2   4   0.0000000033
2   6   2   5   -0.0000000038
2   6   3   4   -0.0000000005
2   6   3   5   -0.0000000004
3   4   1   4   0.0000000001
3   4   1   5   -0.0000000002
3   4   3   6   0.0000000046
3   5   2   4   0.0000000004
3   5   2   5   -0.0000000005
3   5   3   4   -0.0000000038
3   5   3   5   -0.0000000033
3   6   1   6   0.0000000004
3   6   2   4   -0.0000000004
3   6   2   5   -0.0000000004
3   6   3   4   0.0000000041
3   6   3   5   -0.0000000046

End IJKA Block
Begin IABC Block
1   4   1   6   -0.0000000000
1   4   3   4   -0.0000000031
1   5   2   6   -0.0000000000
1   5   3   5   -0.0000000031
1   6   1   4   -0.0000000002
1   6   2   5   -0.0000000002
1   6   3   6   -0.0000000010
2   4   1   4   0.0000000032
2   4   1   5   0.0000000001
2   4   2   4   0.0000000025
2   4   2   5   0.0000000003
2   4   3   6   0.0000000000
2   5   1   4   0.0000000002
2   5   1   5   0.0000000028
2   5   2   4   0.0000000002
2   5   2   5   0.0000000029
2   5   3   6   0.0000000000
2   6   1   6   0.0000000015
2   6   2   6   0.0000000013
2   6   3   4   -0.0000000000
2   6   3   5   -0.0000000000
3   4   1   4   -0.0000000029
3   4   1   5   0.0000000002
3   4   2   4   0.0000000028
3   4   2   5   -0.0000000002
3   4   3   6   -0.0000000000
3   5   1   4   0.0000000003
3   5   1   5   -0.0000000025
3   5   2   4   -0.0000000001
3   5   2   5   0.0000000032
3   5   3   6   0.0000000000
3   6   1   6   -0.0000000013
3   6   2   6   0.0000000015
3   6   3   4   0.0000000000
3   6   3   5   -0.0000000000

End IABC Block
