Begin IJ Block
1   1   -1.9139995715
2   2   -1.7791008455
2   3   0.0000000142
3   3   -1.7740057261

End IJ Block
Begin IA Block
1   3   0.0023450576

End IA Block
Begin AB Block
1   1   -1.3831184808
1   2   -0.0000000272
2   2   -1.3930540519
3   3   -0.9469183881
4   4   -0.8571987011

End AB Block
Begin IJKL Block
1   4   1   4   0.2906770201
1   4   2   5   0.0023472496
1   4   2   6   0.0000000045
1   4   3   5   0.0000000045
1   4   3   6   0.0039286382
1   5   1   5   0.2740529457
1   5   1   6   -0.0000000057
1   5   2   4   0.0043724831
1   5   3   4   0.0000000028
1   6   1   5   -0.0000000057
1   6   1   6   0.2719765344
1   6   2   4   0.0000000028
1   6   3   4   0.0053702812
2   4   1   5   0.0043724831
2   4   1   6   0.0000000028
2   4   2   4   0.2740529457
2   4   3   4   -0.0000000057
2   5   1   4   0.0023472496
2   5   2   5   0.3150389386
2   5   2   6   0.0000000000
2   5   3   5   0.0000000000
2   5   3   6   0.0191454588
2   6   1   4   0.0000000045
2   6   2   5   0.0000000000
2   6   2   6   0.2732031891
2   6   3   5   0.0226946535
2   6   3   6   0.0000000000
3   4   1   5   0.0000000028
3   4   1   6   0.0053702812
3   4   2   4   -0.0000000057
3   4   3   4   0.2719765344
3   5   1   4   0.0000000045
3   5   2   5   0.0000000000
3   5   2   6   0.0226946535
3   5   3   5   0.2732031891
3   5   3   6   0.0000000000
3   6   1   4   0.0039286382
3   6   2   5   0.0191454588
3   6   2   6   0.0000000000
3   6   3   5   0.0000000000
3   6   3   6   0.3150431261

End IJKL Block
Begin IJAB Block
1   4   1   5   0.0037493796
1   4   1   6   0.0000000031
1   4   2   5   0.0000000031
1   4   2   6   0.0048838172
1   4   3   7   0.0075815906
1   4   4   8   0.0081920782
1   5   1   8   0.0000000001
1   5   2   8   0.0027383804
1   5   4   5   0.0000000005
1   5   4   6   0.0056743125
1   6   1   8   -0.0014122534
1   6   2   8   -0.0000000024
1   6   4   5   -0.0015366782
1   6   4   6   -0.0000000076
2   4   1   8   0.0000000005
2   4   2   8   0.0056743125
2   4   4   5   0.0000000001
2   4   4   6   0.0027383804
2   5   1   5   0.0330076413
2   5   1   6   -0.0000000016
2   5   2   5   -0.0000000016
2   5   2   6   0.0593990346
2   5   3   7   0.0020529234
2   5   4   8   0.0022156941
2   6   1   5   0.0000000016
2   6   1   6   -0.0355326763
2   6   2   5   0.0092061984
2   6   2   6   -0.0000000017
2   6   3   7   0.0000000001
2   6   4   8   0.0000000013
3   4   1   8   -0.0015366782
3   4   2   8   -0.0000000076
3   4   4   5   -0.0014122534
3   4   4   6   -0.0000000024
3   5   1   5   0.0000000016
3   5   1   6   0.0092061984
3   5   2   5   -0.0355326763
3   5   2   6   -0.0000000017
3   5   3   7   0.0000000001
3   5   4   8   0.0000000013
3   6   1   5   0.0593230474
3   6   1   6   0.0000000017
3   6   2   5   0.0000000017
3   6   2   6   0.0330185399
3   6   3   7   0.0019752708
3   6   4   8   0.0006754484

End IJAB Block
Begin ABCD Block
1   5   1   5   0.2809205152
1   5   1   6   0.0000000000
1   5   2   5   0.0000000000
1   5   2   6   0.0101819917
1   5   3   7   0.0013439742
1   5   4   8   0.0006368905
1   6   1   5   0.0000000000
1   6   1   6   0.2572911986
1   6   2   5   0.0134539331
1   6   2   6   0.0000000000
1   6   3   7   0.0000000000
1   6   4   8   -0.0000000006
1   7   1   7   0.1862245114
1   7   3   5   0.0018419089
1   7   3   6   0.0000000000
1   8   1   8   0.1708635334
1   8   2   8   -0.0000000090
1   8   4   5   0.0009180708
1   8   4   6   -0.0000000008
2   5   1   5   0.0000000000
2   5   1   6   0.0134539331
2   5   2   5   0.2572911986
2   5   2   6   0.0000000000
2   5   3   7   0.0000000000
2   5   4   8   -0.0000000006
2   6   1   5   0.0101819917
2   6   1   6   0.0000000000
2   6   2   5   0.0000000000
2   6   2   6   0.2809313065
2   6   3   7   0.0013565289
2   6   4   8   0.0014479160
2   7   2   7   0.1862235541
2   7   3   5   0.0000000000
2   7   3   6   0.0018424782
2   8   1   8   -0.0000000090
2   8   2   8   0.1814706142
2   8   4   5   -0.0000000008
2   8   4   6   0.0019245751
3   5   1   7   0.0018419089
3   5   2   7   0.0000000000
3   5   3   5   0.1862245114
3   6   1   7   0.0000000000
3   6   2   7   0.0018424782
3   6   3   6   0.1862235541
3   7   1   5   0.0013439742
3   7   1   6   0.0000000000
3   7   2   5   0.0000000000
3   7   2   6   0.0013565289
3   7   3   7   0.1713963785
3   7   4   8   0.0554577226
3   8   3   8   0.1673975768
3   8   4   7   0.0554914646
4   5   1   8   0.0009180708
4   5   2   8   -0.0000000008
4   5   4   5   0.1708635334
4   5   4   6   -0.0000000090
4   6   1   8   -0.0000000008
4   6   2   8   0.0019245751
4   6   4   5   -0.0000000090
4   6   4   6   0.1814706142
4   7   3   8   0.0554914646
4   7   4   7   0.1673975768
4   8   1   5   0.0006368905
4   8   1   6   -0.0000000006
4   8   2   5   -0.0000000006
4   8   2   6   0.0014479160
4   8   3   7   0.0554577226
4   8   4   8   0.1816128620

End ABCD Block
Begin AIJB Block
1   4   1   5   0.0043898461
1   4   1   6   0.0000000052
1   4   2   8   0.0000000012
1   4   3   8   -0.0010588630
1   5   1   8   -0.0000000001
1   5   2   5   0.0390142959
1   5   2   6   -0.0000000011
1   5   3   5   0.0000000011
1   5   3   6   0.0128160160
1   6   1   8   -0.0005620972
1   6   2   5   0.0000000011
1   6   2   6   -0.0299526188
1   6   3   5   0.0561400901
1   6   3   6   0.0000000011
2   4   1   5   0.0000000052
2   4   1   6   0.0062785634
2   4   2   8   0.0051560056
2   4   3   8   -0.0000000067
2   5   1   8   0.0014226691
2   5   2   5   -0.0000000011
2   5   2   6   0.0561922904
2   5   3   5   -0.0299526188
2   5   3   6   -0.0000000011
2   6   1   8   -0.0000000018
2   6   2   5   0.0128160160
2   6   2   6   -0.0000000011
2   6   3   5   0.0000000011
2   6   3   6   0.0390135041
3   4   1   7   0.0061580327
3   5   2   7   0.0020721487
3   6   3   7   0.0020722796
4   4   1   8   0.0067583541
4   4   2   5   -0.0000000001
4   4   2   6   0.0014226691
4   4   3   5   -0.0005620972
4   4   3   6   -0.0000000018
4   5   1   5   0.0000000012
4   5   1   6   0.0051560056
4   5   2   8   0.0022521189
4   5   3   8   0.0000000013
4   6   1   5   -0.0010588630
4   6   1   6   -0.0000000067
4   6   2   8   0.0000000013
4   6   3   8   0.0006903190

1   4   4   1   -0.2611194748
1   4   4   2   -0.0000000162
1   4   5   4   0.0000000003
1   4   6   4   0.0004839226
1   5   4   4   0.0000000005
1   5   5   1   -0.2699389105
1   5   5   2   0.0000000017
1   5   6   1   -0.0000000017
1   5   6   2   0.0145416752
1   6   4   4   0.0003684583
1   6   5   1   -0.0000000017
1   6   5   2   0.0124128125
1   6   6   1   -0.2968935525
1   6   6   2   -0.0000000017
2   4   4   1   -0.0000000162
2   4   4   2   -0.2670277674
2   4   5   4   -0.0013105935
2   4   6   4   0.0000000019
2   5   4   4   -0.0012091157
2   5   5   1   0.0000000017
2   5   5   2   -0.2968928896
2   5   6   1   0.0124128125
2   5   6   2   0.0000000017
2   6   4   4   0.0000000021
2   6   5   1   0.0145416752
2   6   5   2   0.0000000017
2   6   6   1   -0.0000000017
2   6   6   2   -0.2699410071
3   4   4   3   -0.1957261536
3   5   5   3   -0.1899431530
3   6   6   3   -0.1899429404
4   4   4   4   -0.1918203641
4   4   5   1   0.0000000005
4   4   5   2   -0.0012091157
4   4   6   1   0.0003684583
4   4   6   2   0.0000000021
4   5   4   1   0.0000000003
4   5   4   2   -0.0013105935
4   5   5   4   -0.1866352261
4   5   6   4   -0.0000000131
4   6   4   1   0.0004839226
4   6   4   2   0.0000000019
4   6   5   4   -0.0000000131
4   6   6   4   -0.1701499181

End AIJB Block
Begin IJKA Block
1   4   1   7   -0.0023619661
1   5   2   7   0.0001991359
1   5   3   7   0.0000000002
1   6   2   7   0.0000000002
1   6   3   7   -0.0001558412
2   4   2   7   -0.0006731125
2   4   3   7   -0.0000000024
2   5   1   7   -0.0000218451
2   6   1   7   -0.0000000000
3   4   2   7   -0.0000000025
3   4   3   7   0.0007716558
3   5   1   7   -0.0000000000
3   6   1   7   0.0000111743

End IJKA Block
Begin IABC Block
1   5   1   7   -0.0010420667
1   5   2   7   -0.0000000031
1   5   3   5   -0.0007792244
1   5   3   6   -0.0000000023
1   6   1   7   -0.0000000031
1   6   2   7   0.0010030737
1   6   3   5   -0.0000000024
1   6   3   6   0.0006861390
1   7   1   5   -0.0010019758
1   7   1   6   -0.0000000028
1   7   2   5   -0.0000000028
1   7   2   6   0.0009730464
1   7   3   7   -0.0000162862
1   7   4   8   -0.0047527962
1   8   3   8   -0.0056434606
1   8   4   7   -0.0047056876
2   5   3   8   0.0000000007
2   5   4   7   0.0000000006
2   6   3   8   0.0009362952
2   6   4   7   0.0008288442
2   7   1   8   0.0000000208
2   7   2   8   0.0256659761
2   7   4   5   0.0000000008
2   7   4   6   0.0009869101
2   8   1   7   0.0000000208
2   8   2   7   0.0256016571
2   8   3   5   0.0000000009
2   8   3   6   0.0011384657
3   5   3   8   0.0009794979
3   5   4   7   0.0008693782
3   6   3   8   -0.0000000008
3   6   4   7   -0.0000000007
3   7   1   8   0.0256761437
3   7   2   8   -0.0000000208
3   7   4   5   0.0009593292
3   7   4   6   -0.0000000008
3   8   1   7   0.0256145949
3   8   2   7   -0.0000000207
3   8   3   5   0.0011151985
3   8   3   6   -0.0000000009

End IABC Block
