Begin IJ Block
1   1   -4.6936564571
1   2   0.0000000211
1   3   -0.2063729464
2   2   -4.5879286461
2   3   -0.0000000152
3   3   -4.2353503150
4   4   -4.1461927173
4   5   0.0000000000
5   5   -4.1461927173

End IJ Block
Begin IA Block
1   3   -0.0000000132
2   3   0.2724497162
3   3   -0.0000000197
4   1   0.0000000171
4   2   0.0000000075
5   1   0.0000000075
5   2   -0.0000000171

End IA Block
Begin AB Block
1   1   -4.0272641938
2   2   -4.0272641938
3   3   -4.1222989032

End AB Block
Begin IJKL Block
1   6   1   6   0.4642089299
1   6   1   7   -0.0000000193
1   6   1   8   0.0311099238
1   6   2   6   -0.0000000193
1   6   2   7   0.2140578511
1   6   2   8   0.0000000039
1   6   3   6   0.0311099238
1   6   3   7   0.0000000039
1   6   3   8   0.0729012378
1   6   4   9   0.0646529845
1   6   5   10   0.0646529845
1   7   1   6   -0.0000000193
1   7   1   7   0.4551459310
1   7   1   8   0.0000000074
1   7   2   6   0.2138500236
1   7   2   7   0.0000000179
1   7   2   8   -0.0680714641
1   7   3   6   0.0000000039
1   7   3   7   -0.0000527116
1   7   3   8   -0.0000000007
1   7   4   9   -0.0000000011
1   7   5   10   -0.0000000011
1   8   1   6   0.0311099238
1   8   1   7   0.0000000074
1   8   1   8   0.4534574316
1   8   2   6   0.0000000039
1   8   2   7   -0.0688213892
1   8   2   8   -0.0000000029
1   8   3   6   0.0745433422
1   8   3   7   -0.0000000007
1   8   3   8   0.0183131525
1   8   4   9   -0.0015637941
1   8   5   10   -0.0015637941
1   9   1   9   0.4468670608
1   9   2   9   -0.0000000047
1   9   3   9   0.0189075697
1   9   4   6   0.0670089936
1   9   4   7   -0.0000000011
1   9   4   8   -0.0015748252
1   10   1   10   0.4468670608
1   10   2   10   -0.0000000047
1   10   3   10   0.0189075697
1   10   5   6   0.0670089936
1   10   5   7   -0.0000000011
1   10   5   8   -0.0015748252
2   6   1   6   -0.0000000193
2   6   1   7   0.2138500236
2   6   1   8   0.0000000039
2   6   2   6   0.4551459310
2   6   2   7   0.0000000179
2   6   2   8   -0.0000527116
2   6   3   6   0.0000000074
2   6   3   7   -0.0680714641
2   6   3   8   -0.0000000007
2   6   4   9   -0.0000000011
2   6   5   10   -0.0000000011
2   7   1   6   0.2140578511
2   7   1   7   0.0000000179
2   7   1   8   -0.0688213892
2   7   2   6   0.0000000179
2   7   2   7   0.4607301763
2   7   2   8   -0.0000000057
2   7   3   6   -0.0688213892
2   7   3   7   -0.0000000057
2   7   3   8   0.0723746618
2   7   4   9   0.0584844463
2   7   5   10   0.0584844463
2   8   1   6   0.0000000039
2   8   1   7   -0.0680714641
2   8   1   8   -0.0000000029
2   8   2   6   -0.0000527116
2   8   2   7   -0.0000000057
2   8   2   8   0.4471016573
2   8   3   6   -0.0000000007
2   8   3   7   0.0735682277
2   8   3   8   0.0000000015
2   8   4   9   -0.0000000001
2   8   5   10   -0.0000000001
2   9   1   9   -0.0000000047
2   9   2   9   0.4420506237
2   9   3   9   0.0000000021
2   9   4   6   -0.0000000011
2   9   4   7   0.0592754200
2   9   4   8   -0.0000000000
2   10   1   10   -0.0000000047
2   10   2   10   0.4420506237
2   10   3   10   0.0000000021
2   10   5   6   -0.0000000011
2   10   5   7   0.0592754200
2   10   5   8   -0.0000000000
3   6   1   6   0.0311099238
3   6   1   7   0.0000000039
3   6   1   8   0.0745433422
3   6   2   6   0.0000000074
3   6   2   7   -0.0688213892
3   6   2   8   -0.0000000007
3   6   3   6   0.4534574316
3   6   3   7   -0.0000000029
3   6   3   8   0.0183131525
3   6   4   9   -0.0015637941
3   6   5   10   -0.0015637941
3   7   1   6   0.0000000039
3   7   1   7   -0.0000527116
3   7   1   8   -0.0000000007
3   7   2   6   -0.0680714641
3   7   2   7   -0.0000000057
3   7   2   8   0.0735682277
3   7   3   6   -0.0000000029
3   7   3   7   0.4471016573
3   7   3   8   0.0000000015
3   7   4   9   -0.0000000001
3   7   5   10   -0.0000000001
3   8   1   6   0.0729012378
3   8   1   7   -0.0000000007
3   8   1   8   0.0183131525
3   8   2   6   -0.0000000007
3   8   2   7   0.0723746618
3   8   2   8   0.0000000015
3   8   3   6   0.0183131525
3   8   3   7   0.0000000015
3   8   3   8   0.4613245441
3   8   4   9   0.0152971935
3   8   5   10   0.0152971935
3   9   1   9   0.0189075697
3   9   2   9   0.0000000021
3   9   3   9   0.4251042683
3   9   4   6   -0.0015748252
3   9   4   7   -0.0000000000
3   9   4   8   0.0149023027
3   10   1   10   0.0189075697
3   10   2   10   0.0000000021
3   10   3   10   0.4251042683
3   10   5   6   -0.0015748252
3   10   5   7   -0.0000000000
3   10   5   8   0.0149023027
4   6   1   9   0.0670089936
4   6   2   9   -0.0000000011
4   6   3   9   -0.0015748252
4   6   4   6   0.4468670608
4   6   4   7   -0.0000000047
4   6   4   8   0.0189075697
4   7   1   9   -0.0000000011
4   7   2   9   0.0592754200
4   7   3   9   -0.0000000000
4   7   4   6   -0.0000000047
4   7   4   7   0.4420506237
4   7   4   8   0.0000000021
4   8   1   9   -0.0015748252
4   8   2   9   -0.0000000000
4   8   3   9   0.0149023027
4   8   4   6   0.0189075697
4   8   4   7   0.0000000021
4   8   4   8   0.4251042683
4   9   1   6   0.0646529845
4   9   1   7   -0.0000000011
4   9   1   8   -0.0015637941
4   9   2   6   -0.0000000011
4   9   2   7   0.0584844463
4   9   2   8   -0.0000000001
4   9   3   6   -0.0015637941
4   9   3   7   -0.0000000001
4   9   3   8   0.0152971935
4   9   4   9   0.4486587988
4   9   5   10   0.0148395853
4   10   4   10   0.4203437198
4   10   5   9   0.0134754938
5   6   1   10   0.0670089936
5   6   2   10   -0.0000000011
5   6   3   10   -0.0015748252
5   6   5   6   0.4468670608
5   6   5   7   -0.0000000047
5   6   5   8   0.0189075697
5   7   1   10   -0.0000000011
5   7   2   10   0.0592754200
5   7   3   10   -0.0000000000
5   7   5   6   -0.0000000047
5   7   5   7   0.4420506237
5   7   5   8   0.0000000021
5   8   1   10   -0.0015748252
5   8   2   10   -0.0000000000
5   8   3   10   0.0149023027
5   8   5   6   0.0189075697
5   8   5   7   0.0000000021
5   8   5   8   0.4251042683
5   9   4   10   0.0134754938
5   9   5   9   0.4203437198
5   10   1   6   0.0646529845
5   10   1   7   -0.0000000011
5   10   1   8   -0.0015637941
5   10   2   6   -0.0000000011
5   10   2   7   0.0584844463
5   10   2   8   -0.0000000001
5   10   3   6   -0.0015637941
5   10   3   7   -0.0000000001
5   10   3   8   0.0152971935
5   10   4   9   0.0148395853
5   10   5   10   0.4486587989

End IJKL Block
Begin IJAB Block
1   6   1   4   0.0613141007
1   6   2   5   0.0613141007
1   6   3   6   0.0683350906
1   7   1   4   0.0000000007
1   7   2   5   0.0000000007
1   7   3   6   0.0000000008
1   8   1   4   -0.0101303193
1   8   2   5   -0.0101303193
1   8   3   6   0.0268635579
1   9   1   6   -0.0134881770
1   9   2   6   -0.0059455590
1   9   3   4   -0.0264465866
1   9   3   5   -0.0116575978
1   10   1   6   -0.0059455590
1   10   2   6   0.0134881770
1   10   3   4   -0.0116575978
1   10   3   5   0.0264465866
2   6   1   4   0.0000000007
2   6   2   5   0.0000000007
2   6   3   6   0.0000000008
2   7   1   4   0.0710558556
2   7   2   5   0.0710558556
2   7   3   6   0.0683913524
2   8   1   4   -0.0000000007
2   8   2   5   -0.0000000007
2   8   3   6   0.0000000007
2   9   1   6   -0.0000000005
2   9   2   6   -0.0000000002
2   9   3   4   -0.0000000010
2   9   3   5   -0.0000000004
2   10   1   6   -0.0000000002
2   10   2   6   0.0000000005
2   10   3   4   -0.0000000004
2   10   3   5   0.0000000010
3   6   1   4   -0.0101303193
3   6   2   5   -0.0101303193
3   6   3   6   0.0268635579
3   7   1   4   -0.0000000007
3   7   2   5   -0.0000000007
3   7   3   6   0.0000000007
3   8   1   4   0.0226541297
3   8   2   5   0.0226541297
3   8   3   6   0.1964978168
3   9   1   6   -0.0168910486
3   9   2   6   -0.0074455374
3   9   3   4   -0.1540354089
3   9   3   5   -0.0678984729
3   10   1   6   -0.0074455374
3   10   2   6   0.0168910486
3   10   3   4   -0.0678984729
3   10   3   5   0.1540354089
4   6   1   6   -0.0264465866
4   6   2   6   -0.0116575978
4   6   3   4   -0.0134881770
4   6   3   5   -0.0059455590
4   7   1   6   -0.0000000010
4   7   2   6   -0.0000000004
4   7   3   4   -0.0000000005
4   7   3   5   -0.0000000002
4   8   1   6   -0.1540354089
4   8   2   6   -0.0678984729
4   8   3   4   -0.0168910486
4   8   3   5   -0.0074455374
4   9   1   4   0.1941413524
4   9   1   5   0.0753998425
4   9   2   4   0.0753998425
4   9   2   5   0.0563243197
4   9   3   6   0.0244227986
4   10   1   4   0.0753998425
4   10   1   5   -0.1487997746
4   10   2   4   0.0109827420
4   10   2   5   -0.0753998425
5   6   1   6   -0.0116575978
5   6   2   6   0.0264465866
5   6   3   4   -0.0059455590
5   6   3   5   0.0134881770
5   7   1   6   -0.0000000004
5   7   2   6   0.0000000010
5   7   3   4   -0.0000000002
5   7   3   5   0.0000000005
5   8   1   6   -0.0678984729
5   8   2   6   0.1540354089
5   8   3   4   -0.0074455374
5   8   3   5   0.0168910486
5   9   1   4   0.0753998425
5   9   1   5   0.0109827420
5   9   2   4   -0.1487997746
5   9   2   5   -0.0753998425
5   10   1   4   0.0563243197
5   10   1   5   -0.0753998425
5   10   2   4   -0.0753998425
5   10   2   5   0.1941413524
5   10   3   6   0.0244227986

End IJAB Block
Begin ABCD Block
1   4   1   4   0.4426413966
1   4   2   5   0.0171345292
1   4   3   6   0.0191756194
1   5   1   5   0.4083723383
1   5   2   4   0.0171345292
1   6   1   6   0.4236128975
1   6   3   4   0.0191756194
2   4   1   5   0.0171345292
2   4   2   4   0.4083723383
2   5   1   4   0.0171345292
2   5   2   5   0.4426413966
2   5   3   6   0.0191756194
2   6   2   6   0.4236128975
2   6   3   5   0.0191756194
3   4   1   6   0.0191756194
3   4   3   4   0.4236128975
3   5   2   6   0.0191756194
3   5   3   5   0.4236128975
3   6   1   4   0.0191756194
3   6   2   5   0.0191756194
3   6   3   6   0.4784527279

End ABCD Block
Begin AIJB Block
1   6   1   4   0.0586538377
1   6   2   4   0.0000000006
1   6   3   4   -0.0098833345
1   6   4   6   -0.0259040039
1   6   5   6   -0.0114184285
1   7   1   4   0.0000000006
1   7   2   4   0.0707216445
1   7   3   4   -0.0000000008
1   7   4   6   -0.0000000011
1   7   5   6   -0.0000000005
1   8   1   4   -0.0098833345
1   8   2   4   -0.0000000008
1   8   3   4   0.0213385245
1   8   4   6   -0.1543300422
1   8   5   6   -0.0680283466
1   9   1   6   -0.0109517074
1   9   2   6   -0.0000000005
1   9   3   6   -0.0142659421
1   9   4   4   0.1867339791
1   9   4   5   0.0730648757
1   9   5   4   0.0730648757
1   9   5   5   0.0141823332
1   10   1   6   -0.0048274888
1   10   2   6   -0.0000000002
1   10   3   6   -0.0062883962
1   10   4   4   0.0730648757
1   10   4   5   -0.1477314764
1   10   5   4   0.0531848360
1   10   5   5   -0.0730648757
2   6   1   5   0.0586538377
2   6   2   5   0.0000000006
2   6   3   5   -0.0098833345
2   6   4   6   -0.0114184285
2   6   5   6   0.0259040039
2   7   1   5   0.0000000006
2   7   2   5   0.0707216445
2   7   3   5   -0.0000000008
2   7   4   6   -0.0000000005
2   7   5   6   0.0000000011
2   8   1   5   -0.0098833345
2   8   2   5   -0.0000000008
2   8   3   5   0.0213385245
2   8   4   6   -0.0680283466
2   8   5   6   0.1543300422
2   9   1   6   -0.0048274888
2   9   2   6   -0.0000000002
2   9   3   6   -0.0062883962
2   9   4   4   0.0730648757
2   9   4   5   0.0531848360
2   9   5   4   -0.1477314764
2   9   5   5   -0.0730648757
2   10   1   6   0.0109517074
2   10   2   6   0.0000000005
2   10   3   6   0.0142659421
2   10   4   4   0.0141823332
2   10   4   5   -0.0730648757
2   10   5   4   -0.0730648757
2   10   5   5   0.1867339791
3   6   1   6   0.0637134979
3   6   2   6   0.0000000006
3   6   3   6   0.0251947591
3   6   4   4   -0.0109517074
3   6   4   5   -0.0048274888
3   6   5   4   -0.0048274888
3   6   5   5   0.0109517074
3   7   1   6   0.0000000006
3   7   2   6   0.0671246537
3   7   3   6   0.0000000007
3   7   4   4   -0.0000000005
3   7   4   5   -0.0000000002
3   7   5   4   -0.0000000002
3   7   5   5   0.0000000005
3   8   1   6   0.0251947591
3   8   2   6   0.0000000007
3   8   3   6   0.1938199260
3   8   4   4   -0.0142659421
3   8   4   5   -0.0062883962
3   8   5   4   -0.0062883962
3   8   5   5   0.0142659421
3   9   1   4   -0.0259040039
3   9   1   5   -0.0114184285
3   9   2   4   -0.0000000011
3   9   2   5   -0.0000000005
3   9   3   4   -0.1543300422
3   9   3   5   -0.0680283466
3   9   4   6   0.0220885211
3   10   1   4   -0.0114184285
3   10   1   5   0.0259040039
3   10   2   4   -0.0000000005
3   10   2   5   0.0000000011
3   10   3   4   -0.0680283466
3   10   3   5   0.1543300422
3   10   5   6   0.0220885211

1   6   6   1   -0.4409505646
1   6   7   1   -0.0000000035
1   6   8   1   -0.0099065867
1   6   9   3   0.0126315945
1   6   10   3   0.0055679793
1   7   6   1   -0.0000000035
1   7   7   1   -0.4430921312
1   7   8   1   0.0000000008
1   7   9   3   0.0000000005
1   7   10   3   0.0000000002
1   8   6   1   -0.0099065867
1   8   7   1   0.0000000008
1   8   8   1   -0.4259457288
1   8   9   3   0.0129794873
1   8   10   3   0.0057213298
1   9   6   3   0.0134282248
1   9   7   3   0.0000000005
1   9   8   3   0.0167092908
1   9   9   1   -0.4493478607
1   9   9   2   -0.0122221945
1   9   10   1   -0.0122221945
1   9   10   2   0.0137879023
1   10   6   3   0.0059191323
1   10   7   3   0.0000000002
1   10   8   3   0.0073654190
1   10   9   1   -0.0122221945
1   10   9   2   0.0085520195
1   10   10   1   -0.4270079389
1   10   10   2   0.0122221945
2   6   6   2   -0.4409505646
2   6   7   2   -0.0000000035
2   6   8   2   -0.0099065867
2   6   9   3   0.0055679793
2   6   10   3   -0.0126315945
2   7   6   2   -0.0000000035
2   7   7   2   -0.4430921312
2   7   8   2   0.0000000008
2   7   9   3   0.0000000002
2   7   10   3   -0.0000000005
2   8   6   2   -0.0099065867
2   8   7   2   0.0000000008
2   8   8   2   -0.4259457288
2   8   9   3   0.0057213298
2   8   10   3   -0.0129794873
2   9   6   3   0.0059191323
2   9   7   3   0.0000000002
2   9   8   3   0.0073654190
2   9   9   1   -0.0122221945
2   9   9   2   -0.4270079389
2   9   10   1   0.0085520195
2   9   10   2   0.0122221945
2   10   6   3   -0.0134282248
2   10   7   3   -0.0000000005
2   10   8   3   -0.0167092908
2   10   9   1   0.0137879023
2   10   9   2   0.0122221945
2   10   10   1   0.0122221945
2   10   10   2   -0.4493478607
3   6   6   3   -0.4637761387
3   6   7   3   -0.0000000024
3   6   8   3   -0.0330797107
3   6   9   1   0.0134282248
3   6   9   2   0.0059191323
3   6   10   1   0.0059191323
3   6   10   2   -0.0134282248
3   7   6   3   -0.0000000024
3   7   7   3   -0.4558700029
3   7   8   3   -0.0000000006
3   7   9   1   0.0000000005
3   7   9   2   0.0000000002
3   7   10   1   0.0000000002
3   7   10   2   -0.0000000005
3   8   6   3   -0.0330797107
3   8   7   3   -0.0000000006
3   8   8   3   -0.4754278049
3   8   9   1   0.0167092908
3   8   9   2   0.0073654190
3   8   10   1   0.0073654190
3   8   10   2   -0.0167092908
3   9   6   1   0.0126315945
3   9   6   2   0.0055679793
3   9   7   1   0.0000000005
3   9   7   2   0.0000000002
3   9   8   1   0.0129794873
3   9   8   2   0.0057213298
3   9   9   3   -0.4401898922
3   10   6   1   0.0055679793
3   10   6   2   -0.0126315945
3   10   7   1   0.0000000002
3   10   7   2   -0.0000000005
3   10   8   1   0.0057213298
3   10   8   2   -0.0129794873
3   10   10   3   -0.4401898922

End AIJB Block
Begin IJKA Block
1   6   1   6   0.0000000040
1   6   2   6   -0.0268377719
1   6   3   6   0.0000000050
1   6   4   4   -0.0000000050
1   6   4   5   -0.0000000022
1   6   5   4   -0.0000000022
1   6   5   5   0.0000000050
1   7   1   6   -0.0383303840
1   7   2   6   -0.0000000023
1   7   3   6   -0.0639356979
1   7   4   4   0.0583934806
1   7   4   5   0.0257397191
1   7   5   4   0.0257397191
1   7   5   5   -0.0583934806
1   8   1   6   0.0000000172
1   8   2   6   -0.1853186082
1   8   3   6   -0.0000000020
1   8   4   4   0.0000000003
1   8   4   5   0.0000000001
1   8   5   4   0.0000000001
1   8   5   5   -0.0000000003
1   9   1   4   -0.0000000168
1   9   1   5   -0.0000000074
1   9   2   4   0.1826924246
1   9   2   5   0.0805304230
1   9   3   4   0.0000000021
1   9   3   5   0.0000000009
1   9   4   6   0.0000000006
1   10   1   4   -0.0000000074
1   10   1   5   0.0000000168
1   10   2   4   0.0805304230
1   10   2   5   -0.1826924246
1   10   3   4   0.0000000009
1   10   3   5   -0.0000000021
1   10   5   6   0.0000000006
2   6   1   6   -0.0262733283
2   6   2   6   -0.0000000020
2   6   3   6   -0.0447123566
2   6   4   4   0.0520547922
2   6   4   5   0.0229456391
2   6   5   4   0.0229456391
2   6   5   5   -0.0520547922
2   7   1   6   -0.0000000023
2   7   2   6   -0.0119607662
2   7   3   6   -0.0000000047
2   7   4   4   0.0000000047
2   7   4   5   0.0000000021
2   7   5   4   0.0000000021
2   7   5   5   -0.0000000047
2   8   1   6   -0.1858813650
2   8   2   6   -0.0000000159
2   8   3   6   0.0617476793
2   8   4   4   -0.0082928042
2   8   4   5   -0.0036554500
2   8   5   4   -0.0036554500
2   8   5   5   0.0082928042
2   9   1   4   0.1824441588
2   9   1   5   0.0804209880
2   9   2   4   0.0000000155
2   9   2   5   0.0000000068
2   9   3   4   -0.0569340018
2   9   3   5   -0.0250963840
2   9   4   6   -0.0076670594
2   10   1   4   0.0804209880
2   10   1   5   -0.1824441588
2   10   2   4   0.0000000068
2   10   2   5   -0.0000000155
2   10   3   4   -0.0250963840
2   10   3   5   0.0569340018
2   10   5   6   -0.0076670594
3   6   1   6   0.0000000051
3   6   2   6   -0.0453602639
3   6   3   6   0.0000000011
3   6   4   4   0.0000000001
3   6   4   5   0.0000000001
3   6   5   4   0.0000000001
3   6   5   5   -0.0000000001
3   7   1   6   -0.0643915271
3   7   2   6   -0.0000000047
3   7   3   6   -0.0161619575
3   7   4   4   -0.0051018426
3   7   4   5   -0.0022488811
3   7   5   4   -0.0022488811
3   7   5   5   0.0051018426
3   8   1   6   -0.0000000020
3   8   2   6   0.0630556241
3   8   3   6   0.0000000024
3   8   4   4   -0.0000000001
3   8   4   5   -0.0000000001
3   8   5   4   -0.0000000001
3   8   5   5   0.0000000001
3   9   1   4   0.0000000021
3   9   1   5   0.0000000009
3   9   2   4   -0.0565794582
3   9   2   5   -0.0249401020
3   9   3   4   -0.0000000024
3   9   3   5   -0.0000000011
3   9   4   6   0.0000000002
3   10   1   4   0.0000000009
3   10   1   5   -0.0000000021
3   10   2   4   -0.0249401020
3   10   2   5   0.0565794582
3   10   3   4   -0.0000000011
3   10   3   5   0.0000000024
3   10   5   6   0.0000000002
4   6   1   4   -0.0000000052
4   6   1   5   -0.0000000023
4   6   2   4   0.0532333258
4   6   2   5   0.0234651341
4   6   3   4   0.0000000004
4   6   3   5   0.0000000002
4   6   4   6   0.0000000019
4   7   1   4   0.0585330277
4   7   1   5   0.0258012312
4   7   2   4   0.0000000046
4   7   2   5   0.0000000020
4   7   3   4   -0.0081743603
4   7   3   5   -0.0036032402
4   7   4   6   -0.0298616034
4   8   1   4   0.0000000004
4   8   1   5   0.0000000002
4   8   2   4   -0.0101346990
4   8   2   5   -0.0044673532
4   8   3   4   -0.0000000001
4   8   3   5   -0.0000000000
4   8   4   6   0.0000000040
4   9   1   6   0.0000000007
4   9   2   6   -0.0078362368
4   9   3   6   0.0000000003
4   9   4   4   -0.0000000047
4   9   4   5   -0.0000000021
4   9   5   4   -0.0000000002
4   9   5   5   0.0000000004
4   10   4   4   -0.0000000018
4   10   4   5   0.0000000040
4   10   5   4   -0.0000000003
4   10   5   5   -0.0000000001
5   6   1   4   -0.0000000023
5   6   1   5   0.0000000052
5   6   2   4   0.0234651341
5   6   2   5   -0.0532333258
5   6   3   4   0.0000000002
5   6   3   5   -0.0000000004
5   6   5   6   0.0000000019
5   7   1   4   0.0258012312
5   7   1   5   -0.0585330277
5   7   2   4   0.0000000020
5   7   2   5   -0.0000000046
5   7   3   4   -0.0036032402
5   7   3   5   0.0081743603
5   7   5   6   -0.0298616034
5   8   1   4   0.0000000002
5   8   1   5   -0.0000000004
5   8   2   4   -0.0044673532
5   8   2   5   0.0101346990
5   8   3   4   -0.0000000000
5   8   3   5   0.0000000001
5   8   5   6   0.0000000040
5   9   4   4   -0.0000000001
5   9   4   5   0.0000000003
5   9   5   4   -0.0000000040
5   9   5   5   -0.0000000018
5   10   1   6   0.0000000007
5   10   2   6   -0.0078362368
5   10   3   6   0.0000000003
5   10   4   4   -0.0000000004
5   10   4   5   -0.0000000002
5   10   5   4   -0.0000000021
5   10   5   5   0.0000000047

End IJKA Block
Begin IABC Block
1   4   1   6   0.0000000003
1   4   3   4   0.0000000006
1   5   2   6   0.0000000003
1   5   3   5   0.0000000006
1   6   1   4   0.0000000002
1   6   2   5   0.0000000002
1   6   3   6   0.0000000013
2   4   1   6   -0.0103315400
2   4   3   4   -0.0261379812
2   5   2   6   -0.0103315400
2   5   3   5   -0.0261379812
2   6   1   4   -0.0081937769
2   6   2   5   -0.0081937769
2   6   3   6   -0.0374030356
3   4   1   6   0.0000000001
3   4   3   4   -0.0000000027
3   5   2   6   0.0000000001
3   5   3   5   -0.0000000027
3   6   1   4   -0.0000000002
3   6   2   5   -0.0000000002
3   6   3   6   -0.0000000012
4   4   1   4   0.0000000033
4   4   1   5   0.0000000000
4   4   2   4   0.0000000013
4   4   2   5   0.0000000003
4   4   3   6   0.0000000002
4   5   1   4   0.0000000001
4   5   1   5   0.0000000030
4   5   2   4   0.0000000001
4   5   2   5   0.0000000015
4   5   3   6   0.0000000001
4   6   1   6   0.0000000016
4   6   2   6   0.0000000007
4   6   3   4   -0.0000000001
4   6   3   5   -0.0000000001
5   4   1   4   0.0000000015
5   4   1   5   -0.0000000001
5   4   2   4   -0.0000000030
5   4   2   5   0.0000000001
5   4   3   6   0.0000000001
5   5   1   4   -0.0000000003
5   5   1   5   0.0000000013
5   5   2   4   0.0000000000
5   5   2   5   -0.0000000033
5   5   3   6   -0.0000000002
5   6   1   6   0.0000000007
5   6   2   6   -0.0000000016
5   6   3   4   -0.0000000001
5   6   3   5   0.0000000001

End IABC Block
