Begin IJ Block
1   1   -28.6596395787
1   3   0.5143960371
1   7   -0.2914873241
2   2   -28.6568094264
2   6   -0.5164758114
3   3   -11.2535897025
3   7   -1.1572922136
4   4   -8.9794175632
5   5   -8.9794175632
6   6   -7.8995757788
7   7   -8.2530317339

End IJ Block
Begin IA Block
1   4   -0.0500207878
2   3   -0.2664462731
3   4   -0.7888293819
4   5   -1.1471860634
4   6   1.6325148708
5   5   1.6325148708
5   6   1.1471860634
6   3   -1.3233911532
7   4   -1.3271925419

End IA Block
Begin AB Block
1   1   -6.6399373392
2   2   -6.6399373392
3   3   -4.2616216525
4   4   -5.0676294261
5   5   -5.9237462846
6   6   -5.9237462846

End AB Block
Begin IJKL Block
1   8   1   8   2.3571861223
1   8   1   10   -0.2236612151
1   8   1   14   0.0662316514
1   8   2   9   1.7570204063
1   8   2   13   0.1631770846
1   8   3   8   -0.2236612151
1   8   3   10   0.0509434712
1   8   3   14   0.0018914393
1   8   4   11   0.0150447138
1   8   5   12   0.0150447138
1   8   6   9   0.1631770846
1   8   6   13   0.0265611451
1   8   7   8   0.0662316514
1   8   7   10   0.0018914393
1   8   7   14   0.0184118276
1   9   1   9   2.3621130805
1   9   1   13   0.1773007680
1   9   2   8   1.7570204063
1   9   2   10   -0.2470179205
1   9   2   14   0.0381796891
1   9   3   9   -0.2248270596
1   9   3   13   -0.0255232615
1   9   6   8   0.1631770846
1   9   6   10   -0.0265440946
1   9   6   14   0.0140621082
1   9   7   9   0.0661792419
1   9   7   13   0.0153693560
1   10   1   8   -0.2236612151
1   10   1   10   0.9759427597
1   10   1   14   0.1344752491
1   10   2   9   -0.2470179205
1   10   2   13   -0.1251660798
1   10   3   8   0.0509434712
1   10   3   10   0.0120304046
1   10   3   14   0.0114493411
1   10   4   11   0.0230768614
1   10   5   12   0.0230768614
1   10   6   9   -0.0265440946
1   10   6   13   -0.0028772151
1   10   7   8   0.0018914393
1   10   7   10   0.0418501369
1   10   7   14   0.0183739893
1   11   1   11   0.7673695976
1   11   3   11   0.0026892281
1   11   4   8   0.0150447138
1   11   4   10   0.0230768614
1   11   4   14   -0.0045436369
1   11   7   11   0.0144329392
1   12   1   12   0.7673695976
1   12   3   12   0.0026892281
1   12   5   8   0.0150447138
1   12   5   10   0.0230768614
1   12   5   14   -0.0045436369
1   12   7   12   0.0144329392
1   13   1   9   0.1773007680
1   13   1   13   0.6815137382
1   13   2   8   0.1631770846
1   13   2   10   -0.1251660798
1   13   2   14   0.2412367926
1   13   3   9   -0.0255232615
1   13   3   13   -0.0157700635
1   13   6   8   0.0265611451
1   13   6   10   -0.0028772151
1   13   6   14   -0.0063453016
1   13   7   9   0.0153693560
1   13   7   13   -0.0071681722
1   14   1   8   0.0662316514
1   14   1   10   0.1344752491
1   14   1   14   0.7249341450
1   14   2   9   0.0381796891
1   14   2   13   0.2412367926
1   14   3   8   0.0018914393
1   14   3   10   0.0114493411
1   14   3   14   -0.0088476582
1   14   4   11   -0.0045436369
1   14   5   12   -0.0045436369
1   14   6   9   0.0140621082
1   14   6   13   -0.0063453016
1   14   7   8   0.0184118276
1   14   7   10   0.0183739893
1   14   7   14   -0.0000020424
2   8   1   9   1.7570204063
2   8   1   13   0.1631770846
2   8   2   8   2.3621130805
2   8   2   10   -0.2248270596
2   8   2   14   0.0661792419
2   8   3   9   -0.2470179205
2   8   3   13   -0.0265440946
2   8   6   8   0.1773007680
2   8   6   10   -0.0255232615
2   8   6   14   0.0153693560
2   8   7   9   0.0381796891
2   8   7   13   0.0140621082
2   9   1   8   1.7570204063
2   9   1   10   -0.2470179205
2   9   1   14   0.0381796891
2   9   2   9   2.3670683541
2   9   2   13   0.1778756080
2   9   3   8   -0.2470179205
2   9   3   10   0.0498412275
2   9   3   14   -0.0000655510
2   9   4   11   0.0135098263
2   9   5   12   0.0135098263
2   9   6   9   0.1778756080
2   9   6   13   0.0273124903
2   9   7   8   0.0381796891
2   9   7   10   -0.0000655510
2   9   7   14   0.0158480044
2   10   1   9   -0.2470179205
2   10   1   13   -0.1251660798
2   10   2   8   -0.2248270596
2   10   2   10   0.9752970414
2   10   2   14   0.1340128761
2   10   3   9   0.0498412275
2   10   3   13   0.0107616873
2   10   6   8   -0.0255232615
2   10   6   10   0.0310452712
2   10   6   14   0.0103279140
2   10   7   9   -0.0000655510
2   10   7   13   0.0028703667
2   11   2   11   0.7672373712
2   11   4   9   0.0135098263
2   11   4   13   -0.0104340649
2   11   6   11   0.0114216545
2   12   2   12   0.7672373712
2   12   5   9   0.0135098263
2   12   5   13   -0.0104340649
2   12   6   12   0.0114216545
2   13   1   8   0.1631770846
2   13   1   10   -0.1251660798
2   13   1   14   0.2412367926
2   13   2   9   0.1778756080
2   13   2   13   0.6818906680
2   13   3   8   -0.0265440946
2   13   3   10   0.0107616873
2   13   3   14   -0.0212634995
2   13   4   11   -0.0104340649
2   13   5   12   -0.0104340649
2   13   6   9   0.0273124903
2   13   6   13   0.0016319834
2   13   7   8   0.0140621082
2   13   7   10   0.0028703667
2   13   7   14   -0.0190688325
2   14   1   9   0.0381796891
2   14   1   13   0.2412367926
2   14   2   8   0.0661792419
2   14   2   10   0.1340128761
2   14   2   14   0.7250403425
2   14   3   9   -0.0000655510
2   14   3   13   -0.0212634995
2   14   6   8   0.0153693560
2   14   6   10   0.0103279140
2   14   6   14   0.0042956666
2   14   7   9   0.0158480044
2   14   7   13   -0.0190688325
3   8   1   8   -0.2236612151
3   8   1   10   0.0509434712
3   8   1   14   0.0018914393
3   8   2   9   -0.2470179205
3   8   2   13   -0.0265440946
3   8   3   8   0.9759427597
3   8   3   10   0.0120304046
3   8   3   14   0.0418501369
3   8   4   11   0.0230768614
3   8   5   12   0.0230768614
3   8   6   9   -0.1251660798
3   8   6   13   -0.0028772151
3   8   7   8   0.1344752491
3   8   7   10   0.0114493411
3   8   7   14   0.0183739893
3   9   1   9   -0.2248270596
3   9   1   13   -0.0255232615
3   9   2   8   -0.2470179205
3   9   2   10   0.0498412275
3   9   2   14   -0.0000655510
3   9   3   9   0.9752970414
3   9   3   13   0.0310452712
3   9   6   8   -0.1251660798
3   9   6   10   0.0107616873
3   9   6   14   0.0028703667
3   9   7   9   0.1340128761
3   9   7   13   0.0103279140
3   10   1   8   0.0509434712
3   10   1   10   0.0120304046
3   10   1   14   0.0114493411
3   10   2   9   0.0498412275
3   10   2   13   0.0107616873
3   10   3   8   0.0120304046
3   10   3   10   0.9466896785
3   10   3   14   0.1581784077
3   10   4   11   0.1218562893
3   10   5   12   0.1218562893
3   10   6   9   0.0107616873
3   10   6   13   0.0319824346
3   10   7   8   0.0114493411
3   10   7   10   0.1581784077
3   10   7   14   0.0618100204
3   11   1   11   0.0026892281
3   11   3   11   0.7241762757
3   11   4   8   0.0230768614
3   11   4   10   0.1218562893
3   11   4   14   -0.0156304654
3   11   7   11   0.0721690877
3   12   1   12   0.0026892281
3   12   3   12   0.7241762757
3   12   5   8   0.0230768614
3   12   5   10   0.1218562893
3   12   5   14   -0.0156304654
3   12   7   12   0.0721690877
3   13   1   9   -0.0255232615
3   13   1   13   -0.0157700635
3   13   2   8   -0.0265440946
3   13   2   10   0.0107616873
3   13   2   14   -0.0212634995
3   13   3   9   0.0310452712
3   13   3   13   0.5496406427
3   13   6   8   -0.0028772151
3   13   6   10   0.0319824346
3   13   6   14   -0.0700497979
3   13   7   9   0.0103279140
3   13   7   13   0.0153976591
3   14   1   8   0.0018914393
3   14   1   10   0.0114493411
3   14   1   14   -0.0088476582
3   14   2   9   -0.0000655510
3   14   2   13   -0.0212634995
3   14   3   8   0.0418501369
3   14   3   10   0.1581784077
3   14   3   14   0.6085552300
3   14   4   11   -0.0156304654
3   14   5   12   -0.0156304654
3   14   6   9   0.0028703667
3   14   6   13   -0.0700497979
3   14   7   8   0.0183739893
3   14   7   10   0.0618100204
3   14   7   14   0.0431810458
4   8   1   11   0.0150447138
4   8   3   11   0.0230768614
4   8   4   8   0.7673695976
4   8   4   10   0.0026892281
4   8   4   14   0.0144329392
4   8   7   11   -0.0045436369
4   9   2   11   0.0135098263
4   9   4   9   0.7672373712
4   9   4   13   0.0114216545
4   9   6   11   -0.0104340649
4   10   1   11   0.0230768614
4   10   3   11   0.1218562893
4   10   4   8   0.0026892281
4   10   4   10   0.7241762757
4   10   4   14   0.0721690877
4   10   7   11   -0.0156304654
4   11   1   8   0.0150447138
4   11   1   10   0.0230768614
4   11   1   14   -0.0045436369
4   11   2   9   0.0135098263
4   11   2   13   -0.0104340649
4   11   3   8   0.0230768614
4   11   3   10   0.1218562893
4   11   3   14   -0.0156304654
4   11   4   11   0.6542665670
4   11   5   12   0.0283028065
4   11   6   9   -0.0104340649
4   11   6   13   0.0367828364
4   11   7   8   -0.0045436369
4   11   7   10   -0.0156304654
4   11   7   14   0.0265900337
4   12   4   12   0.5976609541
4   12   5   11   0.0283028065
4   13   2   11   -0.0104340649
4   13   4   9   0.0114216545
4   13   4   13   0.5217757363
4   13   6   11   0.0367828364
4   14   1   11   -0.0045436369
4   14   3   11   -0.0156304654
4   14   4   8   0.0144329392
4   14   4   10   0.0721690877
4   14   4   14   0.5421508475
4   14   7   11   0.0265900337
5   8   1   12   0.0150447138
5   8   3   12   0.0230768614
5   8   5   8   0.7673695976
5   8   5   10   0.0026892281
5   8   5   14   0.0144329392
5   8   7   12   -0.0045436369
5   9   2   12   0.0135098263
5   9   5   9   0.7672373712
5   9   5   13   0.0114216545
5   9   6   12   -0.0104340649
5   10   1   12   0.0230768614
5   10   3   12   0.1218562893
5   10   5   8   0.0026892281
5   10   5   10   0.7241762757
5   10   5   14   0.0721690877
5   10   7   12   -0.0156304654
5   11   4   12   0.0283028065
5   11   5   11   0.5976609541
5   12   1   8   0.0150447138
5   12   1   10   0.0230768614
5   12   1   14   -0.0045436369
5   12   2   9   0.0135098263
5   12   2   13   -0.0104340649
5   12   3   8   0.0230768614
5   12   3   10   0.1218562893
5   12   3   14   -0.0156304654
5   12   4   11   0.0283028065
5   12   5   12   0.6542665670
5   12   6   9   -0.0104340649
5   12   6   13   0.0367828364
5   12   7   8   -0.0045436369
5   12   7   10   -0.0156304654
5   12   7   14   0.0265900337
5   13   2   12   -0.0104340649
5   13   5   9   0.0114216545
5   13   5   13   0.5217757363
5   13   6   12   0.0367828364
5   14   1   12   -0.0045436369
5   14   3   12   -0.0156304654
5   14   5   8   0.0144329392
5   14   5   10   0.0721690877
5   14   5   14   0.5421508475
5   14   7   12   0.0265900337
6   8   1   9   0.1631770846
6   8   1   13   0.0265611451
6   8   2   8   0.1773007680
6   8   2   10   -0.0255232615
6   8   2   14   0.0153693560
6   8   3   9   -0.1251660798
6   8   3   13   -0.0028772151
6   8   6   8   0.6815137382
6   8   6   10   -0.0157700635
6   8   6   14   -0.0071681722
6   8   7   9   0.2412367926
6   8   7   13   -0.0063453016
6   9   1   8   0.1631770846
6   9   1   10   -0.0265440946
6   9   1   14   0.0140621082
6   9   2   9   0.1778756080
6   9   2   13   0.0273124903
6   9   3   8   -0.1251660798
6   9   3   10   0.0107616873
6   9   3   14   0.0028703667
6   9   4   11   -0.0104340649
6   9   5   12   -0.0104340649
6   9   6   9   0.6818906680
6   9   6   13   0.0016319834
6   9   7   8   0.2412367926
6   9   7   10   -0.0212634995
6   9   7   14   -0.0190688325
6   10   1   9   -0.0265440946
6   10   1   13   -0.0028772151
6   10   2   8   -0.0255232615
6   10   2   10   0.0310452712
6   10   2   14   0.0103279140
6   10   3   9   0.0107616873
6   10   3   13   0.0319824346
6   10   6   8   -0.0157700635
6   10   6   10   0.5496406427
6   10   6   14   0.0153976591
6   10   7   9   -0.0212634995
6   10   7   13   -0.0700497979
6   11   2   11   0.0114216545
6   11   4   9   -0.0104340649
6   11   4   13   0.0367828364
6   11   6   11   0.5217757363
6   12   2   12   0.0114216545
6   12   5   9   -0.0104340649
6   12   5   13   0.0367828364
6   12   6   12   0.5217757363
6   13   1   8   0.0265611451
6   13   1   10   -0.0028772151
6   13   1   14   -0.0063453016
6   13   2   9   0.0273124903
6   13   2   13   0.0016319834
6   13   3   8   -0.0028772151
6   13   3   10   0.0319824346
6   13   3   14   -0.0700497979
6   13   4   11   0.0367828364
6   13   5   12   0.0367828364
6   13   6   9   0.0016319834
6   13   6   13   0.5520548071
6   13   7   8   -0.0063453016
6   13   7   10   -0.0700497979
6   13   7   14   0.2157641249
6   14   1   9   0.0140621082
6   14   1   13   -0.0063453016
6   14   2   8   0.0153693560
6   14   2   10   0.0103279140
6   14   2   14   0.0042956666
6   14   3   9   0.0028703667
6   14   3   13   -0.0700497979
6   14   6   8   -0.0071681722
6   14   6   10   0.0153976591
6   14   6   14   0.5573184262
6   14   7   9   -0.0190688325
6   14   7   13   0.2157641249
7   8   1   8   0.0662316514
7   8   1   10   0.0018914393
7   8   1   14   0.0184118276
7   8   2   9   0.0381796891
7   8   2   13   0.0140621082
7   8   3   8   0.1344752491
7   8   3   10   0.0114493411
7   8   3   14   0.0183739893
7   8   4   11   -0.0045436369
7   8   5   12   -0.0045436369
7   8   6   9   0.2412367926
7   8   6   13   -0.0063453016
7   8   7   8   0.7249341450
7   8   7   10   -0.0088476582
7   8   7   14   -0.0000020424
7   9   1   9   0.0661792419
7   9   1   13   0.0153693560
7   9   2   8   0.0381796891
7   9   2   10   -0.0000655510
7   9   2   14   0.0158480044
7   9   3   9   0.1340128761
7   9   3   13   0.0103279140
7   9   6   8   0.2412367926
7   9   6   10   -0.0212634995
7   9   6   14   -0.0190688325
7   9   7   9   0.7250403425
7   9   7   13   0.0042956666
7   10   1   8   0.0018914393
7   10   1   10   0.0418501369
7   10   1   14   0.0183739893
7   10   2   9   -0.0000655510
7   10   2   13   0.0028703667
7   10   3   8   0.0114493411
7   10   3   10   0.1581784077
7   10   3   14   0.0618100204
7   10   4   11   -0.0156304654
7   10   5   12   -0.0156304654
7   10   6   9   -0.0212634995
7   10   6   13   -0.0700497979
7   10   7   8   -0.0088476582
7   10   7   10   0.6085552300
7   10   7   14   0.0431810458
7   11   1   11   0.0144329392
7   11   3   11   0.0721690877
7   11   4   8   -0.0045436369
7   11   4   10   -0.0156304654
7   11   4   14   0.0265900337
7   11   7   11   0.5421508475
7   12   1   12   0.0144329392
7   12   3   12   0.0721690877
7   12   5   8   -0.0045436369
7   12   5   10   -0.0156304654
7   12   5   14   0.0265900337
7   12   7   12   0.5421508475
7   13   1   9   0.0153693560
7   13   1   13   -0.0071681722
7   13   2   8   0.0140621082
7   13   2   10   0.0028703667
7   13   2   14   -0.0190688325
7   13   3   9   0.0103279140
7   13   3   13   0.0153976591
7   13   6   8   -0.0063453016
7   13   6   10   -0.0700497979
7   13   6   14   0.2157641249
7   13   7   9   0.0042956666
7   13   7   13   0.5573184262
7   14   1   8   0.0184118276
7   14   1   10   0.0183739893
7   14   1   14   -0.0000020424
7   14   2   9   0.0158480044
7   14   2   13   -0.0190688325
7   14   3   8   0.0183739893
7   14   3   10   0.0618100204
7   14   3   14   0.0431810458
7   14   4   11   0.0265900337
7   14   5   12   0.0265900337
7   14   6   9   -0.0190688325
7   14   6   13   0.2157641249
7   14   7   8   -0.0000020424
7   14   7   10   0.0431810458
7   14   7   14   0.5775598157

End IJKL Block
Begin IJAB Block
1   8   1   7   0.0089485495
1   8   2   8   0.0089485495
1   8   3   9   0.0081584717
1   8   4   10   0.0067134257
1   8   5   11   0.0143647090
1   8   6   12   0.0143647090
1   9   1   11   0.0064923530
1   9   1   12   0.0086658153
1   9   2   11   -0.0086658153
1   9   2   12   0.0064923530
1   9   3   10   0.0003640157
1   9   4   9   0.0006526089
1   9   5   7   0.0069437591
1   9   5   8   -0.0092683399
1   9   6   7   0.0092683399
1   9   6   8   0.0069437591
1   10   1   7   0.0069649234
1   10   2   8   0.0069649234
1   10   3   9   -0.0017270157
1   10   4   10   0.0061882896
1   10   5   11   0.0109338857
1   10   6   12   0.0109338857
1   11   1   9   0.0014639906
1   11   2   9   0.0044887297
1   11   3   7   -0.0001775705
1   11   3   8   -0.0005444474
1   11   4   11   0.0021924986
1   11   4   12   -0.0031200575
1   11   5   10   -0.0011366712
1   11   6   10   0.0016175516
1   12   1   9   0.0044887297
1   12   2   9   -0.0014639906
1   12   3   7   -0.0005444474
1   12   3   8   0.0001775705
1   12   4   11   -0.0031200575
1   12   4   12   -0.0021924986
1   12   5   10   0.0016175516
1   12   6   10   0.0011366712
1   13   1   11   -0.0021985520
1   13   1   12   -0.0029345671
1   13   2   11   0.0029345671
1   13   2   12   -0.0021985520
1   13   3   10   0.0003699622
1   13   4   9   -0.0013232472
1   13   5   7   -0.0071935516
1   13   5   8   0.0096017561
1   13   6   7   -0.0096017561
1   13   6   8   -0.0071935516
1   14   1   7   -0.0057592216
1   14   2   8   -0.0057592216
1   14   3   9   0.0001012409
1   14   4   10   0.0034146891
1   14   5   11   0.0020220899
1   14   6   12   0.0020220899
2   8   1   11   0.0069437591
2   8   1   12   0.0092683399
2   8   2   11   -0.0092683399
2   8   2   12   0.0069437591
2   8   3   10   0.0006526089
2   8   4   9   0.0003640157
2   8   5   7   0.0064923530
2   8   5   8   -0.0086658153
2   8   6   7   0.0086658153
2   8   6   8   0.0064923530
2   9   1   7   0.0094473614
2   9   2   8   0.0094473614
2   9   3   9   0.0082848296
2   9   4   10   0.0057931306
2   9   5   11   0.0132367156
2   9   6   12   0.0132367156
2   10   1   11   0.0050492627
2   10   1   12   0.0067396179
2   10   2   11   -0.0067396179
2   10   2   12   0.0050492627
2   10   3   10   0.0032549945
2   10   4   9   0.0009205457
2   10   5   7   0.0046657153
2   10   5   8   -0.0062276693
2   10   6   7   0.0062276693
2   10   6   8   0.0046657153
2   11   1   10   0.0006678839
2   11   2   10   0.0020477934
2   11   3   11   0.0021135663
2   11   3   12   -0.0030077322
2   11   4   7   0.0014793922
2   11   4   8   0.0045359523
2   11   5   9   -0.0029313411
2   11   6   9   0.0041714749
2   12   1   10   0.0020477934
2   12   2   10   -0.0006678839
2   12   3   11   -0.0030077322
2   12   3   12   -0.0021135663
2   12   4   7   0.0045359523
2   12   4   8   -0.0014793922
2   12   5   9   0.0041714749
2   12   6   9   0.0029313411
2   13   1   7   -0.0110697725
2   13   2   8   -0.0110697725
2   13   3   9   0.0016079748
2   13   4   10   -0.0009812792
2   13   5   11   -0.0040611155
2   13   6   12   -0.0040611155
2   14   1   11   0.0007041568
2   14   1   12   0.0009398893
2   14   2   11   -0.0009398893
2   14   2   12   0.0007041568
2   14   3   10   0.0026563615
2   14   4   9   -0.0029596393
2   14   5   7   -0.0033131769
2   14   5   8   0.0044223380
2   14   6   7   -0.0044223380
2   14   6   8   -0.0033131769
3   8   1   7   0.0069649234
3   8   2   8   0.0069649234
3   8   3   9   -0.0017270157
3   8   4   10   0.0061882896
3   8   5   11   0.0109338857
3   8   6   12   0.0109338857
3   9   1   11   0.0046657153
3   9   1   12   0.0062276693
3   9   2   11   -0.0062276693
3   9   2   12   0.0046657153
3   9   3   10   0.0009205457
3   9   4   9   0.0032549945
3   9   5   7   0.0050492627
3   9   5   8   -0.0067396179
3   9   6   7   0.0067396179
3   9   6   8   0.0050492627
3   10   1   7   0.0212440071
3   10   2   8   0.0212440071
3   10   3   9   0.0093847095
3   10   4   10   0.0317745627
3   10   5   11   0.0318403236
3   10   6   12   0.0318403236
3   11   1   9   0.0038145910
3   11   2   9   0.0116958865
3   11   3   7   0.0081675960
3   11   3   8   0.0250425999
3   11   4   11   0.0176019191
3   11   4   12   -0.0250485911
3   11   5   10   0.0006874053
3   11   6   10   -0.0009782191
3   12   1   9   0.0116958865
3   12   2   9   -0.0038145910
3   12   3   7   0.0250425999
3   12   3   8   -0.0081675960
3   12   4   11   -0.0250485911
3   12   4   12   -0.0176019191
3   12   5   10   -0.0009782191
3   12   6   10   -0.0006874053
3   13   1   11   -0.0016616482
3   13   1   12   -0.0022179226
3   13   2   11   0.0022179226
3   13   2   12   -0.0016616482
3   13   3   10   -0.0044339081
3   13   4   9   0.0055273145
3   13   5   7   -0.0084551929
3   13   5   8   0.0112857604
3   13   6   7   -0.0112857604
3   13   6   8   -0.0084551929
3   14   1   7   -0.0192188589
3   14   2   8   -0.0192188589
3   14   3   9   -0.0079143822
3   14   4   10   0.0168531328
3   14   5   11   0.0058380964
3   14   6   12   0.0058380964
4   8   1   9   -0.0001775705
4   8   2   9   -0.0005444474
4   8   3   7   0.0014639906
4   8   3   8   0.0044887297
4   8   4   11   -0.0011366712
4   8   4   12   0.0016175516
4   8   5   10   0.0021924986
4   8   6   10   -0.0031200575
4   9   1   10   0.0014793922
4   9   2   10   0.0045359523
4   9   3   11   -0.0029313411
4   9   3   12   0.0041714749
4   9   4   7   0.0006678839
4   9   4   8   0.0020477934
4   9   5   9   0.0021135663
4   9   6   9   -0.0030077322
4   10   1   9   0.0081675960
4   10   2   9   0.0250425999
4   10   3   7   0.0038145910
4   10   3   8   0.0116958865
4   10   4   11   0.0006874053
4   10   4   12   -0.0009782191
4   10   5   10   0.0176019191
4   10   6   10   -0.0250485911
4   11   1   7   0.0206580619
4   11   1   8   0.0280804453
4   11   2   7   0.0280804453
4   11   2   8   0.0975969048
4   11   3   9   0.0089519523
4   11   4   10   0.0171558603
4   11   5   11   0.0307248159
4   11   5   12   -0.0321896343
4   11   6   11   -0.0321896343
4   11   6   12   0.0539125963
4   12   1   7   0.0280804453
4   12   1   8   0.0023412951
4   12   2   7   0.0745975478
4   12   2   8   -0.0280804453
4   12   5   11   -0.0321896343
4   12   5   12   -0.0145152006
4   12   6   11   0.0377029809
4   12   6   12   0.0321896343
4   13   1   10   0.0000407010
4   13   2   10   0.0001247929
4   13   3   11   0.0025713463
4   13   3   12   -0.0036591807
4   13   4   7   -0.0058103364
4   13   4   8   -0.0178150255
4   13   5   9   0.0187425151
4   13   6   9   -0.0266717279
4   14   1   9   -0.0046237717
4   14   2   9   -0.0141769089
4   14   3   7   -0.0034829720
4   14   3   8   -0.0106791122
4   14   4   11   -0.0030250517
4   14   4   12   0.0043048308
4   14   5   10   0.0205407962
4   14   6   10   -0.0292307902
5   8   1   9   -0.0005444474
5   8   2   9   0.0001775705
5   8   3   7   0.0044887297
5   8   3   8   -0.0014639906
5   8   4   11   0.0016175516
5   8   4   12   0.0011366712
5   8   5   10   -0.0031200575
5   8   6   10   -0.0021924986
5   9   1   10   0.0045359523
5   9   2   10   -0.0014793922
5   9   3   11   0.0041714749
5   9   3   12   0.0029313411
5   9   4   7   0.0020477934
5   9   4   8   -0.0006678839
5   9   5   9   -0.0030077322
5   9   6   9   -0.0021135663
5   10   1   9   0.0250425999
5   10   2   9   -0.0081675960
5   10   3   7   0.0116958865
5   10   3   8   -0.0038145910
5   10   4   11   -0.0009782191
5   10   4   12   -0.0006874053
5   10   5   10   -0.0250485911
5   10   6   10   -0.0176019191
5   11   1   7   0.0280804453
5   11   1   8   0.0745975478
5   11   2   7   0.0023412951
5   11   2   8   -0.0280804453
5   11   5   11   -0.0321896343
5   11   5   12   0.0377029809
5   11   6   11   -0.0145152006
5   11   6   12   0.0321896343
5   12   1   7   0.0975969048
5   12   1   8   -0.0280804453
5   12   2   7   -0.0280804453
5   12   2   8   0.0206580619
5   12   3   9   0.0089519523
5   12   4   10   0.0171558603
5   12   5   11   0.0539125963
5   12   5   12   0.0321896343
5   12   6   11   0.0321896343
5   12   6   12   0.0307248159
5   13   1   10   0.0001247929
5   13   2   10   -0.0000407010
5   13   3   11   -0.0036591807
5   13   3   12   -0.0025713463
5   13   4   7   -0.0178150255
5   13   4   8   0.0058103364
5   13   5   9   -0.0266717279
5   13   6   9   -0.0187425151
5   14   1   9   -0.0141769089
5   14   2   9   0.0046237717
5   14   3   7   -0.0106791122
5   14   3   8   0.0034829720
5   14   4   11   0.0043048308
5   14   4   12   0.0030250517
5   14   5   10   -0.0292307902
5   14   6   10   -0.0205407962
6   8   1   11   -0.0071935516
6   8   1   12   -0.0096017561
6   8   2   11   0.0096017561
6   8   2   12   -0.0071935516
6   8   3   10   -0.0013232472
6   8   4   9   0.0003699622
6   8   5   7   -0.0021985520
6   8   5   8   0.0029345671
6   8   6   7   -0.0029345671
6   8   6   8   -0.0021985520
6   9   1   7   -0.0110697725
6   9   2   8   -0.0110697725
6   9   3   9   0.0016079748
6   9   4   10   -0.0009812792
6   9   5   11   -0.0040611155
6   9   6   12   -0.0040611155
6   10   1   11   -0.0084551929
6   10   1   12   -0.0112857604
6   10   2   11   0.0112857604
6   10   2   12   -0.0084551929
6   10   3   10   0.0055273145
6   10   4   9   -0.0044339081
6   10   5   7   -0.0016616482
6   10   5   8   0.0022179226
6   10   6   7   -0.0022179226
6   10   6   8   -0.0016616482
6   11   1   10   -0.0058103364
6   11   2   10   -0.0178150255
6   11   3   11   0.0187425151
6   11   3   12   -0.0266717279
6   11   4   7   0.0000407010
6   11   4   8   0.0001247929
6   11   5   9   0.0025713463
6   11   6   9   -0.0036591807
6   12   1   10   -0.0178150255
6   12   2   10   0.0058103364
6   12   3   11   -0.0266717279
6   12   3   12   -0.0187425151
6   12   4   7   0.0001247929
6   12   4   8   -0.0000407010
6   12   5   9   -0.0036591807
6   12   6   9   -0.0025713463
6   13   1   7   0.0674369692
6   13   2   8   0.0674369692
6   13   3   9   0.0374353111
6   13   4   10   0.0192389306
6   13   5   11   0.0098795272
6   13   6   12   0.0098795272
6   14   1   11   -0.0099538403
6   14   1   12   -0.0132861140
6   14   2   11   0.0132861140
6   14   2   12   -0.0099538403
6   14   3   10   0.0327693582
6   14   4   9   0.0181751443
6   14   5   7   -0.0020983048
6   14   5   8   0.0028007599
6   14   6   7   -0.0028007599
6   14   6   8   -0.0020983048
7   8   1   7   -0.0057592216
7   8   2   8   -0.0057592216
7   8   3   9   0.0001012409
7   8   4   10   0.0034146891
7   8   5   11   0.0020220899
7   8   6   12   0.0020220899
7   9   1   11   -0.0033131769
7   9   1   12   -0.0044223380
7   9   2   11   0.0044223380
7   9   2   12   -0.0033131769
7   9   3   10   -0.0029596393
7   9   4   9   0.0026563615
7   9   5   7   0.0007041568
7   9   5   8   -0.0009398893
7   9   6   7   0.0009398893
7   9   6   8   0.0007041568
7   10   1   7   -0.0192188589
7   10   2   8   -0.0192188589
7   10   3   9   -0.0079143822
7   10   4   10   0.0168531328
7   10   5   11   0.0058380964
7   10   6   12   0.0058380964
7   11   1   9   -0.0034829720
7   11   2   9   -0.0106791122
7   11   3   7   -0.0046237717
7   11   3   8   -0.0141769089
7   11   4   11   0.0205407962
7   11   4   12   -0.0292307902
7   11   5   10   -0.0030250517
7   11   6   10   0.0043048308
7   12   1   9   -0.0106791122
7   12   2   9   0.0034829720
7   12   3   7   -0.0141769089
7   12   3   8   0.0046237717
7   12   4   11   -0.0292307902
7   12   4   12   -0.0205407962
7   12   5   10   0.0043048308
7   12   6   10   0.0030250517
7   13   1   11   -0.0020983048
7   13   1   12   -0.0028007599
7   13   2   11   0.0028007599
7   13   2   12   -0.0020983048
7   13   3   10   0.0181751443
7   13   4   9   0.0327693582
7   13   5   7   -0.0099538403
7   13   5   8   0.0132861140
7   13   6   7   -0.0132861140
7   13   6   8   -0.0099538403
7   14   1   7   0.0384646124
7   14   2   8   0.0384646124
7   14   3   9   0.0230372562
7   14   4   10   0.0413185442
7   14   5   11   0.0154281036
7   14   6   12   0.0154281036

End IJAB Block
Begin ABCD Block
1   7   1   7   0.4481059887
1   7   2   8   0.0172834292
1   7   3   9   0.0135596741
1   7   4   10   0.0083053580
1   7   5   11   0.0174025196
1   7   5   12   0.0147158281
1   7   6   11   0.0147158281
1   7   6   12   0.0260198353
1   8   1   8   0.4135391303
1   8   2   7   0.0172834292
1   8   5   11   -0.0147158281
1   8   5   12   0.0046474195
1   8   6   11   -0.0132647351
1   8   6   12   0.0147158281
1   9   1   9   0.3257568736
1   9   3   7   0.0135596741
1   9   4   11   -0.0025149509
1   9   4   12   -0.0033568877
1   9   5   10   -0.0147150678
1   9   6   10   -0.0196412704
1   10   1   10   0.3645785072
1   10   3   11   -0.0044506733
1   10   3   12   -0.0059406371
1   10   4   7   0.0083053580
1   10   5   9   -0.0147150678
1   10   6   9   -0.0196412704
1   11   1   11   0.3944369808
1   11   1   12   0.0132147797
1   11   2   11   -0.0132147797
1   11   2   12   -0.0038691648
1   11   3   10   -0.0044506733
1   11   4   9   -0.0025149509
1   11   5   7   0.0174025196
1   11   5   8   -0.0147158281
1   11   6   7   0.0147158281
1   11   6   8   -0.0132647351
1   12   1   11   0.0132147797
1   12   1   12   0.4021753103
1   12   2   11   -0.0038691648
1   12   2   12   0.0132147797
1   12   3   10   -0.0059406371
1   12   4   9   -0.0033568877
1   12   5   7   0.0147158281
1   12   5   8   0.0046474195
1   12   6   7   0.0260198353
1   12   6   8   0.0147158281
2   7   1   8   0.0172834292
2   7   2   7   0.4135391303
2   7   5   11   -0.0147158281
2   7   5   12   -0.0132647351
2   7   6   11   0.0046474195
2   7   6   12   0.0147158281
2   8   1   7   0.0172834292
2   8   2   8   0.4481059887
2   8   3   9   0.0135596741
2   8   4   10   0.0083053580
2   8   5   11   0.0260198353
2   8   5   12   -0.0147158281
2   8   6   11   -0.0147158281
2   8   6   12   0.0174025196
2   9   2   9   0.3257568736
2   9   3   8   0.0135596741
2   9   4   11   0.0033568877
2   9   4   12   -0.0025149509
2   9   5   10   0.0196412704
2   9   6   10   -0.0147150678
2   10   2   10   0.3645785072
2   10   3   11   0.0059406371
2   10   3   12   -0.0044506733
2   10   4   8   0.0083053580
2   10   5   9   0.0196412704
2   10   6   9   -0.0147150678
2   11   1   11   -0.0132147797
2   11   1   12   -0.0038691648
2   11   2   11   0.4021753103
2   11   2   12   -0.0132147797
2   11   3   10   0.0059406371
2   11   4   9   0.0033568877
2   11   5   7   -0.0147158281
2   11   5   8   0.0260198353
2   11   6   7   0.0046474195
2   11   6   8   -0.0147158281
2   12   1   11   -0.0038691648
2   12   1   12   0.0132147797
2   12   2   11   -0.0132147797
2   12   2   12   0.3944369808
2   12   3   10   -0.0044506733
2   12   4   9   -0.0025149509
2   12   5   7   -0.0132647351
2   12   5   8   -0.0147158281
2   12   6   7   0.0147158281
2   12   6   8   0.0174025196
3   7   1   9   0.0135596741
3   7   3   7   0.3257568736
3   7   4   11   -0.0147150678
3   7   4   12   -0.0196412704
3   7   5   10   -0.0025149509
3   7   6   10   -0.0033568877
3   8   2   9   0.0135596741
3   8   3   8   0.3257568736
3   8   4   11   0.0196412704
3   8   4   12   -0.0147150678
3   8   5   10   0.0033568877
3   8   6   10   -0.0025149509
3   9   1   7   0.0135596741
3   9   2   8   0.0135596741
3   9   3   9   0.3509197893
3   9   4   10   0.1070523945
3   9   5   11   0.0065073264
3   9   6   12   0.0065073264
3   10   1   11   -0.0044506733
3   10   1   12   -0.0059406371
3   10   2   11   0.0059406371
3   10   2   12   -0.0044506733
3   10   3   10   0.3329780122
3   10   4   9   0.1070523945
3   10   5   7   -0.0025149509
3   10   5   8   0.0033568877
3   10   6   7   -0.0033568877
3   10   6   8   -0.0025149509
3   11   1   10   -0.0044506733
3   11   2   10   0.0059406371
3   11   3   11   0.2969853789
3   11   4   7   -0.0147150678
3   11   4   8   0.0196412704
3   11   5   9   0.0065073264
3   12   1   10   -0.0059406371
3   12   2   10   -0.0044506733
3   12   3   12   0.2969853789
3   12   4   7   -0.0196412704
3   12   4   8   -0.0147150678
3   12   6   9   0.0065073264
4   7   1   10   0.0083053580
4   7   3   11   -0.0147150678
4   7   3   12   -0.0196412704
4   7   4   7   0.3645785072
4   7   5   9   -0.0044506733
4   7   6   9   -0.0059406371
4   8   2   10   0.0083053580
4   8   3   11   0.0196412704
4   8   3   12   -0.0147150678
4   8   4   8   0.3645785072
4   8   5   9   0.0059406371
4   8   6   9   -0.0044506733
4   9   1   11   -0.0025149509
4   9   1   12   -0.0033568877
4   9   2   11   0.0033568877
4   9   2   12   -0.0025149509
4   9   3   10   0.1070523945
4   9   4   9   0.3329780122
4   9   5   7   -0.0044506733
4   9   5   8   0.0059406371
4   9   6   7   -0.0059406371
4   9   6   8   -0.0044506733
4   10   1   7   0.0083053580
4   10   2   8   0.0083053580
4   10   3   9   0.1070523945
4   10   4   10   0.3565294062
4   10   5   11   0.0175639280
4   10   6   12   0.0175639280
4   11   1   9   -0.0025149509
4   11   2   9   0.0033568877
4   11   3   7   -0.0147150678
4   11   3   8   0.0196412704
4   11   4   11   0.3506949583
4   11   5   10   0.0175639280
4   12   1   9   -0.0033568877
4   12   2   9   -0.0025149509
4   12   3   7   -0.0196412704
4   12   3   8   -0.0147150678
4   12   4   12   0.3506949583
4   12   6   10   0.0175639280
5   7   1   11   0.0174025196
5   7   1   12   0.0147158281
5   7   2   11   -0.0147158281
5   7   2   12   -0.0132647351
5   7   3   10   -0.0025149509
5   7   4   9   -0.0044506733
5   7   5   7   0.3944369808
5   7   5   8   -0.0132147797
5   7   6   7   0.0132147797
5   7   6   8   -0.0038691648
5   8   1   11   -0.0147158281
5   8   1   12   0.0046474195
5   8   2   11   0.0260198353
5   8   2   12   -0.0147158281
5   8   3   10   0.0033568877
5   8   4   9   0.0059406371
5   8   5   7   -0.0132147797
5   8   5   8   0.4021753103
5   8   6   7   -0.0038691648
5   8   6   8   -0.0132147797
5   9   1   10   -0.0147150678
5   9   2   10   0.0196412704
5   9   3   11   0.0065073264
5   9   4   7   -0.0044506733
5   9   4   8   0.0059406371
5   9   5   9   0.2969853789
5   10   1   9   -0.0147150678
5   10   2   9   0.0196412704
5   10   3   7   -0.0025149509
5   10   3   8   0.0033568877
5   10   4   11   0.0175639280
5   10   5   10   0.3506949583
5   11   1   7   0.0174025196
5   11   1   8   -0.0147158281
5   11   2   7   -0.0147158281
5   11   2   8   0.0260198353
5   11   3   9   0.0065073264
5   11   4   10   0.0175639280
5   11   5   11   0.4138104620
5   11   6   12   0.0179299919
5   12   1   7   0.0147158281
5   12   1   8   0.0046474195
5   12   2   7   -0.0132647351
5   12   2   8   -0.0147158281
5   12   5   12   0.3779504782
5   12   6   11   0.0179299919
6   7   1   11   0.0147158281
6   7   1   12   0.0260198353
6   7   2   11   0.0046474195
6   7   2   12   0.0147158281
6   7   3   10   -0.0033568877
6   7   4   9   -0.0059406371
6   7   5   7   0.0132147797
6   7   5   8   -0.0038691648
6   7   6   7   0.4021753103
6   7   6   8   0.0132147797
6   8   1   11   -0.0132647351
6   8   1   12   0.0147158281
6   8   2   11   -0.0147158281
6   8   2   12   0.0174025196
6   8   3   10   -0.0025149509
6   8   4   9   -0.0044506733
6   8   5   7   -0.0038691648
6   8   5   8   -0.0132147797
6   8   6   7   0.0132147797
6   8   6   8   0.3944369808
6   9   1   10   -0.0196412704
6   9   2   10   -0.0147150678
6   9   3   12   0.0065073264
6   9   4   7   -0.0059406371
6   9   4   8   -0.0044506733
6   9   6   9   0.2969853789
6   10   1   9   -0.0196412704
6   10   2   9   -0.0147150678
6   10   3   7   -0.0033568877
6   10   3   8   -0.0025149509
6   10   4   12   0.0175639280
6   10   6   10   0.3506949583
6   11   1   7   0.0147158281
6   11   1   8   -0.0132647351
6   11   2   7   0.0046474195
6   11   2   8   -0.0147158281
6   11   5   12   0.0179299919
6   11   6   11   0.3779504782
6   12   1   7   0.0260198353
6   12   1   8   0.0147158281
6   12   2   7   0.0147158281
6   12   2   8   0.0174025196
6   12   3   9   0.0065073264
6   12   4   10   0.0175639280
6   12   5   11   0.0179299919
6   12   6   12   0.4138104620

End ABCD Block
Begin AIJB Block
1   8   1   7   0.0089485495
1   8   2   11   0.0069437591
1   8   2   12   0.0092683399
1   8   3   7   0.0069649234
1   8   4   9   -0.0001775705
1   8   5   9   -0.0005444474
1   8   6   11   -0.0071935516
1   8   6   12   -0.0096017561
1   8   7   7   -0.0057592216
1   9   1   11   0.0064923530
1   9   1   12   0.0086658153
1   9   2   7   0.0094473614
1   9   3   11   0.0046657153
1   9   3   12   0.0062276693
1   9   4   10   0.0014793922
1   9   5   10   0.0045359523
1   9   6   7   -0.0110697725
1   9   7   11   -0.0033131769
1   9   7   12   -0.0044223380
1   10   1   7   0.0069649234
1   10   2   11   0.0050492627
1   10   2   12   0.0067396179
1   10   3   7   0.0212440071
1   10   4   9   0.0081675960
1   10   5   9   0.0250425999
1   10   6   11   -0.0084551929
1   10   6   12   -0.0112857604
1   10   7   7   -0.0192188589
1   11   1   9   0.0014639906
1   11   2   10   0.0006678839
1   11   3   9   0.0038145910
1   11   4   7   0.0206580619
1   11   4   8   0.0280804453
1   11   5   7   0.0280804453
1   11   5   8   0.0745975478
1   11   6   10   -0.0058103364
1   11   7   9   -0.0034829720
1   12   1   9   0.0044887297
1   12   2   10   0.0020477934
1   12   3   9   0.0116958865
1   12   4   7   0.0280804453
1   12   4   8   0.0023412951
1   12   5   7   0.0975969048
1   12   5   8   -0.0280804453
1   12   6   10   -0.0178150255
1   12   7   9   -0.0106791122
1   13   1   11   -0.0021985520
1   13   1   12   -0.0029345671
1   13   2   7   -0.0110697725
1   13   3   11   -0.0016616482
1   13   3   12   -0.0022179226
1   13   4   10   0.0000407010
1   13   5   10   0.0001247929
1   13   6   7   0.0674369692
1   13   7   11   -0.0020983048
1   13   7   12   -0.0028007599
1   14   1   7   -0.0057592216
1   14   2   11   0.0007041568
1   14   2   12   0.0009398893
1   14   3   7   -0.0192188589
1   14   4   9   -0.0046237717
1   14   5   9   -0.0141769089
1   14   6   11   -0.0099538403
1   14   6   12   -0.0132861140
1   14   7   7   0.0384646124
2   8   1   8   0.0089485495
2   8   2   11   -0.0092683399
2   8   2   12   0.0069437591
2   8   3   8   0.0069649234
2   8   4   9   -0.0005444474
2   8   5   9   0.0001775705
2   8   6   11   0.0096017561
2   8   6   12   -0.0071935516
2   8   7   8   -0.0057592216
2   9   1   11   -0.0086658153
2   9   1   12   0.0064923530
2   9   2   8   0.0094473614
2   9   3   11   -0.0062276693
2   9   3   12   0.0046657153
2   9   4   10   0.0045359523
2   9   5   10   -0.0014793922
2   9   6   8   -0.0110697725
2   9   7   11   0.0044223380
2   9   7   12   -0.0033131769
2   10   1   8   0.0069649234
2   10   2   11   -0.0067396179
2   10   2   12   0.0050492627
2   10   3   8   0.0212440071
2   10   4   9   0.0250425999
2   10   5   9   -0.0081675960
2   10   6   11   0.0112857604
2   10   6   12   -0.0084551929
2   10   7   8   -0.0192188589
2   11   1   9   0.0044887297
2   11   2   10   0.0020477934
2   11   3   9   0.0116958865
2   11   4   7   0.0280804453
2   11   4   8   0.0975969048
2   11   5   7   0.0023412951
2   11   5   8   -0.0280804453
2   11   6   10   -0.0178150255
2   11   7   9   -0.0106791122
2   12   1   9   -0.0014639906
2   12   2   10   -0.0006678839
2   12   3   9   -0.0038145910
2   12   4   7   0.0745975478
2   12   4   8   -0.0280804453
2   12   5   7   -0.0280804453
2   12   5   8   0.0206580619
2   12   6   10   0.0058103364
2   12   7   9   0.0034829720
2   13   1   11   0.0029345671
2   13   1   12   -0.0021985520
2   13   2   8   -0.0110697725
2   13   3   11   0.0022179226
2   13   3   12   -0.0016616482
2   13   4   10   0.0001247929
2   13   5   10   -0.0000407010
2   13   6   8   0.0674369692
2   13   7   11   0.0028007599
2   13   7   12   -0.0020983048
2   14   1   8   -0.0057592216
2   14   2   11   -0.0009398893
2   14   2   12   0.0007041568
2   14   3   8   -0.0192188589
2   14   4   9   -0.0141769089
2   14   5   9   0.0046237717
2   14   6   11   0.0132861140
2   14   6   12   -0.0099538403
2   14   7   8   0.0384646124
3   8   1   9   0.0081584717
3   8   2   10   0.0006526089
3   8   3   9   -0.0017270157
3   8   4   7   0.0014639906
3   8   4   8   0.0044887297
3   8   5   7   0.0044887297
3   8   5   8   -0.0014639906
3   8   6   10   -0.0013232472
3   8   7   9   0.0001012409
3   9   1   10   0.0003640157
3   9   2   9   0.0082848296
3   9   3   10   0.0009205457
3   9   4   11   -0.0029313411
3   9   4   12   0.0041714749
3   9   5   11   0.0041714749
3   9   5   12   0.0029313411
3   9   6   9   0.0016079748
3   9   7   10   -0.0029596393
3   10   1   9   -0.0017270157
3   10   2   10   0.0032549945
3   10   3   9   0.0093847095
3   10   4   7   0.0038145910
3   10   4   8   0.0116958865
3   10   5   7   0.0116958865
3   10   5   8   -0.0038145910
3   10   6   10   0.0055273145
3   10   7   9   -0.0079143822
3   11   1   7   -0.0001775705
3   11   1   8   -0.0005444474
3   11   2   11   0.0021135663
3   11   2   12   -0.0030077322
3   11   3   7   0.0081675960
3   11   3   8   0.0250425999
3   11   4   9   0.0089519523
3   11   6   11   0.0187425151
3   11   6   12   -0.0266717279
3   11   7   7   -0.0046237717
3   11   7   8   -0.0141769089
3   12   1   7   -0.0005444474
3   12   1   8   0.0001775705
3   12   2   11   -0.0030077322
3   12   2   12   -0.0021135663
3   12   3   7   0.0250425999
3   12   3   8   -0.0081675960
3   12   5   9   0.0089519523
3   12   6   11   -0.0266717279
3   12   6   12   -0.0187425151
3   12   7   7   -0.0141769089
3   12   7   8   0.0046237717
3   13   1   10   0.0003699622
3   13   2   9   0.0016079748
3   13   3   10   -0.0044339081
3   13   4   11   0.0025713463
3   13   4   12   -0.0036591807
3   13   5   11   -0.0036591807
3   13   5   12   -0.0025713463
3   13   6   9   0.0374353111
3   13   7   10   0.0181751443
3   14   1   9   0.0001012409
3   14   2   10   0.0026563615
3   14   3   9   -0.0079143822
3   14   4   7   -0.0034829720
3   14   4   8   -0.0106791122
3   14   5   7   -0.0106791122
3   14   5   8   0.0034829720
3   14   6   10   0.0327693582
3   14   7   9   0.0230372562
4   8   1   10   0.0067134257
4   8   2   9   0.0003640157
4   8   3   10   0.0061882896
4   8   4   11   -0.0011366712
4   8   4   12   0.0016175516
4   8   5   11   0.0016175516
4   8   5   12   0.0011366712
4   8   6   9   0.0003699622
4   8   7   10   0.0034146891
4   9   1   9   0.0006526089
4   9   2   10   0.0057931306
4   9   3   9   0.0032549945
4   9   4   7   0.0006678839
4   9   4   8   0.0020477934
4   9   5   7   0.0020477934
4   9   5   8   -0.0006678839
4   9   6   10   -0.0009812792
4   9   7   9   0.0026563615
4   10   1   10   0.0061882896
4   10   2   9   0.0009205457
4   10   3   10   0.0317745627
4   10   4   11   0.0006874053
4   10   4   12   -0.0009782191
4   10   5   11   -0.0009782191
4   10   5   12   -0.0006874053
4   10   6   9   -0.0044339081
4   10   7   10   0.0168531328
4   11   1   11   0.0021924986
4   11   1   12   -0.0031200575
4   11   2   7   0.0014793922
4   11   2   8   0.0045359523
4   11   3   11   0.0176019191
4   11   3   12   -0.0250485911
4   11   4   10   0.0171558603
4   11   6   7   0.0000407010
4   11   6   8   0.0001247929
4   11   7   11   0.0205407962
4   11   7   12   -0.0292307902
4   12   1   11   -0.0031200575
4   12   1   12   -0.0021924986
4   12   2   7   0.0045359523
4   12   2   8   -0.0014793922
4   12   3   11   -0.0250485911
4   12   3   12   -0.0176019191
4   12   5   10   0.0171558603
4   12   6   7   0.0001247929
4   12   6   8   -0.0000407010
4   12   7   11   -0.0292307902
4   12   7   12   -0.0205407962
4   13   1   9   -0.0013232472
4   13   2   10   -0.0009812792
4   13   3   9   0.0055273145
4   13   4   7   -0.0058103364
4   13   4   8   -0.0178150255
4   13   5   7   -0.0178150255
4   13   5   8   0.0058103364
4   13   6   10   0.0192389306
4   13   7   9   0.0327693582
4   14   1   10   0.0034146891
4   14   2   9   -0.0029596393
4   14   3   10   0.0168531328
4   14   4   11   -0.0030250517
4   14   4   12   0.0043048308
4   14   5   11   0.0043048308
4   14   5   12   0.0030250517
4   14   6   9   0.0181751443
4   14   7   10   0.0413185442
5   8   1   11   0.0143647090
5   8   2   7   0.0064923530
5   8   2   8   -0.0086658153
5   8   3   11   0.0109338857
5   8   4   10   0.0021924986
5   8   5   10   -0.0031200575
5   8   6   7   -0.0021985520
5   8   6   8   0.0029345671
5   8   7   11   0.0020220899
5   9   1   7   0.0069437591
5   9   1   8   -0.0092683399
5   9   2   11   0.0132367156
5   9   3   7   0.0050492627
5   9   3   8   -0.0067396179
5   9   4   9   0.0021135663
5   9   5   9   -0.0030077322
5   9   6   11   -0.0040611155
5   9   7   7   0.0007041568
5   9   7   8   -0.0009398893
5   10   1   11   0.0109338857
5   10   2   7   0.0046657153
5   10   2   8   -0.0062276693
5   10   3   11   0.0318403236
5   10   4   10   0.0176019191
5   10   5   10   -0.0250485911
5   10   6   7   -0.0016616482
5   10   6   8   0.0022179226
5   10   7   11   0.0058380964
5   11   1   10   -0.0011366712
5   11   2   9   -0.0029313411
5   11   3   10   0.0006874053
5   11   4   11   0.0307248159
5   11   4   12   -0.0321896343
5   11   5   11   -0.0321896343
5   11   5   12   0.0377029809
5   11   6   9   0.0025713463
5   11   7   10   -0.0030250517
5   12   1   10   0.0016175516
5   12   2   9   0.0041714749
5   12   3   10   -0.0009782191
5   12   4   11   -0.0321896343
5   12   4   12   -0.0145152006
5   12   5   11   0.0539125963
5   12   5   12   0.0321896343
5   12   6   9   -0.0036591807
5   12   7   10   0.0043048308
5   13   1   7   -0.0071935516
5   13   1   8   0.0096017561
5   13   2   11   -0.0040611155
5   13   3   7   -0.0084551929
5   13   3   8   0.0112857604
5   13   4   9   0.0187425151
5   13   5   9   -0.0266717279
5   13   6   11   0.0098795272
5   13   7   7   -0.0099538403
5   13   7   8   0.0132861140
5   14   1   11   0.0020220899
5   14   2   7   -0.0033131769
5   14   2   8   0.0044223380
5   14   3   11   0.0058380964
5   14   4   10   0.0205407962
5   14   5   10   -0.0292307902
5   14   6   7   -0.0020983048
5   14   6   8   0.0028007599
5   14   7   11   0.0154281036
6   8   1   12   0.0143647090
6   8   2   7   0.0086658153
6   8   2   8   0.0064923530
6   8   3   12   0.0109338857
6   8   4   10   -0.0031200575
6   8   5   10   -0.0021924986
6   8   6   7   -0.0029345671
6   8   6   8   -0.0021985520
6   8   7   12   0.0020220899
6   9   1   7   0.0092683399
6   9   1   8   0.0069437591
6   9   2   12   0.0132367156
6   9   3   7   0.0067396179
6   9   3   8   0.0050492627
6   9   4   9   -0.0030077322
6   9   5   9   -0.0021135663
6   9   6   12   -0.0040611155
6   9   7   7   0.0009398893
6   9   7   8   0.0007041568
6   10   1   12   0.0109338857
6   10   2   7   0.0062276693
6   10   2   8   0.0046657153
6   10   3   12   0.0318403236
6   10   4   10   -0.0250485911
6   10   5   10   -0.0176019191
6   10   6   7   -0.0022179226
6   10   6   8   -0.0016616482
6   10   7   12   0.0058380964
6   11   1   10   0.0016175516
6   11   2   9   0.0041714749
6   11   3   10   -0.0009782191
6   11   4   11   -0.0321896343
6   11   4   12   0.0539125963
6   11   5   11   -0.0145152006
6   11   5   12   0.0321896343
6   11   6   9   -0.0036591807
6   11   7   10   0.0043048308
6   12   1   10   0.0011366712
6   12   2   9   0.0029313411
6   12   3   10   -0.0006874053
6   12   4   11   0.0377029809
6   12   4   12   0.0321896343
6   12   5   11   0.0321896343
6   12   5   12   0.0307248159
6   12   6   9   -0.0025713463
6   12   7   10   0.0030250517
6   13   1   7   -0.0096017561
6   13   1   8   -0.0071935516
6   13   2   12   -0.0040611155
6   13   3   7   -0.0112857604
6   13   3   8   -0.0084551929
6   13   4   9   -0.0266717279
6   13   5   9   -0.0187425151
6   13   6   12   0.0098795272
6   13   7   7   -0.0132861140
6   13   7   8   -0.0099538403
6   14   1   12   0.0020220899
6   14   2   7   -0.0044223380
6   14   2   8   -0.0033131769
6   14   3   12   0.0058380964
6   14   4   10   -0.0292307902
6   14   5   10   -0.0205407962
6   14   6   7   -0.0028007599
6   14   6   8   -0.0020983048
6   14   7   12   0.0154281036

1   8   8   1   -0.5831997495
1   8   9   5   -0.0504396179
1   8   9   6   -0.0673254236
1   8   10   1   0.0039259985
1   8   11   3   -0.0018379181
1   8   12   3   -0.0056352258
1   8   13   5   -0.0022346393
1   8   13   6   -0.0029827355
1   8   14   1   -0.0017335815
1   9   8   5   -0.0504396179
1   9   8   6   -0.0673254236
1   9   9   1   -0.5832945151
1   9   10   5   0.0032148101
1   9   10   6   0.0042910407
1   9   11   4   -0.0002798628
1   9   12   4   -0.0008580852
1   9   13   1   -0.0034564742
1   9   14   5   -0.0007506374
1   9   14   6   -0.0010019303
1   10   8   1   0.0039259985
1   10   9   5   0.0032148101
1   10   9   6   0.0042910407
1   10   10   1   -0.5223443914
1   10   11   3   -0.0069102402
1   10   12   3   -0.0211874315
1   10   13   5   0.0024051887
1   10   13   6   0.0032103801
1   10   14   1   -0.0229847877
1   11   8   3   -0.0018379181
1   11   9   4   -0.0002798628
1   11   10   3   -0.0069102402
1   11   11   1   -0.4754745245
1   11   11   2   -0.0100599153
1   11   12   1   -0.0100599153
1   11   12   2   -0.0137818014
1   11   13   4   0.0009080867
1   11   14   3   0.0020989544
1   12   8   3   -0.0056352258
1   12   9   4   -0.0008580852
1   12   10   3   -0.0211874315
1   12   11   1   -0.0100599153
1   12   11   2   -0.0137818014
1   12   12   1   -0.5030381273
1   12   12   2   0.0100599153
1   12   13   4   0.0027842774
1   12   14   3   0.0064355870
1   13   8   5   -0.0022346393
1   13   8   6   -0.0029827355
1   13   9   1   -0.0034564742
1   13   10   5   0.0024051887
1   13   10   6   0.0032103801
1   13   11   4   0.0009080867
1   13   12   4   0.0027842774
1   13   13   1   -0.4671082326
1   13   14   5   0.0035650903
1   13   14   6   0.0047585851
1   14   8   1   -0.0017335815
1   14   9   5   -0.0007506374
1   14   9   6   -0.0010019303
1   14   10   1   -0.0229847877
1   14   11   3   0.0020989544
1   14   12   3   0.0064355870
1   14   13   5   0.0035650903
1   14   13   6   0.0047585851
1   14   14   1   -0.4717506840
2   8   8   2   -0.5831997495
2   8   9   5   0.0673254236
2   8   9   6   -0.0504396179
2   8   10   2   0.0039259985
2   8   11   3   -0.0056352258
2   8   12   3   0.0018379181
2   8   13   5   0.0029827355
2   8   13   6   -0.0022346393
2   8   14   2   -0.0017335815
2   9   8   5   0.0673254236
2   9   8   6   -0.0504396179
2   9   9   2   -0.5832945151
2   9   10   5   -0.0042910407
2   9   10   6   0.0032148101
2   9   11   4   -0.0008580852
2   9   12   4   0.0002798628
2   9   13   2   -0.0034564742
2   9   14   5   0.0010019303
2   9   14   6   -0.0007506374
2   10   8   2   0.0039259985
2   10   9   5   -0.0042910407
2   10   9   6   0.0032148101
2   10   10   2   -0.5223443914
2   10   11   3   -0.0211874315
2   10   12   3   0.0069102402
2   10   13   5   -0.0032103801
2   10   13   6   0.0024051887
2   10   14   2   -0.0229847877
2   11   8   3   -0.0056352258
2   11   9   4   -0.0008580852
2   11   10   3   -0.0211874315
2   11   11   1   -0.0100599153
2   11   11   2   -0.5030381273
2   11   12   1   -0.0137818014
2   11   12   2   0.0100599153
2   11   13   4   0.0027842774
2   11   14   3   0.0064355870
2   12   8   3   0.0018379181
2   12   9   4   0.0002798628
2   12   10   3   0.0069102402
2   12   11   1   -0.0137818014
2   12   11   2   0.0100599153
2   12   12   1   0.0100599153
2   12   12   2   -0.4754745245
2   12   13   4   -0.0009080867
2   12   14   3   -0.0020989544
2   13   8   5   0.0029827355
2   13   8   6   -0.0022346393
2   13   9   2   -0.0034564742
2   13   10   5   -0.0032103801
2   13   10   6   0.0024051887
2   13   11   4   0.0027842774
2   13   12   4   -0.0009080867
2   13   13   2   -0.4671082326
2   13   14   5   -0.0047585851
2   13   14   6   0.0035650903
2   14   8   2   -0.0017335815
2   14   9   5   0.0010019303
2   14   9   6   -0.0007506374
2   14   10   2   -0.0229847877
2   14   11   3   0.0064355870
2   14   12   3   -0.0020989544
2   14   13   5   -0.0047585851
2   14   13   6   0.0035650903
2   14   14   2   -0.4717506840
3   8   8   3   -0.3821965526
3   8   9   4   -0.0672819671
3   8   10   3   0.0045148001
3   8   11   1   -0.0018379181
3   8   11   2   -0.0056352258
3   8   12   1   -0.0056352258
3   8   12   2   0.0018379181
3   8   13   4   0.0030591787
3   8   14   3   0.0019035811
3   9   8   4   -0.0672819671
3   9   9   3   -0.3823055317
3   9   10   4   0.0053567988
3   9   11   5   0.0020810048
3   9   11   6   -0.0029613952
3   9   12   5   -0.0029613952
3   9   12   6   -0.0020810048
3   9   13   3   -0.0006039162
3   9   14   4   0.0063992234
3   10   8   3   0.0045148001
3   10   9   4   0.0053567988
3   10   10   3   -0.3430742095
3   10   11   1   -0.0069102402
3   10   11   2   -0.0211874315
3   10   12   1   -0.0211874315
3   10   12   2   0.0069102402
3   10   13   4   0.0300991608
3   10   14   3   -0.0026086601
3   11   8   1   -0.0018379181
3   11   8   2   -0.0056352258
3   11   9   5   0.0020810048
3   11   9   6   -0.0029613952
3   11   10   1   -0.0069102402
3   11   10   2   -0.0211874315
3   11   11   3   -0.3338160632
3   11   13   5   -0.0055190018
3   11   13   6   0.0078538720
3   11   14   1   0.0020989544
3   11   14   2   0.0064355870
3   12   8   1   -0.0056352258
3   12   8   2   0.0018379181
3   12   9   5   -0.0029613952
3   12   9   6   -0.0020810048
3   12   10   1   -0.0211874315
3   12   10   2   0.0069102402
3   12   12   3   -0.3338160632
3   12   13   5   0.0078538720
3   12   13   6   0.0055190018
3   12   14   1   0.0064355870
3   12   14   2   -0.0020989544
3   13   8   4   0.0030591787
3   13   9   3   -0.0006039162
3   13   10   4   0.0300991608
3   13   11   5   -0.0055190018
3   13   11   6   0.0078538720
3   13   12   5   0.0078538720
3   13   12   6   0.0055190018
3   13   13   3   -0.3602778003
3   13   14   4   -0.0990465909
3   14   8   3   0.0019035811
3   14   9   4   0.0063992234
3   14   10   3   -0.0026086601
3   14   11   1   0.0020989544
3   14   11   2   0.0064355870
3   14   12   1   0.0064355870
3   14   12   2   -0.0020989544
3   14   13   4   -0.0990465909
3   14   14   3   -0.3615256970
4   8   8   4   -0.4631222552
4   8   9   3   -0.0672819671
4   8   10   4   -0.0007631792
4   8   11   5   -0.0017487549
4   8   11   6   0.0024885835
4   8   12   5   0.0024885835
4   8   12   6   0.0017487549
4   8   13   3   0.0030591787
4   8   14   4   -0.0054613009
4   9   8   3   -0.0672819671
4   9   9   4   -0.4630367546
4   9   10   3   0.0053567988
4   9   11   1   -0.0002798628
4   9   11   2   -0.0008580852
4   9   12   1   -0.0008580852
4   9   12   2   0.0002798628
4   9   13   4   -0.0044205597
4   9   14   3   0.0063992234
4   10   8   4   -0.0007631792
4   10   9   3   0.0053567988
4   10   10   4   -0.4454087052
4   10   11   5   -0.0140307915
4   10   11   6   0.0199666615
4   10   12   5   0.0199666615
4   10   12   6   0.0140307915
4   10   13   3   0.0300991608
4   10   14   4   -0.0258159777
4   11   8   5   -0.0017487549
4   11   8   6   0.0024885835
4   11   9   1   -0.0002798628
4   11   9   2   -0.0008580852
4   11   10   5   -0.0140307915
4   11   10   6   0.0199666615
4   11   11   4   -0.4072903509
4   11   13   1   0.0009080867
4   11   13   2   0.0027842774
4   11   14   5   0.0011179193
4   11   14   6   -0.0015908665
4   12   8   5   0.0024885835
4   12   8   6   0.0017487549
4   12   9   1   -0.0008580852
4   12   9   2   0.0002798628
4   12   10   5   0.0199666615
4   12   10   6   0.0140307915
4   12   12   4   -0.4072903509
4   12   13   1   0.0027842774
4   12   13   2   -0.0009080867
4   12   14   5   -0.0015908665
4   12   14   6   -0.0011179193
4   13   8   3   0.0030591787
4   13   9   4   -0.0044205597
4   13   10   3   0.0300991608
4   13   11   1   0.0009080867
4   13   11   2   0.0027842774
4   13   12   1   0.0027842774
4   13   12   2   -0.0009080867
4   13   13   4   -0.3905859262
4   13   14   3   -0.0990465909
4   14   8   4   -0.0054613009
4   14   9   3   0.0063992234
4   14   10   4   -0.0258159777
4   14   11   5   0.0011179193
4   14   11   6   -0.0015908665
4   14   12   5   -0.0015908665
4   14   12   6   -0.0011179193
4   14   13   3   -0.0990465909
4   14   14   4   -0.4014157859
5   8   8   5   -0.5697675884
5   8   9   1   -0.0504396179
5   8   9   2   0.0673254236
5   8   10   5   0.0008562256
5   8   11   4   -0.0017487549
5   8   12   4   0.0024885835
5   8   13   1   -0.0022346393
5   8   13   2   0.0029827355
5   8   14   5   -0.0090161630
5   9   8   1   -0.0504396179
5   9   8   2   0.0673254236
5   9   9   5   -0.5697455714
5   9   10   1   0.0032148101
5   9   10   2   -0.0042910407
5   9   11   3   0.0020810048
5   9   12   3   -0.0029613952
5   9   13   5   -0.0084107867
5   9   14   1   -0.0007506374
5   9   14   2   0.0010019303
5   10   8   5   0.0008562256
5   10   9   1   0.0032148101
5   10   9   2   -0.0042910407
5   10   10   5   -0.5229597507
5   10   11   4   -0.0140307915
5   10   12   4   0.0199666615
5   10   13   1   0.0024051887
5   10   13   2   -0.0032103801
5   10   14   5   -0.0399492116
5   11   8   4   -0.0017487549
5   11   9   3   0.0020810048
5   11   10   4   -0.0140307915
5   11   11   5   -0.4645923647
5   11   11   6   0.0153618892
5   11   12   5   0.0153618892
5   11   12   6   -0.0055329630
5   11   13   3   -0.0055190018
5   11   14   4   0.0011179193
5   12   8   4   0.0024885835
5   12   9   3   -0.0029613952
5   12   10   4   0.0199666615
5   12   11   5   0.0153618892
5   12   11   6   -0.0055329630
5   12   12   5   -0.4756582908
5   12   12   6   -0.0153618892
5   12   13   3   0.0078538720
5   12   14   4   -0.0015908665
5   13   8   1   -0.0022346393
5   13   8   2   0.0029827355
5   13   9   5   -0.0084107867
5   13   10   1   0.0024051887
5   13   10   2   -0.0032103801
5   13   11   3   -0.0055190018
5   13   12   3   0.0078538720
5   13   13   5   -0.4133505453
5   13   14   1   0.0035650903
5   13   14   2   -0.0047585851
5   14   8   5   -0.0090161630
5   14   9   1   -0.0007506374
5   14   9   2   0.0010019303
5   14   10   5   -0.0399492116
5   14   11   4   0.0011179193
5   14   12   4   -0.0015908665
5   14   13   1   0.0035650903
5   14   13   2   -0.0047585851
5   14   14   5   -0.4260692129
6   8   8   6   -0.5697675884
6   8   9   1   -0.0673254236
6   8   9   2   -0.0504396179
6   8   10   6   0.0008562256
6   8   11   4   0.0024885835
6   8   12   4   0.0017487549
6   8   13   1   -0.0029827355
6   8   13   2   -0.0022346393
6   8   14   6   -0.0090161630
6   9   8   1   -0.0673254236
6   9   8   2   -0.0504396179
6   9   9   6   -0.5697455714
6   9   10   1   0.0042910407
6   9   10   2   0.0032148101
6   9   11   3   -0.0029613952
6   9   12   3   -0.0020810048
6   9   13   6   -0.0084107867
6   9   14   1   -0.0010019303
6   9   14   2   -0.0007506374
6   10   8   6   0.0008562256
6   10   9   1   0.0042910407
6   10   9   2   0.0032148101
6   10   10   6   -0.5229597507
6   10   11   4   0.0199666615
6   10   12   4   0.0140307915
6   10   13   1   0.0032103801
6   10   13   2   0.0024051887
6   10   14   6   -0.0399492116
6   11   8   4   0.0024885835
6   11   9   3   -0.0029613952
6   11   10   4   0.0199666615
6   11   11   5   0.0153618892
6   11   11   6   -0.4756582908
6   11   12   5   -0.0055329630
6   11   12   6   -0.0153618892
6   11   13   3   0.0078538720
6   11   14   4   -0.0015908665
6   12   8   4   0.0017487549
6   12   9   3   -0.0020810048
6   12   10   4   0.0140307915
6   12   11   5   -0.0055329630
6   12   11   6   -0.0153618892
6   12   12   5   -0.0153618892
6   12   12   6   -0.4645923647
6   12   13   3   0.0055190018
6   12   14   4   -0.0011179193
6   13   8   1   -0.0029827355
6   13   8   2   -0.0022346393
6   13   9   6   -0.0084107867
6   13   10   1   0.0032103801
6   13   10   2   0.0024051887
6   13   11   3   0.0078538720
6   13   12   3   0.0055190018
6   13   13   6   -0.4133505453
6   13   14   1   0.0047585851
6   13   14   2   0.0035650903
6   14   8   6   -0.0090161630
6   14   9   1   -0.0010019303
6   14   9   2   -0.0007506374
6   14   10   6   -0.0399492116
6   14   11   4   -0.0015908665
6   14   12   4   -0.0011179193
6   14   13   1   0.0047585851
6   14   13   2   0.0035650903
6   14   14   6   -0.4260692129

End AIJB Block
Begin IJKA Block
1   8   1   10   -0.0064829770
1   8   2   9   0.0952946302
1   8   3   10   0.0096583146
1   8   4   11   0.0084235348
1   8   4   12   -0.0119871974
1   8   5   11   -0.0119871974
1   8   5   12   -0.0084235348
1   8   6   9   0.0144964348
1   8   7   10   0.0097358268
1   9   1   9   0.1002909219
1   9   2   10   -0.0228319234
1   9   3   9   -0.0164420808
1   9   4   7   -0.0036774771
1   9   4   8   -0.0112754828
1   9   5   7   -0.0112754828
1   9   5   8   0.0036774771
1   9   6   10   0.0027096775
1   9   7   9   0.0067502945
1   10   1   10   0.1087847286
1   10   2   9   -0.0756093777
1   10   3   10   0.0040579066
1   10   4   11   0.0070002938
1   10   4   12   -0.0099618397
1   10   5   11   -0.0099618397
1   10   5   12   -0.0070002938
1   10   6   9   -0.0030021100
1   10   7   10   0.0113291662
1   11   1   11   0.1392361596
1   11   1   12   -0.1981414422
1   11   2   7   -0.0602775050
1   11   2   8   -0.1848163708
1   11   3   11   -0.0005178206
1   11   3   12   0.0007368898
1   11   4   10   -0.0025387362
1   11   6   7   0.0000044275
1   11   6   8   0.0000135751
1   11   7   11   0.0052626595
1   11   7   12   -0.0074890814
1   12   1   11   -0.1981414422
1   12   1   12   -0.1392361596
1   12   2   7   -0.1848163708
1   12   2   8   0.0602775050
1   12   3   11   0.0007368898
1   12   3   12   0.0005178206
1   12   5   10   -0.0025387362
1   12   6   7   0.0000135751
1   12   6   8   -0.0000044275
1   12   7   11   -0.0074890814
1   12   7   12   -0.0052626595
1   13   1   9   0.1551192033
1   13   2   10   0.0273327325
1   13   3   9   -0.0059410358
1   13   4   7   0.0043202007
1   13   4   8   0.0132461325
1   13   5   7   0.0132461325
1   13   5   8   -0.0043202007
1   13   6   10   0.0006274497
1   13   7   9   -0.0004311476
1   14   1   10   0.1575560328
1   14   2   9   0.0575964113
1   14   3   10   0.0006294385
1   14   4   11   0.0013649006
1   14   4   12   -0.0019423357
1   14   5   11   -0.0019423357
1   14   5   12   -0.0013649006
1   14   6   9   -0.0006572647
1   14   7   10   0.0074471765
2   8   1   9   0.0952946302
2   8   2   10   -0.0067048772
2   8   3   9   -0.0168079749
2   8   4   7   -0.0034022498
2   8   4   8   -0.0104316106
2   8   5   7   -0.0104316106
2   8   5   8   0.0034022498
2   8   6   10   0.0034966410
2   8   7   9   0.0062709422
2   9   1   10   -0.0228319234
2   9   2   9   0.1006600215
2   9   3   10   0.0085474263
2   9   4   11   0.0076674036
2   9   4   12   -0.0109111771
2   9   5   11   -0.0109111771
2   9   5   12   -0.0076674036
2   9   6   9   0.0147979545
2   9   7   10   0.0081949625
2   10   1   9   -0.0756093777
2   10   2   10   0.1085556504
2   10   3   9   0.0058614608
2   10   4   7   -0.0027117018
2   10   4   8   -0.0083143271
2   10   5   7   -0.0083143271
2   10   5   8   0.0027117018
2   10   6   10   0.0078475200
2   10   7   9   -0.0000655317
2   11   1   7   -0.0602775050
2   11   1   8   -0.1848163708
2   11   2   11   0.1392210663
2   11   2   12   -0.1981199636
2   11   3   7   0.0035996208
2   11   3   8   0.0110367684
2   11   4   9   -0.0057405518
2   11   6   11   0.0049004001
2   11   6   12   -0.0069735645
2   11   7   7   0.0019566212
2   11   7   8   0.0059991804
2   12   1   7   -0.1848163708
2   12   1   8   0.0602775050
2   12   2   11   -0.1981199636
2   12   2   12   -0.1392210663
2   12   3   7   0.0110367684
2   12   3   8   -0.0035996208
2   12   5   9   -0.0057405518
2   12   6   11   -0.0069735645
2   12   6   12   -0.0049004001
2   12   7   7   0.0059991804
2   12   7   8   -0.0019566212
2   13   1   10   0.0273327325
2   13   2   9   0.1552568528
2   13   3   10   -0.0026689381
2   13   4   11   -0.0025507029
2   13   4   12   0.0036298039
2   13   5   11   0.0036298039
2   13   5   12   0.0025507029
2   13   6   9   0.0026760424
2   13   7   10   -0.0008179294
2   14   1   9   0.0575964113
2   14   2   10   0.1574538382
2   14   3   9   -0.0060290813
2   14   4   7   0.0020147947
2   14   4   8   0.0061775457
2   14   5   7   0.0061775457
2   14   5   8   -0.0020147947
2   14   6   10   0.0062323684
2   14   7   9   -0.0041800826
3   8   1   10   0.0096583146
3   8   2   9   -0.0168079749
3   8   3   10   0.0209912099
3   8   4   11   0.0116084679
3   8   4   12   -0.0165195491
3   8   5   11   -0.0165195491
3   8   5   12   -0.0116084679
3   8   6   9   -0.0020838281
3   8   7   10   0.0104649379
3   9   1   9   -0.0164420808
3   9   2   10   0.0085474263
3   9   3   9   0.0128608479
3   9   4   7   -0.0050449048
3   9   4   8   -0.0154681419
3   9   5   7   -0.0154681419
3   9   5   8   0.0050449048
3   9   6   10   0.0029767460
3   9   7   9   0.0037088781
3   10   1   10   0.0040579066
3   10   2   9   0.0058614608
3   10   3   10   0.0923611508
3   10   4   11   0.0287778499
3   10   4   12   -0.0409526139
3   10   5   11   -0.0409526139
3   10   5   12   -0.0287778499
3   10   6   9   0.0156846945
3   10   7   10   0.0386696065
3   11   1   11   -0.0005178206
3   11   1   12   0.0007368898
3   11   2   7   0.0035996208
3   11   2   8   0.0110367684
3   11   3   11   0.1069459516
3   11   3   12   -0.1521905311
3   11   4   10   -0.0228957235
3   11   6   7   0.0167455878
3   11   6   8   0.0513435114
3   11   7   11   0.0250331211
3   11   7   12   -0.0356236392
3   12   1   11   0.0007368898
3   12   1   12   0.0005178206
3   12   2   7   0.0110367684
3   12   2   8   -0.0035996208
3   12   3   11   -0.1521905311
3   12   3   12   -0.1069459516
3   12   5   10   -0.0228957235
3   12   6   7   0.0513435114
3   12   6   8   -0.0167455878
3   12   7   11   -0.0356236392
3   12   7   12   -0.0250331211
3   13   1   9   -0.0059410358
3   13   2   10   -0.0026689381
3   13   3   9   0.1059173037
3   13   4   7   0.0188788448
3   13   4   8   0.0578842736
3   13   5   7   0.0578842736
3   13   5   8   -0.0188788448
3   13   6   10   0.0003610974
3   13   7   9   0.0121682676
3   14   1   10   0.0006294385
3   14   2   9   -0.0060290813
3   14   3   10   0.1321780741
3   14   4   11   0.0147852694
3   14   4   12   -0.0210403290
3   14   5   11   -0.0210403290
3   14   5   12   -0.0147852694
3   14   6   9   -0.0088908564
3   14   7   10   0.0337976831
4   8   1   11   0.0084235348
4   8   1   12   -0.0119871974
4   8   2   7   -0.0034022498
4   8   2   8   -0.0104316106
4   8   3   11   0.0116084679
4   8   3   12   -0.0165195491
4   8   4   10   0.0063943703
4   8   6   7   0.0027116012
4   8   6   8   0.0083140186
4   8   7   11   -0.0021511580
4   8   7   12   0.0030612274
4   9   1   7   -0.0036774771
4   9   1   8   -0.0112754828
4   9   2   11   0.0076674036
4   9   2   12   -0.0109111771
4   9   3   7   -0.0050449048
4   9   3   8   -0.0154681419
4   9   4   9   0.0045154526
4   9   6   11   -0.0052588939
4   9   6   12   0.0074837227
4   9   7   7   0.0013538589
4   9   7   8   0.0041510559
4   10   1   11   0.0070002938
4   10   1   12   -0.0099618397
4   10   2   7   -0.0027117018
4   10   2   8   -0.0083143271
4   10   3   11   0.0287778499
4   10   3   12   -0.0409526139
4   10   4   10   0.0361231544
4   10   6   7   0.0078297285
4   10   6   8   0.0240066673
4   10   7   11   0.0025550832
4   10   7   12   -0.0036360373
4   11   1   10   -0.0025387362
4   11   2   9   -0.0057405518
4   11   3   10   -0.0228957235
4   11   4   11   0.0755835071
4   11   4   12   -0.1075598834
4   11   5   11   -0.0046456438
4   11   5   12   -0.0032645448
4   11   6   9   0.0160025292
4   11   7   10   0.0132123941
4   12   4   11   -0.0982685957
4   12   4   12   -0.0690544175
4   12   5   11   0.0032645448
4   12   5   12   -0.0046456438
4   13   1   7   0.0043202007
4   13   1   8   0.0132461325
4   13   2   11   -0.0025507029
4   13   2   12   0.0036298039
4   13   3   7   0.0188788448
4   13   3   8   0.0578842736
4   13   4   9   0.0907264299
4   13   6   11   0.0016902198
4   13   6   12   -0.0024052845
4   13   7   7   -0.0112831789
4   13   7   8   -0.0345952636
4   14   1   11   0.0013649006
4   14   1   12   -0.0019423357
4   14   2   7   0.0020147947
4   14   2   8   0.0061775457
4   14   3   11   0.0147852694
4   14   3   12   -0.0210403290
4   14   4   10   0.0886052078
4   14   6   7   -0.0104639327
4   14   6   8   -0.0320833795
4   14   7   11   -0.0020809883
4   14   7   12   0.0029613717
5   8   1   11   -0.0119871974
5   8   1   12   -0.0084235348
5   8   2   7   -0.0104316106
5   8   2   8   0.0034022498
5   8   3   11   -0.0165195491
5   8   3   12   -0.0116084679
5   8   5   10   0.0063943703
5   8   6   7   0.0083140186
5   8   6   8   -0.0027116012
5   8   7   11   0.0030612274
5   8   7   12   0.0021511580
5   9   1   7   -0.0112754828
5   9   1   8   0.0036774771
5   9   2   11   -0.0109111771
5   9   2   12   -0.0076674036
5   9   3   7   -0.0154681419
5   9   3   8   0.0050449048
5   9   5   9   0.0045154526
5   9   6   11   0.0074837227
5   9   6   12   0.0052588939
5   9   7   7   0.0041510559
5   9   7   8   -0.0013538589
5   10   1   11   -0.0099618397
5   10   1   12   -0.0070002938
5   10   2   7   -0.0083143271
5   10   2   8   0.0027117018
5   10   3   11   -0.0409526139
5   10   3   12   -0.0287778499
5   10   5   10   0.0361231544
5   10   6   7   0.0240066673
5   10   6   8   -0.0078297285
5   10   7   11   -0.0036360373
5   10   7   12   -0.0025550832
5   11   4   11   -0.0046456438
5   11   4   12   -0.0032645448
5   11   5   11   0.0690544175
5   11   5   12   -0.0982685957
5   12   1   10   -0.0025387362
5   12   2   9   -0.0057405518
5   12   3   10   -0.0228957235
5   12   4   11   0.0032645448
5   12   4   12   -0.0046456438
5   12   5   11   -0.1075598834
5   12   5   12   -0.0755835071
5   12   6   9   0.0160025292
5   12   7   10   0.0132123941
5   13   1   7   0.0132461325
5   13   1   8   -0.0043202007
5   13   2   11   0.0036298039
5   13   2   12   0.0025507029
5   13   3   7   0.0578842736
5   13   3   8   -0.0188788448
5   13   5   9   0.0907264299
5   13   6   11   -0.0024052845
5   13   6   12   -0.0016902198
5   13   7   7   -0.0345952636
5   13   7   8   0.0112831789
5   14   1   11   -0.0019423357
5   14   1   12   -0.0013649006
5   14   2   7   0.0061775457
5   14   2   8   -0.0020147947
5   14   3   11   -0.0210403290
5   14   3   12   -0.0147852694
5   14   5   10   0.0886052078
5   14   6   7   -0.0320833795
5   14   6   8   0.0104639327
5   14   7   11   0.0029613717
5   14   7   12   0.0020809883
6   8   1   9   0.0144964348
6   8   2   10   0.0034966410
6   8   3   9   -0.0020838281
6   8   4   7   0.0027116012
6   8   4   8   0.0083140186
6   8   5   7   0.0083140186
6   8   5   8   -0.0027116012
6   8   6   10   -0.0056658602
6   8   7   9   -0.0010896782
6   9   1   10   0.0027096775
6   9   2   9   0.0147979545
6   9   3   10   0.0029767460
6   9   4   11   -0.0052588939
6   9   4   12   0.0074837227
6   9   5   11   0.0074837227
6   9   5   12   0.0052588939
6   9   6   9   0.0020709591
6   9   7   10   -0.0116312970
6   10   1   9   -0.0030021100
6   10   2   10   0.0078475200
6   10   3   9   0.0156846945
6   10   4   7   0.0078297285
6   10   4   8   0.0240066673
6   10   5   7   0.0240066673
6   10   5   8   -0.0078297285
6   10   6   10   0.0215086777
6   10   7   9   -0.0270723076
6   11   1   7   0.0000044275
6   11   1   8   0.0000135751
6   11   2   11   0.0049004001
6   11   2   12   -0.0069735645
6   11   3   7   0.0167455878
6   11   3   8   0.0513435114
6   11   4   9   0.0160025292
6   11   6   11   0.0483865897
6   11   6   12   -0.0688570318
6   11   7   7   -0.0376200819
6   11   7   8   -0.1153466290
6   12   1   7   0.0000135751
6   12   1   8   -0.0000044275
6   12   2   11   -0.0069735645
6   12   2   12   -0.0049004001
6   12   3   7   0.0513435114
6   12   3   8   -0.0167455878
6   12   5   9   0.0160025292
6   12   6   11   -0.0688570318
6   12   6   12   -0.0483865897
6   12   7   7   -0.1153466290
6   12   7   8   0.0376200819
6   13   1   10   0.0006274497
6   13   2   9   0.0026760424
6   13   3   10   0.0003610974
6   13   4   11   0.0016902198
6   13   4   12   -0.0024052845
6   13   5   11   -0.0024052845
6   13   5   12   -0.0016902198
6   13   6   9   0.0722510420
6   13   7   10   -0.0140987803
6   14   1   9   -0.0006572647
6   14   2   10   0.0062323684
6   14   3   9   -0.0088908564
6   14   4   7   -0.0104639327
6   14   4   8   -0.0320833795
6   14   5   7   -0.0320833795
6   14   5   8   0.0104639327
6   14   6   10   0.0446047767
6   14   7   9   0.0172873172
7   8   1   10   0.0097358268
7   8   2   9   0.0062709422
7   8   3   10   0.0104649379
7   8   4   11   -0.0021511580
7   8   4   12   0.0030612274
7   8   5   11   0.0030612274
7   8   5   12   0.0021511580
7   8   6   9   -0.0010896782
7   8   7   10   -0.0010457622
7   9   1   9   0.0067502945
7   9   2   10   0.0081949625
7   9   3   9   0.0037088781
7   9   4   7   0.0013538589
7   9   4   8   0.0041510559
7   9   5   7   0.0041510559
7   9   5   8   -0.0013538589
7   9   6   10   -0.0116312970
7   9   7   9   0.0027249654
7   10   1   10   0.0113291662
7   10   2   9   -0.0000655317
7   10   3   10   0.0386696065
7   10   4   11   0.0025550832
7   10   4   12   -0.0036360373
7   10   5   11   -0.0036360373
7   10   5   12   -0.0025550832
7   10   6   9   -0.0270723076
7   10   7   10   0.0404252872
7   11   1   11   0.0052626595
7   11   1   12   -0.0074890814
7   11   2   7   0.0019566212
7   11   2   8   0.0059991804
7   11   3   11   0.0250331211
7   11   3   12   -0.0356236392
7   11   4   10   0.0132123941
7   11   6   7   -0.0376200819
7   11   6   8   -0.1153466290
7   11   7   11   0.0568283757
7   11   7   12   -0.0808702017
7   12   1   11   -0.0074890814
7   12   1   12   -0.0052626595
7   12   2   7   0.0059991804
7   12   2   8   -0.0019566212
7   12   3   11   -0.0356236392
7   12   3   12   -0.0250331211
7   12   5   10   0.0132123941
7   12   6   7   -0.1153466290
7   12   6   8   0.0376200819
7   12   7   11   -0.0808702017
7   12   7   12   -0.0568283757
7   13   1   9   -0.0004311476
7   13   2   10   -0.0008179294
7   13   3   9   0.0121682676
7   13   4   7   -0.0112831789
7   13   4   8   -0.0345952636
7   13   5   7   -0.0345952636
7   13   5   8   0.0112831789
7   13   6   10   -0.0140987803
7   13   7   9   0.0749595658
7   14   1   10   0.0074471765
7   14   2   9   -0.0041800826
7   14   3   10   0.0337976831
7   14   4   11   -0.0020809883
7   14   4   12   0.0029613717
7   14   5   11   0.0029613717
7   14   5   12   0.0020809883
7   14   6   9   0.0172873172
7   14   7   10   0.0581126706

End IJKA Block
Begin IABC Block
1   7   1   10   -0.0008520704
1   7   3   11   0.0011023321
1   7   3   12   0.0014713627
1   7   4   7   -0.0000733634
1   7   5   9   -0.0031225007
1   7   6   9   -0.0041678286
1   8   2   10   -0.0008520704
1   8   3   11   -0.0014713627
1   8   3   12   0.0011023321
1   8   4   8   -0.0000733634
1   8   5   9   0.0041678286
1   8   6   9   -0.0031225007
1   9   1   11   -0.0017878833
1   9   1   12   -0.0023864177
1   9   2   11   0.0023864177
1   9   2   12   -0.0017878833
1   9   3   10   -0.0008379687
1   9   4   9   -0.0014426433
1   9   5   7   -0.0031225007
1   9   5   8   0.0041678286
1   9   6   7   -0.0041678286
1   9   6   8   -0.0031225007
1   10   1   7   -0.0008520704
1   10   2   8   -0.0008520704
1   10   3   9   -0.0008379687
1   10   4   10   0.0026937298
1   10   5   11   0.0026514106
1   10   6   12   0.0026514106
1   11   1   9   -0.0017878833
1   11   2   9   0.0023864177
1   11   3   7   0.0011023321
1   11   3   8   -0.0014713627
1   11   4   11   0.0036561389
1   11   5   10   0.0026514106
1   12   1   9   -0.0023864177
1   12   2   9   -0.0017878833
1   12   3   7   0.0014713627
1   12   3   8   0.0011023321
1   12   4   12   0.0036561389
1   12   6   10   0.0026514106
2   7   1   9   -0.0046185412
2   7   3   7   0.0016650832
2   7   4   11   -0.0003063374
2   7   4   12   -0.0004088908
2   7   5   10   -0.0004558275
2   7   6   10   -0.0006084261
2   8   2   9   -0.0046185412
2   8   3   8   0.0016650832
2   8   4   11   0.0004088908
2   8   4   12   -0.0003063374
2   8   5   10   0.0006084261
2   8   6   10   -0.0004558275
2   9   1   7   -0.0046185412
2   9   2   8   -0.0046185412
2   9   3   9   0.0007116676
2   9   4   10   -0.0035321394
2   9   5   11   -0.0032564464
2   9   6   12   -0.0032564464
2   10   1   11   0.0011219960
2   10   1   12   0.0014976096
2   10   2   11   -0.0014976096
2   10   2   12   0.0011219960
2   10   3   10   0.0019489971
2   10   4   9   -0.0035321394
2   10   5   7   -0.0004558275
2   10   5   8   0.0006084261
2   10   6   7   -0.0006084261
2   10   6   8   -0.0004558275
2   11   1   10   0.0011219960
2   11   2   10   -0.0014976096
2   11   3   11   0.0036138570
2   11   4   7   -0.0003063374
2   11   4   8   0.0004088908
2   11   5   9   -0.0032564464
2   12   1   10   0.0014976096
2   12   2   10   0.0011219960
2   12   3   12   0.0036138570
2   12   4   7   -0.0004088908
2   12   4   8   -0.0003063374
2   12   6   9   -0.0032564464
3   7   1   10   -0.0021192544
3   7   3   11   -0.0042856085
3   7   3   12   -0.0057203131
3   7   4   7   0.0164497430
3   7   5   9   -0.0056769836
3   7   6   9   -0.0075774825
3   8   2   10   -0.0021192544
3   8   3   11   0.0057203131
3   8   3   12   -0.0042856085
3   8   4   8   0.0164497430
3   8   5   9   0.0075774825
3   8   6   9   -0.0056769836
3   9   1   11   -0.0040679312
3   9   1   12   -0.0054297634
3   9   2   11   0.0054297634
3   9   2   12   -0.0040679312
3   9   3   10   -0.0056057633
3   9   4   9   0.0113785533
3   9   5   7   -0.0056769836
3   9   5   8   0.0075774825
3   9   6   7   -0.0075774825
3   9   6   8   -0.0056769836
3   10   1   7   -0.0021192544
3   10   2   8   -0.0021192544
3   10   3   9   -0.0056057633
3   10   4   10   0.0166412654
3   10   5   11   0.0049836595
3   10   6   12   0.0049836595
3   11   1   9   -0.0040679312
3   11   2   9   0.0054297634
3   11   3   7   -0.0042856085
3   11   3   8   0.0057203131
3   11   4   11   0.0198050023
3   11   5   10   0.0049836595
3   12   1   9   -0.0054297634
3   12   2   9   -0.0040679312
3   12   3   7   -0.0057203131
3   12   3   8   -0.0042856085
3   12   4   12   0.0198050023
3   12   6   10   0.0049836595
4   7   1   11   -0.0008685281
4   7   1   12   -0.0008342049
4   7   2   11   -0.0024693127
4   7   2   12   -0.0031899461
4   7   3   10   -0.0013978440
4   7   4   9   -0.0024174499
4   7   5   7   0.0393452597
4   7   5   8   0.0000109614
4   7   6   7   -0.0559557535
4   7   6   8   0.0000322421
4   8   1   11   0.0011696945
4   8   1   12   -0.0006327759
4   8   2   11   0.0029541938
4   8   2   12   -0.0021338231
4   8   3   10   -0.0042859181
4   8   4   9   -0.0074121235
4   8   5   7   0.0000109614
4   8   5   8   0.0392807755
4   8   6   7   0.0000322421
4   8   6   8   -0.0559338307
4   9   1   10   -0.0167334446
4   9   2   10   -0.0513062792
4   9   3   11   0.0014481409
4   9   3   12   -0.0020607918
4   9   4   7   -0.0024174499
4   9   4   8   -0.0074121235
4   9   5   9   0.0156833663
4   9   6   9   -0.0223183749
4   10   1   9   -0.0167334446
4   10   2   9   -0.0513062792
4   10   3   7   -0.0013978440
4   10   3   8   -0.0042859181
4   10   4   11   -0.0065980934
4   10   4   12   0.0093894844
4   10   5   10   0.0233713093
4   10   6   10   -0.0332587810
4   11   1   7   -0.0008685281
4   11   1   8   0.0011696945
4   11   2   7   -0.0024693127
4   11   2   8   0.0029541938
4   11   3   9   0.0014481409
4   11   4   10   -0.0065980934
4   11   5   11   0.0353568954
4   11   5   12   0.0013731888
4   11   6   11   -0.0530613695
4   11   6   12   -0.0009649548
4   12   1   7   -0.0008342049
4   12   1   8   -0.0006327759
4   12   2   7   -0.0031899461
4   12   2   8   -0.0021338231
4   12   3   9   -0.0020607918
4   12   4   10   0.0093894844
4   12   5   11   0.0013731888
4   12   5   12   0.0372868049
4   12   6   11   -0.0009649548
4   12   6   12   -0.0503149919
5   7   1   11   -0.0021338231
5   7   1   12   -0.0029541938
5   7   2   11   0.0006327759
5   7   2   12   0.0011696945
5   7   3   10   -0.0042859181
5   7   4   9   -0.0074121235
5   7   5   7   -0.0559338307
5   7   5   8   -0.0000322421
5   7   6   7   -0.0392807755
5   7   6   8   0.0000109614
5   8   1   11   0.0031899461
5   8   1   12   -0.0024693127
5   8   2   11   -0.0008342049
5   8   2   12   0.0008685281
5   8   3   10   0.0013978440
5   8   4   9   0.0024174499
5   8   5   7   -0.0000322421
5   8   5   8   -0.0559557535
5   8   6   7   0.0000109614
5   8   6   8   -0.0393452597
5   9   1   10   -0.0513062792
5   9   2   10   0.0167334446
5   9   3   11   -0.0020607918
5   9   3   12   -0.0014481409
5   9   4   7   -0.0074121235
5   9   4   8   0.0024174499
5   9   5   9   -0.0223183749
5   9   6   9   -0.0156833663
5   10   1   9   -0.0513062792
5   10   2   9   0.0167334446
5   10   3   7   -0.0042859181
5   10   3   8   0.0013978440
5   10   4   11   0.0093894844
5   10   4   12   0.0065980934
5   10   5   10   -0.0332587810
5   10   6   10   -0.0233713093
5   11   1   7   -0.0021338231
5   11   1   8   0.0031899461
5   11   2   7   0.0006327759
5   11   2   8   -0.0008342049
5   11   3   9   -0.0020607918
5   11   4   10   0.0093894844
5   11   5   11   -0.0503149919
5   11   5   12   0.0009649548
5   11   6   11   -0.0372868049
5   11   6   12   0.0013731888
5   12   1   7   -0.0029541938
5   12   1   8   -0.0024693127
5   12   2   7   0.0011696945
5   12   2   8   0.0008685281
5   12   3   9   -0.0014481409
5   12   4   10   0.0065980934
5   12   5   11   0.0009649548
5   12   5   12   -0.0530613695
5   12   6   11   0.0013731888
5   12   6   12   -0.0353568954
6   7   1   9   0.0123090512
6   7   3   7   0.0581647824
6   7   4   11   0.0079956051
6   7   4   12   0.0106723152
6   7   5   10   0.0023936543
6   7   6   10   0.0031949843
6   8   2   9   0.0123090512
6   8   3   8   0.0581647824
6   8   4   11   -0.0106723152
6   8   4   12   0.0079956051
6   8   5   10   -0.0031949843
6   8   6   10   0.0023936543
6   9   1   7   0.0123090512
6   9   2   8   0.0123090512
6   9   3   9   -0.0012465796
6   9   4   10   -0.0334233819
6   9   5   11   -0.0000386072
6   9   6   12   -0.0000386072
6   10   1   11   -0.0047272768
6   10   1   12   -0.0063098399
6   10   2   11   0.0063098399
6   10   2   12   -0.0047272768
6   10   3   10   0.0207575277
6   10   4   9   -0.0334233819
6   10   5   7   0.0023936543
6   10   5   8   -0.0031949843
6   10   6   7   0.0031949843
6   10   6   8   0.0023936543
6   11   1   10   -0.0047272768
6   11   2   10   0.0063098399
6   11   3   11   0.0524260557
6   11   4   7   0.0079956051
6   11   4   8   -0.0106723152
6   11   5   9   -0.0000386072
6   12   1   10   -0.0063098399
6   12   2   10   -0.0047272768
6   12   3   12   0.0524260557
6   12   4   7   0.0106723152
6   12   4   8   0.0079956051
6   12   6   9   -0.0000386072
7   7   1   10   -0.0009802138
7   7   3   11   0.0085856266
7   7   3   12   0.0114598598
7   7   4   7   0.0447071005
7   7   5   9   0.0009082720
7   7   6   9   0.0012123366
7   8   2   10   -0.0009802138
7   8   3   11   -0.0114598598
7   8   3   12   0.0085856266
7   8   4   8   0.0447071005
7   8   5   9   -0.0012123366
7   8   6   9   0.0009082720
7   9   1   11   0.0059352471
7   9   1   12   0.0079222057
7   9   2   11   -0.0079222057
7   9   2   12   0.0059352471
7   9   3   10   -0.0250941844
7   9   4   9   -0.0094541181
7   9   5   7   0.0009082720
7   9   5   8   -0.0012123366
7   9   6   7   0.0012123366
7   9   6   8   0.0009082720
7   10   1   7   -0.0009802138
7   10   2   8   -0.0009802138
7   10   3   9   -0.0250941844
7   10   4   10   0.0207512908
7   10   5   11   0.0086358978
7   10   6   12   0.0086358978
7   11   1   9   0.0059352471
7   11   2   9   -0.0079222057
7   11   3   7   0.0085856266
7   11   3   8   -0.0114598598
7   11   4   11   0.0532683966
7   11   5   10   0.0086358978
7   12   1   9   0.0079222057
7   12   2   9   0.0059352471
7   12   3   7   0.0114598598
7   12   3   8   0.0085856266
7   12   4   12   0.0532683966
7   12   6   10   0.0086358978

End IABC Block
