0   0   2   2      -0.010552100423
0   0   3   3      -0.011925481845
0   1   1   2       0.010170916303
0   3   2   2       0.011859045329
0   4   1   3      -0.012396116457
0   4   3   3       0.010403013178
1   0   2   1       0.010170916303
1   1   2   2      -0.019348303229
1   2   2   2      -0.014292663730
1   4   2   3       0.016080279275
2   1   2   2      -0.014292663730
2   2   2   2      -0.026766566221
2   2   3   3      -0.021975694460
2   3   3   2       0.017785257079
2   4   2   3       0.010689135631
3   0   2   2       0.011859045329
3   2   2   3       0.017785257079
3   3   2   2      -0.025447590357
3   3   4   4      -0.010302106945
4   0   3   1      -0.012396116457
4   0   3   3       0.010403013178
4   1   3   2       0.016080279275
4   2   3   2       0.010689135631
4   4   3   3      -0.029679744781
0   5   1   4       0.016032236457
0   7   1   2       0.012370893223
1   5   2   4      -0.019178246727
1   7   2   2      -0.019115448320
2   5   2   4      -0.010489103096
2   6   2   3       0.013121720998
2   7   2   2      -0.013547055270
2   8   3   4       0.010520582256
2   12   2   2       0.014140372840
2   12   3   3       0.011329143384
3   5   1   4      -0.010950252353
3   13   2   2       0.011069378242
4   5   3   4       0.025939264439
4   7   3   2       0.017705634496
4   10   3   1       0.011789712064
4   10   3   3       0.018059588298
5   0   4   1       0.016032236457
5   1   4   2      -0.019178246727
5   2   4   2      -0.010489103096
5   3   4   1      -0.010950252353
5   4   4   3       0.025939264439
6   2   3   2       0.013121720998
7   0   2   1       0.012370893223
7   1   2   2      -0.019115448320
7   2   2   2      -0.013547055270
7   4   2   3       0.017705634496
8   2   4   3       0.010520582256
10   4   1   3       0.011789712064
10   4   3   3       0.018059588298
12   2   2   2       0.014140372840
12   2   3   3       0.011329143384
13   3   2   2       0.011069378242
5   5   4   4      -0.047598469927
5   7   4   2      -0.022228413149
5   10   4   1      -0.014720582986
5   10   4   3      -0.015658831040
5   12   4   2       0.011249049549
5   13   4   1       0.012566191816
5   25   4   4       0.011279665142
6   6   3   3      -0.016253943657
7   5   2   4      -0.022228413149
7   7   2   2      -0.022685435052
7   10   2   1      -0.010261941477
7   10   2   3      -0.010067563814
7   12   2   2       0.010586464210
8   8   2   2      -0.011760209776
8   8   4   4      -0.010265434090
10   5   1   4      -0.014720582986
10   5   3   4      -0.015658831040
10   7   1   2      -0.010261941477
10   7   3   2      -0.010067563814
10   10   3   3      -0.017460526810
10   10   4   4      -0.014810175964
12   5   2   4       0.011249049549
12   7   2   2       0.010586464210
12   12   2   2      -0.012658136565
13   5   1   4       0.012566191816
14   14   3   3      -0.011547935280
14   14   4   4      -0.013930234560
16   16   4   4      -0.013957486111
18   18   4   4      -0.012734894216
25   5   4   4       0.011279665142

