Begin IJ Block
1   1   -28.1884740612
1   3   0.4871806056
1   4   0.0000000000
1   7   -0.2751449648
2   2   -28.1892375958
2   3   0.0000000000
2   4   -0.5034545229
3   3   -10.5918660280
3   7   -1.0459765394
4   4   -7.7721528008
5   5   -8.4653877198
6   6   -8.4653877198
7   7   -8.0277809339

End IJ Block
Begin IA Block
1   4   0.0298234020
2   3   -0.2656983565
3   4   0.8035322158
4   3   -1.2383099740
5   5   -1.0071624098
5   6   1.6743109514
6   5   1.6743109514
6   6   1.0071624098
7   4   1.3096854141

End IA Block
Begin AB Block
1   1   -6.8247888437
2   2   -6.8247888437
3   3   -4.3057242205
4   4   -5.1560252734
5   5   -5.8982668382
6   6   -5.8982668382

End AB Block
Begin IJKL Block
1   8   1   8   2.3275302807
1   8   1   9   -0.0000000000
1   8   1   10   -0.2085827831
1   8   1   11   -0.0000000000
1   8   1   14   0.0711292454
1   8   2   8   -0.0000000000
1   8   2   9   1.7920878539
1   8   2   11   0.1701548762
1   8   3   8   -0.2085827831
1   8   3   10   0.0420123746
1   8   3   14   -0.0008379842
1   8   4   8   -0.0000000000
1   8   4   9   0.1701548762
1   8   4   11   0.0276172359
1   8   5   12   0.0134952239
1   8   6   13   0.0134952239
1   8   7   8   0.0711292454
1   8   7   10   -0.0008379842
1   8   7   14   0.0179940989
1   9   1   8   -0.0000000000
1   9   1   9   2.3297164512
1   9   1   11   0.1807336083
1   9   2   8   1.7920878539
1   9   2   9   0.0000000000
1   9   2   10   -0.2241285768
1   9   2   14   0.0497779777
1   9   3   9   -0.2090199298
1   9   3   11   -0.0249894201
1   9   4   8   0.1701548762
1   9   4   10   -0.0255834605
1   9   4   14   0.0150622866
1   9   7   9   0.0711523667
1   9   7   11   0.0159086631
1   10   1   8   -0.2085827831
1   10   1   10   0.9028102248
1   10   1   14   0.1147583706
1   10   2   9   -0.2241285768
1   10   2   11   -0.1436580985
1   10   3   8   0.0420123746
1   10   3   10   0.0092951913
1   10   3   14   0.0102578150
1   10   4   9   -0.0255834605
1   10   4   11   -0.0031423966
1   10   5   12   0.0195211947
1   10   6   13   0.0195211947
1   10   7   8   -0.0008379842
1   10   7   10   0.0363741334
1   10   7   14   0.0170716343
1   11   1   8   -0.0000000000
1   11   1   9   0.1807336083
1   11   1   11   0.6730166931
1   11   1   14   -0.0000000000
1   11   2   8   0.1701548762
1   11   2   10   -0.1436580985
1   11   2   14   0.2498746058
1   11   3   9   -0.0249894201
1   11   3   11   -0.0143877309
1   11   4   8   0.0276172359
1   11   4   10   -0.0031423966
1   11   4   14   -0.0051576474
1   11   7   9   0.0159086631
1   11   7   11   -0.0067275357
1   12   1   12   0.7223699457
1   12   3   12   0.0012762843
1   12   5   8   0.0134952239
1   12   5   10   0.0195211947
1   12   5   14   -0.0043558911
1   12   7   12   0.0123658096
1   13   1   13   0.7223699457
1   13   3   13   0.0012762843
1   13   6   8   0.0134952239
1   13   6   10   0.0195211947
1   13   6   14   -0.0043558911
1   13   7   13   0.0123658096
1   14   1   8   0.0711292454
1   14   1   10   0.1147583706
1   14   1   11   -0.0000000000
1   14   1   14   0.7078212332
1   14   2   9   0.0497779777
1   14   2   11   0.2498746058
1   14   3   8   -0.0008379842
1   14   3   10   0.0102578150
1   14   3   14   -0.0086698897
1   14   4   9   0.0150622866
1   14   4   11   -0.0051576474
1   14   5   12   -0.0043558911
1   14   6   13   -0.0043558911
1   14   7   8   0.0179940989
1   14   7   10   0.0170716343
1   14   7   14   -0.0008790847
2   8   1   8   -0.0000000000
2   8   1   9   1.7920878539
2   8   1   11   0.1701548762
2   8   2   8   2.3297164512
2   8   2   9   0.0000000000
2   8   2   10   -0.2090199298
2   8   2   14   0.0711523667
2   8   3   9   -0.2241285768
2   8   3   11   -0.0255834605
2   8   4   8   0.1807336083
2   8   4   10   -0.0249894201
2   8   4   14   0.0159086631
2   8   7   9   0.0497779777
2   8   7   11   0.0150622866
2   9   1   8   1.7920878539
2   9   1   9   0.0000000000
2   9   1   10   -0.2241285768
2   9   1   14   0.0497779777
2   9   2   8   0.0000000000
2   9   2   9   2.3319075220
2   9   2   10   -0.0000000000
2   9   2   11   0.1810049734
2   9   3   8   -0.2241285768
2   9   3   9   -0.0000000000
2   9   3   10   0.0413249680
2   9   3   14   -0.0020375863
2   9   4   9   0.1810049734
2   9   4   11   0.0280798973
2   9   5   12   0.0125629613
2   9   6   13   0.0125629613
2   9   7   8   0.0497779777
2   9   7   10   -0.0020375863
2   9   7   14   0.0162790370
2   10   1   9   -0.2241285768
2   10   1   11   -0.1436580985
2   10   2   8   -0.2090199298
2   10   2   9   -0.0000000000
2   10   2   10   0.9025766524
2   10   2   14   0.1145717192
2   10   3   9   0.0413249680
2   10   3   11   0.0095409550
2   10   4   8   -0.0249894201
2   10   4   10   0.0261862471
2   10   4   14   0.0089325174
2   10   7   9   -0.0020375863
2   10   7   11   0.0023807364
2   11   1   8   0.1701548762
2   11   1   10   -0.1436580985
2   11   1   14   0.2498746058
2   11   2   9   0.1810049734
2   11   2   11   0.6731814455
2   11   2   14   0.0000000000
2   11   3   8   -0.0255834605
2   11   3   10   0.0095409550
2   11   3   14   -0.0182352360
2   11   4   9   0.0280798973
2   11   4   11   0.0022289631
2   11   5   12   -0.0104763268
2   11   6   13   -0.0104763268
2   11   7   8   0.0150622866
2   11   7   10   0.0023807364
2   11   7   14   -0.0175611965
2   12   2   12   0.7223356937
2   12   4   12   0.0098868347
2   12   5   9   0.0125629613
2   12   5   11   -0.0104763268
2   13   2   13   0.7223356937
2   13   4   13   0.0098868347
2   13   6   9   0.0125629613
2   13   6   11   -0.0104763268
2   14   1   9   0.0497779777
2   14   1   11   0.2498746058
2   14   2   8   0.0711523667
2   14   2   10   0.1145717192
2   14   2   11   0.0000000000
2   14   2   14   0.7078808837
2   14   3   9   -0.0020375863
2   14   3   11   -0.0182352360
2   14   4   8   0.0159086631
2   14   4   10   0.0089325174
2   14   4   14   0.0040077589
2   14   7   9   0.0162790370
2   14   7   11   -0.0175611965
3   8   1   8   -0.2085827831
3   8   1   10   0.0420123746
3   8   1   14   -0.0008379842
3   8   2   9   -0.2241285768
3   8   2   11   -0.0255834605
3   8   3   8   0.9028102248
3   8   3   10   0.0092951913
3   8   3   14   0.0363741334
3   8   4   9   -0.1436580985
3   8   4   11   -0.0031423966
3   8   5   12   0.0195211947
3   8   6   13   0.0195211947
3   8   7   8   0.1147583706
3   8   7   10   0.0102578150
3   8   7   14   0.0170716343
3   9   1   9   -0.2090199298
3   9   1   11   -0.0249894201
3   9   2   8   -0.2241285768
3   9   2   9   -0.0000000000
3   9   2   10   0.0413249680
3   9   2   14   -0.0020375863
3   9   3   9   0.9025766524
3   9   3   11   0.0261862471
3   9   4   8   -0.1436580985
3   9   4   10   0.0095409550
3   9   4   14   0.0023807364
3   9   7   9   0.1145717192
3   9   7   11   0.0089325174
3   10   1   8   0.0420123746
3   10   1   10   0.0092951913
3   10   1   14   0.0102578150
3   10   2   9   0.0413249680
3   10   2   11   0.0095409550
3   10   3   8   0.0092951913
3   10   3   10   0.8861677928
3   10   3   14   0.1515236049
3   10   4   9   0.0095409550
3   10   4   11   0.0408764866
3   10   5   12   0.1102427362
3   10   6   13   0.1102427362
3   10   7   8   0.0102578150
3   10   7   10   0.1515236049
3   10   7   14   0.0634106314
3   11   1   9   -0.0249894201
3   11   1   11   -0.0143877309
3   11   2   8   -0.0255834605
3   11   2   10   0.0095409550
3   11   2   14   -0.0182352360
3   11   3   9   0.0261862471
3   11   3   11   0.5338129376
3   11   4   8   -0.0031423966
3   11   4   10   0.0408764866
3   11   4   14   -0.0801800751
3   11   7   9   0.0089325174
3   11   7   11   0.0104766068
3   12   1   12   0.0012762843
3   12   3   12   0.6767653067
3   12   5   8   0.0195211947
3   12   5   10   0.1102427362
3   12   5   14   -0.0135317353
3   12   7   12   0.0667396447
3   13   1   13   0.0012762843
3   13   3   13   0.6767653067
3   13   6   8   0.0195211947
3   13   6   10   0.1102427362
3   13   6   14   -0.0135317353
3   13   7   13   0.0667396447
3   14   1   8   -0.0008379842
3   14   1   10   0.0102578150
3   14   1   14   -0.0086698897
3   14   2   9   -0.0020375863
3   14   2   11   -0.0182352360
3   14   3   8   0.0363741334
3   14   3   10   0.1515236049
3   14   3   14   0.5865363066
3   14   4   9   0.0023807364
3   14   4   11   -0.0801800751
3   14   5   12   -0.0135317353
3   14   6   13   -0.0135317353
3   14   7   8   0.0170716343
3   14   7   10   0.0634106314
3   14   7   14   0.0377618464
4   8   1   8   -0.0000000000
4   8   1   9   0.1701548762
4   8   1   11   0.0276172359
4   8   2   8   0.1807336083
4   8   2   10   -0.0249894201
4   8   2   14   0.0159086631
4   8   3   9   -0.1436580985
4   8   3   11   -0.0031423966
4   8   4   8   0.6730166931
4   8   4   10   -0.0143877309
4   8   4   14   -0.0067275357
4   8   7   8   -0.0000000000
4   8   7   9   0.2498746058
4   8   7   11   -0.0051576474
4   9   1   8   0.1701548762
4   9   1   10   -0.0255834605
4   9   1   14   0.0150622866
4   9   2   9   0.1810049734
4   9   2   11   0.0280798973
4   9   3   8   -0.1436580985
4   9   3   10   0.0095409550
4   9   3   14   0.0023807364
4   9   4   9   0.6731814455
4   9   4   11   0.0022289631
4   9   5   12   -0.0104763268
4   9   6   13   -0.0104763268
4   9   7   8   0.2498746058
4   9   7   9   0.0000000000
4   9   7   10   -0.0182352360
4   9   7   14   -0.0175611965
4   10   1   9   -0.0255834605
4   10   1   11   -0.0031423966
4   10   2   8   -0.0249894201
4   10   2   10   0.0261862471
4   10   2   14   0.0089325174
4   10   3   9   0.0095409550
4   10   3   11   0.0408764866
4   10   4   8   -0.0143877309
4   10   4   10   0.5338129376
4   10   4   14   0.0104766068
4   10   7   9   -0.0182352360
4   10   7   11   -0.0801800751
4   11   1   8   0.0276172359
4   11   1   10   -0.0031423966
4   11   1   14   -0.0051576474
4   11   2   9   0.0280798973
4   11   2   11   0.0022289631
4   11   3   8   -0.0031423966
4   11   3   10   0.0408764866
4   11   3   14   -0.0801800751
4   11   4   9   0.0022289631
4   11   4   11   0.5442480113
4   11   5   12   0.0390121045
4   11   6   13   0.0390121045
4   11   7   8   -0.0051576474
4   11   7   10   -0.0801800751
4   11   7   14   0.2145946871
4   12   2   12   0.0098868347
4   12   4   12   0.5059456519
4   12   5   9   -0.0104763268
4   12   5   11   0.0390121045
4   13   2   13   0.0098868347
4   13   4   13   0.5059456519
4   13   6   9   -0.0104763268
4   13   6   11   0.0390121045
4   14   1   9   0.0150622866
4   14   1   11   -0.0051576474
4   14   2   8   0.0159086631
4   14   2   10   0.0089325174
4   14   2   14   0.0040077589
4   14   3   9   0.0023807364
4   14   3   11   -0.0801800751
4   14   4   8   -0.0067275357
4   14   4   10   0.0104766068
4   14   4   14   0.5487829293
4   14   7   9   -0.0175611965
4   14   7   11   0.2145946871
5   8   1   12   0.0134952239
5   8   3   12   0.0195211947
5   8   5   8   0.7223699457
5   8   5   10   0.0012762843
5   8   5   14   0.0123658096
5   8   7   12   -0.0043558911
5   9   2   12   0.0125629613
5   9   4   12   -0.0104763268
5   9   5   9   0.7223356937
5   9   5   11   0.0098868347
5   10   1   12   0.0195211947
5   10   3   12   0.1102427362
5   10   5   8   0.0012762843
5   10   5   10   0.6767653067
5   10   5   14   0.0667396447
5   10   7   12   -0.0135317353
5   11   2   12   -0.0104763268
5   11   4   12   0.0390121045
5   11   5   9   0.0098868347
5   11   5   11   0.5059456519
5   12   1   8   0.0134952239
5   12   1   10   0.0195211947
5   12   1   14   -0.0043558911
5   12   2   9   0.0125629613
5   12   2   11   -0.0104763268
5   12   3   8   0.0195211947
5   12   3   10   0.1102427362
5   12   3   14   -0.0135317353
5   12   4   9   -0.0104763268
5   12   4   11   0.0390121045
5   12   5   12   0.6115494230
5   12   6   13   0.0255030028
5   12   7   8   -0.0043558911
5   12   7   10   -0.0135317353
5   12   7   14   0.0250978274
5   13   5   13   0.5605434173
5   13   6   12   0.0255030028
5   14   1   12   -0.0043558911
5   14   3   12   -0.0135317353
5   14   5   8   0.0123658096
5   14   5   10   0.0667396447
5   14   5   14   0.5211318982
5   14   7   12   0.0250978274
6   8   1   13   0.0134952239
6   8   3   13   0.0195211947
6   8   6   8   0.7223699457
6   8   6   10   0.0012762843
6   8   6   14   0.0123658096
6   8   7   13   -0.0043558911
6   9   2   13   0.0125629613
6   9   4   13   -0.0104763268
6   9   6   9   0.7223356937
6   9   6   11   0.0098868347
6   10   1   13   0.0195211947
6   10   3   13   0.1102427362
6   10   6   8   0.0012762843
6   10   6   10   0.6767653067
6   10   6   14   0.0667396447
6   10   7   13   -0.0135317353
6   11   2   13   -0.0104763268
6   11   4   13   0.0390121045
6   11   6   9   0.0098868347
6   11   6   11   0.5059456519
6   12   5   13   0.0255030028
6   12   6   12   0.5605434173
6   13   1   8   0.0134952239
6   13   1   10   0.0195211947
6   13   1   14   -0.0043558911
6   13   2   9   0.0125629613
6   13   2   11   -0.0104763268
6   13   3   8   0.0195211947
6   13   3   10   0.1102427362
6   13   3   14   -0.0135317353
6   13   4   9   -0.0104763268
6   13   4   11   0.0390121045
6   13   5   12   0.0255030028
6   13   6   13   0.6115494230
6   13   7   8   -0.0043558911
6   13   7   10   -0.0135317353
6   13   7   14   0.0250978274
6   14   1   13   -0.0043558911
6   14   3   13   -0.0135317353
6   14   6   8   0.0123658096
6   14   6   10   0.0667396447
6   14   6   14   0.5211318982
6   14   7   13   0.0250978274
7   8   1   8   0.0711292454
7   8   1   10   -0.0008379842
7   8   1   14   0.0179940989
7   8   2   9   0.0497779777
7   8   2   11   0.0150622866
7   8   3   8   0.1147583706
7   8   3   10   0.0102578150
7   8   3   14   0.0170716343
7   8   4   8   -0.0000000000
7   8   4   9   0.2498746058
7   8   4   11   -0.0051576474
7   8   5   12   -0.0043558911
7   8   6   13   -0.0043558911
7   8   7   8   0.7078212332
7   8   7   10   -0.0086698897
7   8   7   14   -0.0008790847
7   9   1   9   0.0711523667
7   9   1   11   0.0159086631
7   9   2   8   0.0497779777
7   9   2   10   -0.0020375863
7   9   2   14   0.0162790370
7   9   3   9   0.1145717192
7   9   3   11   0.0089325174
7   9   4   8   0.2498746058
7   9   4   9   0.0000000000
7   9   4   10   -0.0182352360
7   9   4   14   -0.0175611965
7   9   7   9   0.7078808837
7   9   7   11   0.0040077589
7   10   1   8   -0.0008379842
7   10   1   10   0.0363741334
7   10   1   14   0.0170716343
7   10   2   9   -0.0020375863
7   10   2   11   0.0023807364
7   10   3   8   0.0102578150
7   10   3   10   0.1515236049
7   10   3   14   0.0634106314
7   10   4   9   -0.0182352360
7   10   4   11   -0.0801800751
7   10   5   12   -0.0135317353
7   10   6   13   -0.0135317353
7   10   7   8   -0.0086698897
7   10   7   10   0.5865363066
7   10   7   14   0.0377618464
7   11   1   9   0.0159086631
7   11   1   11   -0.0067275357
7   11   2   8   0.0150622866
7   11   2   10   0.0023807364
7   11   2   14   -0.0175611965
7   11   3   9   0.0089325174
7   11   3   11   0.0104766068
7   11   4   8   -0.0051576474
7   11   4   10   -0.0801800751
7   11   4   14   0.2145946871
7   11   7   9   0.0040077589
7   11   7   11   0.5487829293
7   12   1   12   0.0123658096
7   12   3   12   0.0667396447
7   12   5   8   -0.0043558911
7   12   5   10   -0.0135317353
7   12   5   14   0.0250978274
7   12   7   12   0.5211318982
7   13   1   13   0.0123658096
7   13   3   13   0.0667396447
7   13   6   8   -0.0043558911
7   13   6   10   -0.0135317353
7   13   6   14   0.0250978274
7   13   7   13   0.5211318982
7   14   1   8   0.0179940989
7   14   1   10   0.0170716343
7   14   1   14   -0.0008790847
7   14   2   9   0.0162790370
7   14   2   11   -0.0175611965
7   14   3   8   0.0170716343
7   14   3   10   0.0634106314
7   14   3   14   0.0377618464
7   14   4   9   -0.0175611965
7   14   4   11   0.2145946871
7   14   5   12   0.0250978274
7   14   6   13   0.0250978274
7   14   7   8   -0.0008790847
7   14   7   10   0.0377618464
7   14   7   14   0.5691520380

End IJKL Block
Begin IJAB Block
1   8   1   7   0.0104287247
1   8   2   8   0.0104287247
1   8   3   9   0.0093414580
1   8   4   10   0.0075063045
1   8   5   11   0.0159636732
1   8   6   12   0.0159636732
1   9   1   11   -0.0036750055
1   9   1   12   -0.0119627488
1   9   2   11   0.0119627488
1   9   2   12   -0.0036750055
1   9   3   10   0.0008175681
1   9   4   9   0.0007044829
1   9   5   7   -0.0038528893
1   9   5   8   0.0125417898
1   9   6   7   -0.0125417898
1   9   6   8   -0.0038528893
1   10   1   7   0.0084022284
1   10   2   8   0.0084022284
1   10   3   9   -0.0022230210
1   10   4   10   0.0065030578
1   10   5   11   0.0108169334
1   10   6   12   0.0108169334
1   11   1   11   0.0014095907
1   11   1   12   0.0045884501
1   11   2   11   -0.0045884501
1   11   2   12   0.0014095907
1   11   3   10   -0.0004775378
1   11   4   9   0.0008317105
1   11   5   7   0.0039213206
1   11   5   8   -0.0127645449
1   11   6   7   0.0127645449
1   11   6   8   0.0039213206
1   12   1   9   -0.0037023539
1   12   2   9   -0.0041271666
1   12   3   7   0.0009865669
1   12   3   8   0.0010997668
1   12   4   11   -0.0017229359
1   12   4   12   0.0028642157
1   12   5   10   0.0010843433
1   12   6   10   -0.0018026167
1   13   1   9   -0.0041271666
1   13   2   9   0.0037023539
1   13   3   7   0.0010997668
1   13   3   8   -0.0009865669
1   13   4   11   0.0028642157
1   13   4   12   0.0017229359
1   13   5   10   -0.0018026167
1   13   6   10   -0.0010843433
1   14   1   7   -0.0063185567
1   14   2   8   -0.0063185567
1   14   3   9   0.0005830920
1   14   4   10   0.0036934365
1   14   5   11   0.0011449734
1   14   6   12   0.0011449734
2   8   1   11   -0.0038528893
2   8   1   12   -0.0125417898
2   8   2   11   0.0125417898
2   8   2   12   -0.0038528893
2   8   3   10   0.0007044829
2   8   4   9   0.0008175681
2   8   5   7   -0.0036750055
2   8   5   8   0.0119627488
2   8   6   7   -0.0119627488
2   8   6   8   -0.0036750055
2   9   1   7   0.0108752974
2   9   2   8   0.0108752974
2   9   3   9   0.0093810129
2   9   4   10   0.0067915706
2   9   5   11   0.0151431611
2   9   6   12   0.0151431611
2   10   1   11   -0.0025969266
2   10   1   12   -0.0084534243
2   10   2   11   0.0084534243
2   10   2   12   -0.0025969266
2   10   3   10   -0.0023898184
2   10   4   9   -0.0004383675
2   10   5   7   -0.0027285147
2   10   5   8   0.0088817651
2   10   6   7   -0.0088817651
2   10   6   8   -0.0027285147
2   11   1   7   -0.0124790861
2   11   2   8   -0.0124790861
2   11   3   9   0.0020473227
2   11   4   10   -0.0010880768
2   11   5   11   -0.0052787786
2   11   6   12   -0.0052787786
2   12   1   10   0.0015020088
2   12   2   10   0.0016743512
2   12   3   11   0.0015879305
2   12   3   12   -0.0026397823
2   12   4   7   0.0030376865
2   12   4   8   0.0033862344
2   12   5   9   -0.0031170586
2   12   6   9   0.0051818111
2   13   1   10   0.0016743512
2   13   2   10   -0.0015020088
2   13   3   11   -0.0026397823
2   13   3   12   -0.0015879305
2   13   4   7   0.0033862344
2   13   4   8   -0.0030376865
2   13   5   9   0.0051818111
2   13   6   9   0.0031170586
2   14   1   11   -0.0001598093
2   14   1   12   -0.0005202056
2   14   2   11   0.0005202056
2   14   2   12   -0.0001598093
2   14   3   10   -0.0022566778
2   14   4   9   0.0025112919
2   14   5   7   0.0018037289
2   14   5   8   -0.0058714348
2   14   6   7   0.0058714348
2   14   6   8   0.0018037289
3   8   1   7   0.0084022284
3   8   2   8   0.0084022284
3   8   3   9   -0.0022230210
3   8   4   10   0.0065030578
3   8   5   11   0.0108169334
3   8   6   12   0.0108169334
3   9   1   11   -0.0027285147
3   9   1   12   -0.0088817651
3   9   2   11   0.0088817651
3   9   2   12   -0.0027285147
3   9   3   10   -0.0004383675
3   9   4   9   -0.0023898184
3   9   5   7   -0.0025969266
3   9   5   8   0.0084534243
3   9   6   7   -0.0084534243
3   9   6   8   -0.0025969266
3   10   1   7   0.0263037165
3   10   2   8   0.0263037165
3   10   3   9   0.0150129327
3   10   4   10   0.0367688393
3   10   5   11   0.0306967565
3   10   6   12   0.0306967565
3   11   1   11   0.0016150970
3   11   1   12   0.0052574069
3   11   2   11   -0.0052574069
3   11   2   12   0.0016150970
3   11   3   10   0.0053129806
3   11   4   9   -0.0058108722
3   11   5   7   0.0047423712
3   11   5   8   -0.0154372001
3   11   6   7   0.0154372001
3   11   6   8   0.0047423712
3   12   1   9   -0.0102093058
3   12   2   9   -0.0113807343
3   12   3   7   -0.0238189572
3   12   3   8   -0.0265519740
3   12   4   11   -0.0167501584
3   12   4   12   0.0278455326
3   12   5   10   -0.0006611519
3   12   6   10   0.0010991017
3   13   1   9   -0.0113807343
3   13   2   9   0.0102093058
3   13   3   7   -0.0265519740
3   13   3   8   0.0238189572
3   13   4   11   0.0278455326
3   13   4   12   0.0167501584
3   13   5   10   0.0010991017
3   13   6   10   0.0006611519
3   14   1   7   -0.0208530337
3   14   2   8   -0.0208530337
3   14   3   9   -0.0066093732
3   14   4   10   0.0203889268
3   14   5   11   0.0052470920
3   14   6   12   0.0052470920
4   8   1   11   0.0039213206
4   8   1   12   0.0127645449
4   8   2   11   -0.0127645449
4   8   2   12   0.0039213206
4   8   3   10   0.0008317105
4   8   4   9   -0.0004775378
4   8   5   7   0.0014095907
4   8   5   8   -0.0045884501
4   8   6   7   0.0045884501
4   8   6   8   0.0014095907
4   9   1   7   -0.0124790861
4   9   2   8   -0.0124790861
4   9   3   9   0.0020473227
4   9   4   10   -0.0010880768
4   9   5   11   -0.0052787786
4   9   6   12   -0.0052787786
4   10   1   11   0.0047423712
4   10   1   12   0.0154372001
4   10   2   11   -0.0154372001
4   10   2   12   0.0047423712
4   10   3   10   -0.0058108722
4   10   4   9   0.0053129806
4   10   5   7   0.0016150970
4   10   5   8   -0.0052574069
4   10   6   7   0.0052574069
4   10   6   8   0.0016150970
4   11   1   7   0.0700116480
4   11   2   8   0.0700116480
4   11   3   9   0.0354232283
4   11   4   10   0.0170840726
4   11   5   11   0.0106337126
4   11   6   12   0.0106337126
4   12   1   10   -0.0131828372
4   12   2   10   -0.0146954524
4   12   3   11   0.0169470614
4   12   3   12   -0.0281728648
4   12   4   7   -0.0009301929
4   12   4   8   -0.0010369244
4   12   5   9   0.0031607182
4   12   6   9   -0.0052543910
4   13   1   10   -0.0146954524
4   13   2   10   0.0131828372
4   13   3   11   -0.0281728648
4   13   3   12   -0.0169470614
4   13   4   7   -0.0010369244
4   13   4   8   0.0009301929
4   13   5   9   -0.0052543910
4   13   6   9   -0.0031607182
4   14   1   11   0.0036443961
4   14   1   12   0.0118631102
4   14   2   11   -0.0118631102
4   14   2   12   0.0036443961
4   14   3   10   -0.0330546952
4   14   4   9   -0.0180410569
4   14   5   7   0.0000766085
4   14   5   8   -0.0002493733
4   14   6   7   0.0002493733
4   14   6   8   0.0000766085
5   8   1   9   0.0009865669
5   8   2   9   0.0010997668
5   8   3   7   -0.0037023539
5   8   3   8   -0.0041271666
5   8   4   11   0.0010843433
5   8   4   12   -0.0018026167
5   8   5   10   -0.0017229359
5   8   6   10   0.0028642157
5   9   1   10   0.0030376865
5   9   2   10   0.0033862344
5   9   3   11   -0.0031170586
5   9   3   12   0.0051818111
5   9   4   7   0.0015020088
5   9   4   8   0.0016743512
5   9   5   9   0.0015879305
5   9   6   9   -0.0026397823
5   10   1   9   -0.0238189572
5   10   2   9   -0.0265519740
5   10   3   7   -0.0102093058
5   10   3   8   -0.0113807343
5   10   4   11   -0.0006611519
5   10   4   12   0.0010991017
5   10   5   10   -0.0167501584
5   10   6   10   0.0278455326
5   11   1   10   -0.0009301929
5   11   2   10   -0.0010369244
5   11   3   11   0.0031607182
5   11   3   12   -0.0052543910
5   11   4   7   -0.0131828372
5   11   4   8   -0.0146954524
5   11   5   9   0.0169470614
5   11   6   9   -0.0281728648
5   12   1   7   0.0620465984
5   12   1   8   0.0549342688
5   12   2   7   0.0549342688
5   12   2   8   0.0740042548
5   12   3   9   0.0107384076
5   12   4   10   0.0191998688
5   12   5   11   0.0265654676
5   12   5   12   -0.0305244719
5   12   6   11   -0.0305244719
5   12   6   12   0.0589478324
5   13   1   7   0.0549342688
5   13   1   8   -0.0365130791
5   13   2   7   0.0484707356
5   13   2   8   -0.0549342688
5   13   5   11   -0.0305244719
5   13   5   12   -0.0101578192
5   13   6   11   0.0425401840
5   13   6   12   0.0305244719
5   14   1   9   0.0045873950
5   14   2   9   0.0051137584
5   14   3   7   0.0072916116
5   14   3   8   0.0081282602
5   14   4   11   0.0021535622
5   14   4   12   -0.0035800908
5   14   5   10   -0.0193251195
5   14   6   10   0.0321261585
6   8   1   9   0.0010997668
6   8   2   9   -0.0009865669
6   8   3   7   -0.0041271666
6   8   3   8   0.0037023539
6   8   4   11   -0.0018026167
6   8   4   12   -0.0010843433
6   8   5   10   0.0028642157
6   8   6   10   0.0017229359
6   9   1   10   0.0033862344
6   9   2   10   -0.0030376865
6   9   3   11   0.0051818111
6   9   3   12   0.0031170586
6   9   4   7   0.0016743512
6   9   4   8   -0.0015020088
6   9   5   9   -0.0026397823
6   9   6   9   -0.0015879305
6   10   1   9   -0.0265519740
6   10   2   9   0.0238189572
6   10   3   7   -0.0113807343
6   10   3   8   0.0102093058
6   10   4   11   0.0010991017
6   10   4   12   0.0006611519
6   10   5   10   0.0278455326
6   10   6   10   0.0167501584
6   11   1   10   -0.0010369244
6   11   2   10   0.0009301929
6   11   3   11   -0.0052543910
6   11   3   12   -0.0031607182
6   11   4   7   -0.0146954524
6   11   4   8   0.0131828372
6   11   5   9   -0.0281728648
6   11   6   9   -0.0169470614
6   12   1   7   0.0549342688
6   12   1   8   0.0484707356
6   12   2   7   -0.0365130791
6   12   2   8   -0.0549342688
6   12   5   11   -0.0305244719
6   12   5   12   0.0425401840
6   12   6   11   -0.0101578192
6   12   6   12   0.0305244719
6   13   1   7   0.0740042548
6   13   1   8   -0.0549342688
6   13   2   7   -0.0549342688
6   13   2   8   0.0620465984
6   13   3   9   0.0107384076
6   13   4   10   0.0191998688
6   13   5   11   0.0589478324
6   13   5   12   0.0305244719
6   13   6   11   0.0305244719
6   13   6   12   0.0265654676
6   14   1   9   0.0051137584
6   14   2   9   -0.0045873950
6   14   3   7   0.0081282602
6   14   3   8   -0.0072916116
6   14   4   11   -0.0035800908
6   14   4   12   -0.0021535622
6   14   5   10   0.0321261585
6   14   6   10   0.0193251195
7   8   1   7   -0.0063185567
7   8   2   8   -0.0063185567
7   8   3   9   0.0005830920
7   8   4   10   0.0036934365
7   8   5   11   0.0011449734
7   8   6   12   0.0011449734
7   9   1   11   0.0018037289
7   9   1   12   0.0058714348
7   9   2   11   -0.0058714348
7   9   2   12   0.0018037289
7   9   3   10   0.0025112919
7   9   4   9   -0.0022566778
7   9   5   7   -0.0001598093
7   9   5   8   0.0005202056
7   9   6   7   -0.0005202056
7   9   6   8   -0.0001598093
7   10   1   7   -0.0208530337
7   10   2   8   -0.0208530337
7   10   3   9   -0.0066093732
7   10   4   10   0.0203889268
7   10   5   11   0.0052470920
7   10   6   12   0.0052470920
7   11   1   11   0.0000766085
7   11   1   12   0.0002493733
7   11   2   11   -0.0002493733
7   11   2   12   0.0000766085
7   11   3   10   -0.0180410569
7   11   4   9   -0.0330546952
7   11   5   7   0.0036443961
7   11   5   8   -0.0118631102
7   11   6   7   0.0118631102
7   11   6   8   0.0036443961
7   12   1   9   0.0072916116
7   12   2   9   0.0081282602
7   12   3   7   0.0045873950
7   12   3   8   0.0051137584
7   12   4   11   -0.0193251195
7   12   4   12   0.0321261585
7   12   5   10   0.0021535622
7   12   6   10   -0.0035800908
7   13   1   9   0.0081282602
7   13   2   9   -0.0072916116
7   13   3   7   0.0051137584
7   13   3   8   -0.0045873950
7   13   4   11   0.0321261585
7   13   4   12   0.0193251195
7   13   5   10   -0.0035800908
7   13   6   10   -0.0021535622
7   14   1   7   0.0377480898
7   14   2   8   0.0377480898
7   14   3   9   0.0219804529
7   14   4   10   0.0433149063
7   14   5   11   0.0136433936
7   14   6   12   0.0136433936

End IJAB Block
Begin ABCD Block
1   7   1   7   0.4667311046
1   7   2   8   0.0178125942
1   7   3   9   0.0147211060
1   7   4   10   0.0074376952
1   7   5   11   0.0091771936
1   7   5   12   0.0092942360
1   7   6   11   0.0092942360
1   7   6   12   0.0365762367
1   8   1   8   0.4311059161
1   8   2   7   0.0178125942
1   8   5   11   -0.0092942360
1   8   5   12   -0.0034667387
1   8   6   11   -0.0239323044
1   8   6   12   0.0092942360
1   9   1   9   0.3307634632
1   9   3   7   0.0147211060
1   9   4   11   -0.0010147948
1   9   4   12   -0.0033033245
1   9   5   10   -0.0050368767
1   9   6   10   -0.0163958641
1   10   1   10   0.3756774519
1   10   3   11   -0.0024945910
1   10   3   12   -0.0081203051
1   10   4   7   0.0074376952
1   10   5   9   -0.0050368767
1   10   6   9   -0.0163958641
1   11   1   11   0.3985244113
1   11   1   12   0.0076334102
1   11   2   11   -0.0076334102
1   11   2   12   -0.0112514969
1   11   3   10   -0.0024945910
1   11   4   9   -0.0010147948
1   11   5   7   0.0091771936
1   11   5   8   -0.0092942360
1   11   6   7   0.0092942360
1   11   6   8   -0.0239323044
1   12   1   11   0.0076334102
1   12   1   12   0.4210274051
1   12   2   11   -0.0112514969
1   12   2   12   0.0076334102
1   12   3   10   -0.0081203051
1   12   4   9   -0.0033033245
1   12   5   7   0.0092942360
1   12   5   8   -0.0034667387
1   12   6   7   0.0365762367
1   12   6   8   0.0092942360
2   7   1   8   0.0178125942
2   7   2   7   0.4311059161
2   7   5   11   -0.0092942360
2   7   5   12   -0.0239323044
2   7   6   11   -0.0034667387
2   7   6   12   0.0092942360
2   8   1   7   0.0178125942
2   8   2   8   0.4667311046
2   8   3   9   0.0147211060
2   8   4   10   0.0074376952
2   8   5   11   0.0365762367
2   8   5   12   -0.0092942360
2   8   6   11   -0.0092942360
2   8   6   12   0.0091771936
2   9   2   9   0.3307634632
2   9   3   8   0.0147211060
2   9   4   11   0.0033033245
2   9   4   12   -0.0010147948
2   9   5   10   0.0163958641
2   9   6   10   -0.0050368767
2   10   2   10   0.3756774519
2   10   3   11   0.0081203051
2   10   3   12   -0.0024945910
2   10   4   8   0.0074376952
2   10   5   9   0.0163958641
2   10   6   9   -0.0050368767
2   11   1   11   -0.0076334102
2   11   1   12   -0.0112514969
2   11   2   11   0.4210274051
2   11   2   12   -0.0076334102
2   11   3   10   0.0081203051
2   11   4   9   0.0033033245
2   11   5   7   -0.0092942360
2   11   5   8   0.0365762367
2   11   6   7   -0.0034667387
2   11   6   8   -0.0092942360
2   12   1   11   -0.0112514969
2   12   1   12   0.0076334102
2   12   2   11   -0.0076334102
2   12   2   12   0.3985244113
2   12   3   10   -0.0024945910
2   12   4   9   -0.0010147948
2   12   5   7   -0.0239323044
2   12   5   8   -0.0092942360
2   12   6   7   0.0092942360
2   12   6   8   0.0091771936
3   7   1   9   0.0147211060
3   7   3   7   0.3307634632
3   7   4   11   -0.0050368767
3   7   4   12   -0.0163958641
3   7   5   10   -0.0010147948
3   7   6   10   -0.0033033245
3   8   2   9   0.0147211060
3   8   3   8   0.3307634632
3   8   4   11   0.0163958641
3   8   4   12   -0.0050368767
3   8   5   10   0.0033033245
3   8   6   10   -0.0010147948
3   9   1   7   0.0147211060
3   9   2   8   0.0147211060
3   9   3   9   0.3489313291
3   9   4   10   0.0964645175
3   9   5   11   0.0076380479
3   9   6   12   0.0076380479
3   10   1   11   -0.0024945910
3   10   1   12   -0.0081203051
3   10   2   11   0.0081203051
3   10   2   12   -0.0024945910
3   10   3   10   0.3309240239
3   10   4   9   0.0964645175
3   10   5   7   -0.0010147948
3   10   5   8   0.0033033245
3   10   6   7   -0.0033033245
3   10   6   8   -0.0010147948
3   11   1   10   -0.0024945910
3   11   2   10   0.0081203051
3   11   3   11   0.3019178577
3   11   4   7   -0.0050368767
3   11   4   8   0.0163958641
3   11   5   9   0.0076380479
3   12   1   10   -0.0081203051
3   12   2   10   -0.0024945910
3   12   3   12   0.3019178577
3   12   4   7   -0.0163958641
3   12   4   8   -0.0050368767
3   12   6   9   0.0076380479
4   7   1   10   0.0074376952
4   7   3   11   -0.0050368767
4   7   3   12   -0.0163958641
4   7   4   7   0.3756774519
4   7   5   9   -0.0024945910
4   7   6   9   -0.0081203051
4   8   2   10   0.0074376952
4   8   3   11   0.0163958641
4   8   3   12   -0.0050368767
4   8   4   8   0.3756774519
4   8   5   9   0.0081203051
4   8   6   9   -0.0024945910
4   9   1   11   -0.0010147948
4   9   1   12   -0.0033033245
4   9   2   11   0.0033033245
4   9   2   12   -0.0010147948
4   9   3   10   0.0964645175
4   9   4   9   0.3309240239
4   9   5   7   -0.0024945910
4   9   5   8   0.0081203051
4   9   6   7   -0.0081203051
4   9   6   8   -0.0024945910
4   10   1   7   0.0074376952
4   10   2   8   0.0074376952
4   10   3   9   0.0964645175
4   10   4   10   0.3635223002
4   10   5   11   0.0184720558
4   10   6   12   0.0184720558
4   11   1   9   -0.0010147948
4   11   2   9   0.0033033245
4   11   3   7   -0.0050368767
4   11   3   8   0.0163958641
4   11   4   11   0.3608133076
4   11   5   10   0.0184720558
4   12   1   9   -0.0033033245
4   12   2   9   -0.0010147948
4   12   3   7   -0.0163958641
4   12   3   8   -0.0050368767
4   12   4   12   0.3608133076
4   12   6   10   0.0184720558
5   7   1   11   0.0091771936
5   7   1   12   0.0092942360
5   7   2   11   -0.0092942360
5   7   2   12   -0.0239323044
5   7   3   10   -0.0010147948
5   7   4   9   -0.0024945910
5   7   5   7   0.3985244113
5   7   5   8   -0.0076334102
5   7   6   7   0.0076334102
5   7   6   8   -0.0112514969
5   8   1   11   -0.0092942360
5   8   1   12   -0.0034667387
5   8   2   11   0.0365762367
5   8   2   12   -0.0092942360
5   8   3   10   0.0033033245
5   8   4   9   0.0081203051
5   8   5   7   -0.0076334102
5   8   5   8   0.4210274051
5   8   6   7   -0.0112514969
5   8   6   8   -0.0076334102
5   9   1   10   -0.0050368767
5   9   2   10   0.0163958641
5   9   3   11   0.0076380479
5   9   4   7   -0.0024945910
5   9   4   8   0.0081203051
5   9   5   9   0.3019178577
5   10   1   9   -0.0050368767
5   10   2   9   0.0163958641
5   10   3   7   -0.0010147948
5   10   3   8   0.0033033245
5   10   4   11   0.0184720558
5   10   5   10   0.3608133076
5   11   1   7   0.0091771936
5   11   1   8   -0.0092942360
5   11   2   7   -0.0092942360
5   11   2   8   0.0365762367
5   11   3   9   0.0076380479
5   11   4   10   0.0184720558
5   11   5   11   0.4180928350
5   11   6   12   0.0170639778
5   12   1   7   0.0092942360
5   12   1   8   -0.0034667387
5   12   2   7   -0.0239323044
5   12   2   8   -0.0092942360
5   12   5   12   0.3839648795
5   12   6   11   0.0170639778
6   7   1   11   0.0092942360
6   7   1   12   0.0365762367
6   7   2   11   -0.0034667387
6   7   2   12   0.0092942360
6   7   3   10   -0.0033033245
6   7   4   9   -0.0081203051
6   7   5   7   0.0076334102
6   7   5   8   -0.0112514969
6   7   6   7   0.4210274051
6   7   6   8   0.0076334102
6   8   1   11   -0.0239323044
6   8   1   12   0.0092942360
6   8   2   11   -0.0092942360
6   8   2   12   0.0091771936
6   8   3   10   -0.0010147948
6   8   4   9   -0.0024945910
6   8   5   7   -0.0112514969
6   8   5   8   -0.0076334102
6   8   6   7   0.0076334102
6   8   6   8   0.3985244113
6   9   1   10   -0.0163958641
6   9   2   10   -0.0050368767
6   9   3   12   0.0076380479
6   9   4   7   -0.0081203051
6   9   4   8   -0.0024945910
6   9   6   9   0.3019178577
6   10   1   9   -0.0163958641
6   10   2   9   -0.0050368767
6   10   3   7   -0.0033033245
6   10   3   8   -0.0010147948
6   10   4   12   0.0184720558
6   10   6   10   0.3608133076
6   11   1   7   0.0092942360
6   11   1   8   -0.0239323044
6   11   2   7   -0.0034667387
6   11   2   8   -0.0092942360
6   11   5   12   0.0170639778
6   11   6   11   0.3839648795
6   12   1   7   0.0365762367
6   12   1   8   0.0092942360
6   12   2   7   0.0092942360
6   12   2   8   0.0091771936
6   12   3   9   0.0076380479
6   12   4   10   0.0184720558
6   12   5   11   0.0170639778
6   12   6   12   0.4180928350

End ABCD Block
Begin AIJB Block
1   8   1   7   0.0104287247
1   8   2   11   -0.0038528893
1   8   2   12   -0.0125417898
1   8   3   7   0.0084022284
1   8   4   11   0.0039213206
1   8   4   12   0.0127645449
1   8   5   9   0.0009865669
1   8   6   9   0.0010997668
1   8   7   7   -0.0063185567
1   9   1   11   -0.0036750055
1   9   1   12   -0.0119627488
1   9   2   7   0.0108752974
1   9   3   11   -0.0027285147
1   9   3   12   -0.0088817651
1   9   4   7   -0.0124790861
1   9   5   10   0.0030376865
1   9   6   10   0.0033862344
1   9   7   11   0.0018037289
1   9   7   12   0.0058714348
1   10   1   7   0.0084022284
1   10   2   11   -0.0025969266
1   10   2   12   -0.0084534243
1   10   3   7   0.0263037165
1   10   4   11   0.0047423712
1   10   4   12   0.0154372001
1   10   5   9   -0.0238189572
1   10   6   9   -0.0265519740
1   10   7   7   -0.0208530337
1   11   1   11   0.0014095907
1   11   1   12   0.0045884501
1   11   2   7   -0.0124790861
1   11   3   11   0.0016150970
1   11   3   12   0.0052574069
1   11   4   7   0.0700116480
1   11   5   10   -0.0009301929
1   11   6   10   -0.0010369244
1   11   7   11   0.0000766085
1   11   7   12   0.0002493733
1   12   1   9   -0.0037023539
1   12   2   10   0.0015020088
1   12   3   9   -0.0102093058
1   12   4   10   -0.0131828372
1   12   5   7   0.0620465984
1   12   5   8   0.0549342688
1   12   6   7   0.0549342688
1   12   6   8   0.0484707356
1   12   7   9   0.0072916116
1   13   1   9   -0.0041271666
1   13   2   10   0.0016743512
1   13   3   9   -0.0113807343
1   13   4   10   -0.0146954524
1   13   5   7   0.0549342688
1   13   5   8   -0.0365130791
1   13   6   7   0.0740042548
1   13   6   8   -0.0549342688
1   13   7   9   0.0081282602
1   14   1   7   -0.0063185567
1   14   2   11   -0.0001598093
1   14   2   12   -0.0005202056
1   14   3   7   -0.0208530337
1   14   4   11   0.0036443961
1   14   4   12   0.0118631102
1   14   5   9   0.0045873950
1   14   6   9   0.0051137584
1   14   7   7   0.0377480898
2   8   1   8   0.0104287247
2   8   2   11   0.0125417898
2   8   2   12   -0.0038528893
2   8   3   8   0.0084022284
2   8   4   11   -0.0127645449
2   8   4   12   0.0039213206
2   8   5   9   0.0010997668
2   8   6   9   -0.0009865669
2   8   7   8   -0.0063185567
2   9   1   11   0.0119627488
2   9   1   12   -0.0036750055
2   9   2   8   0.0108752974
2   9   3   11   0.0088817651
2   9   3   12   -0.0027285147
2   9   4   8   -0.0124790861
2   9   5   10   0.0033862344
2   9   6   10   -0.0030376865
2   9   7   11   -0.0058714348
2   9   7   12   0.0018037289
2   10   1   8   0.0084022284
2   10   2   11   0.0084534243
2   10   2   12   -0.0025969266
2   10   3   8   0.0263037165
2   10   4   11   -0.0154372001
2   10   4   12   0.0047423712
2   10   5   9   -0.0265519740
2   10   6   9   0.0238189572
2   10   7   8   -0.0208530337
2   11   1   11   -0.0045884501
2   11   1   12   0.0014095907
2   11   2   8   -0.0124790861
2   11   3   11   -0.0052574069
2   11   3   12   0.0016150970
2   11   4   8   0.0700116480
2   11   5   10   -0.0010369244
2   11   6   10   0.0009301929
2   11   7   11   -0.0002493733
2   11   7   12   0.0000766085
2   12   1   9   -0.0041271666
2   12   2   10   0.0016743512
2   12   3   9   -0.0113807343
2   12   4   10   -0.0146954524
2   12   5   7   0.0549342688
2   12   5   8   0.0740042548
2   12   6   7   -0.0365130791
2   12   6   8   -0.0549342688
2   12   7   9   0.0081282602
2   13   1   9   0.0037023539
2   13   2   10   -0.0015020088
2   13   3   9   0.0102093058
2   13   4   10   0.0131828372
2   13   5   7   0.0484707356
2   13   5   8   -0.0549342688
2   13   6   7   -0.0549342688
2   13   6   8   0.0620465984
2   13   7   9   -0.0072916116
2   14   1   8   -0.0063185567
2   14   2   11   0.0005202056
2   14   2   12   -0.0001598093
2   14   3   8   -0.0208530337
2   14   4   11   -0.0118631102
2   14   4   12   0.0036443961
2   14   5   9   0.0051137584
2   14   6   9   -0.0045873950
2   14   7   8   0.0377480898
3   8   1   9   0.0093414580
3   8   2   10   0.0007044829
3   8   3   9   -0.0022230210
3   8   4   10   0.0008317105
3   8   5   7   -0.0037023539
3   8   5   8   -0.0041271666
3   8   6   7   -0.0041271666
3   8   6   8   0.0037023539
3   8   7   9   0.0005830920
3   9   1   10   0.0008175681
3   9   2   9   0.0093810129
3   9   3   10   -0.0004383675
3   9   4   9   0.0020473227
3   9   5   11   -0.0031170586
3   9   5   12   0.0051818111
3   9   6   11   0.0051818111
3   9   6   12   0.0031170586
3   9   7   10   0.0025112919
3   10   1   9   -0.0022230210
3   10   2   10   -0.0023898184
3   10   3   9   0.0150129327
3   10   4   10   -0.0058108722
3   10   5   7   -0.0102093058
3   10   5   8   -0.0113807343
3   10   6   7   -0.0113807343
3   10   6   8   0.0102093058
3   10   7   9   -0.0066093732
3   11   1   10   -0.0004775378
3   11   2   9   0.0020473227
3   11   3   10   0.0053129806
3   11   4   9   0.0354232283
3   11   5   11   0.0031607182
3   11   5   12   -0.0052543910
3   11   6   11   -0.0052543910
3   11   6   12   -0.0031607182
3   11   7   10   -0.0180410569
3   12   1   7   0.0009865669
3   12   1   8   0.0010997668
3   12   2   11   0.0015879305
3   12   2   12   -0.0026397823
3   12   3   7   -0.0238189572
3   12   3   8   -0.0265519740
3   12   4   11   0.0169470614
3   12   4   12   -0.0281728648
3   12   5   9   0.0107384076
3   12   7   7   0.0045873950
3   12   7   8   0.0051137584
3   13   1   7   0.0010997668
3   13   1   8   -0.0009865669
3   13   2   11   -0.0026397823
3   13   2   12   -0.0015879305
3   13   3   7   -0.0265519740
3   13   3   8   0.0238189572
3   13   4   11   -0.0281728648
3   13   4   12   -0.0169470614
3   13   6   9   0.0107384076
3   13   7   7   0.0051137584
3   13   7   8   -0.0045873950
3   14   1   9   0.0005830920
3   14   2   10   -0.0022566778
3   14   3   9   -0.0066093732
3   14   4   10   -0.0330546952
3   14   5   7   0.0072916116
3   14   5   8   0.0081282602
3   14   6   7   0.0081282602
3   14   6   8   -0.0072916116
3   14   7   9   0.0219804529
4   8   1   10   0.0075063045
4   8   2   9   0.0008175681
4   8   3   10   0.0065030578
4   8   4   9   -0.0004775378
4   8   5   11   0.0010843433
4   8   5   12   -0.0018026167
4   8   6   11   -0.0018026167
4   8   6   12   -0.0010843433
4   8   7   10   0.0036934365
4   9   1   9   0.0007044829
4   9   2   10   0.0067915706
4   9   3   9   -0.0023898184
4   9   4   10   -0.0010880768
4   9   5   7   0.0015020088
4   9   5   8   0.0016743512
4   9   6   7   0.0016743512
4   9   6   8   -0.0015020088
4   9   7   9   -0.0022566778
4   10   1   10   0.0065030578
4   10   2   9   -0.0004383675
4   10   3   10   0.0367688393
4   10   4   9   0.0053129806
4   10   5   11   -0.0006611519
4   10   5   12   0.0010991017
4   10   6   11   0.0010991017
4   10   6   12   0.0006611519
4   10   7   10   0.0203889268
4   11   1   9   0.0008317105
4   11   2   10   -0.0010880768
4   11   3   9   -0.0058108722
4   11   4   10   0.0170840726
4   11   5   7   -0.0131828372
4   11   5   8   -0.0146954524
4   11   6   7   -0.0146954524
4   11   6   8   0.0131828372
4   11   7   9   -0.0330546952
4   12   1   11   -0.0017229359
4   12   1   12   0.0028642157
4   12   2   7   0.0030376865
4   12   2   8   0.0033862344
4   12   3   11   -0.0167501584
4   12   3   12   0.0278455326
4   12   4   7   -0.0009301929
4   12   4   8   -0.0010369244
4   12   5   10   0.0191998688
4   12   7   11   -0.0193251195
4   12   7   12   0.0321261585
4   13   1   11   0.0028642157
4   13   1   12   0.0017229359
4   13   2   7   0.0033862344
4   13   2   8   -0.0030376865
4   13   3   11   0.0278455326
4   13   3   12   0.0167501584
4   13   4   7   -0.0010369244
4   13   4   8   0.0009301929
4   13   6   10   0.0191998688
4   13   7   11   0.0321261585
4   13   7   12   0.0193251195
4   14   1   10   0.0036934365
4   14   2   9   0.0025112919
4   14   3   10   0.0203889268
4   14   4   9   -0.0180410569
4   14   5   11   0.0021535622
4   14   5   12   -0.0035800908
4   14   6   11   -0.0035800908
4   14   6   12   -0.0021535622
4   14   7   10   0.0433149063
5   8   1   11   0.0159636732
5   8   2   7   -0.0036750055
5   8   2   8   0.0119627488
5   8   3   11   0.0108169334
5   8   4   7   0.0014095907
5   8   4   8   -0.0045884501
5   8   5   10   -0.0017229359
5   8   6   10   0.0028642157
5   8   7   11   0.0011449734
5   9   1   7   -0.0038528893
5   9   1   8   0.0125417898
5   9   2   11   0.0151431611
5   9   3   7   -0.0025969266
5   9   3   8   0.0084534243
5   9   4   11   -0.0052787786
5   9   5   9   0.0015879305
5   9   6   9   -0.0026397823
5   9   7   7   -0.0001598093
5   9   7   8   0.0005202056
5   10   1   11   0.0108169334
5   10   2   7   -0.0027285147
5   10   2   8   0.0088817651
5   10   3   11   0.0306967565
5   10   4   7   0.0016150970
5   10   4   8   -0.0052574069
5   10   5   10   -0.0167501584
5   10   6   10   0.0278455326
5   10   7   11   0.0052470920
5   11   1   7   0.0039213206
5   11   1   8   -0.0127645449
5   11   2   11   -0.0052787786
5   11   3   7   0.0047423712
5   11   3   8   -0.0154372001
5   11   4   11   0.0106337126
5   11   5   9   0.0169470614
5   11   6   9   -0.0281728648
5   11   7   7   0.0036443961
5   11   7   8   -0.0118631102
5   12   1   10   0.0010843433
5   12   2   9   -0.0031170586
5   12   3   10   -0.0006611519
5   12   4   9   0.0031607182
5   12   5   11   0.0265654676
5   12   5   12   -0.0305244719
5   12   6   11   -0.0305244719
5   12   6   12   0.0425401840
5   12   7   10   0.0021535622
5   13   1   10   -0.0018026167
5   13   2   9   0.0051818111
5   13   3   10   0.0010991017
5   13   4   9   -0.0052543910
5   13   5   11   -0.0305244719
5   13   5   12   -0.0101578192
5   13   6   11   0.0589478324
5   13   6   12   0.0305244719
5   13   7   10   -0.0035800908
5   14   1   11   0.0011449734
5   14   2   7   0.0018037289
5   14   2   8   -0.0058714348
5   14   3   11   0.0052470920
5   14   4   7   0.0000766085
5   14   4   8   -0.0002493733
5   14   5   10   -0.0193251195
5   14   6   10   0.0321261585
5   14   7   11   0.0136433936
6   8   1   12   0.0159636732
6   8   2   7   -0.0119627488
6   8   2   8   -0.0036750055
6   8   3   12   0.0108169334
6   8   4   7   0.0045884501
6   8   4   8   0.0014095907
6   8   5   10   0.0028642157
6   8   6   10   0.0017229359
6   8   7   12   0.0011449734
6   9   1   7   -0.0125417898
6   9   1   8   -0.0038528893
6   9   2   12   0.0151431611
6   9   3   7   -0.0084534243
6   9   3   8   -0.0025969266
6   9   4   12   -0.0052787786
6   9   5   9   -0.0026397823
6   9   6   9   -0.0015879305
6   9   7   7   -0.0005202056
6   9   7   8   -0.0001598093
6   10   1   12   0.0108169334
6   10   2   7   -0.0088817651
6   10   2   8   -0.0027285147
6   10   3   12   0.0306967565
6   10   4   7   0.0052574069
6   10   4   8   0.0016150970
6   10   5   10   0.0278455326
6   10   6   10   0.0167501584
6   10   7   12   0.0052470920
6   11   1   7   0.0127645449
6   11   1   8   0.0039213206
6   11   2   12   -0.0052787786
6   11   3   7   0.0154372001
6   11   3   8   0.0047423712
6   11   4   12   0.0106337126
6   11   5   9   -0.0281728648
6   11   6   9   -0.0169470614
6   11   7   7   0.0118631102
6   11   7   8   0.0036443961
6   12   1   10   -0.0018026167
6   12   2   9   0.0051818111
6   12   3   10   0.0010991017
6   12   4   9   -0.0052543910
6   12   5   11   -0.0305244719
6   12   5   12   0.0589478324
6   12   6   11   -0.0101578192
6   12   6   12   0.0305244719
6   12   7   10   -0.0035800908
6   13   1   10   -0.0010843433
6   13   2   9   0.0031170586
6   13   3   10   0.0006611519
6   13   4   9   -0.0031607182
6   13   5   11   0.0425401840
6   13   5   12   0.0305244719
6   13   6   11   0.0305244719
6   13   6   12   0.0265654676
6   13   7   10   -0.0021535622
6   14   1   12   0.0011449734
6   14   2   7   0.0058714348
6   14   2   8   0.0018037289
6   14   3   12   0.0052470920
6   14   4   7   0.0002493733
6   14   4   8   0.0000766085
6   14   5   10   0.0321261585
6   14   6   10   0.0193251195
6   14   7   12   0.0136433936

1   8   8   1   -0.6045748066
1   8   9   5   0.0332401353
1   8   9   6   0.1082021207
1   8   10   1   0.0041216025
1   8   11   5   0.0012526653
1   8   11   6   0.0040776320
1   8   12   3   0.0043671811
1   8   13   3   0.0048682769
1   8   14   1   -0.0022905918
1   9   8   5   0.0332401353
1   9   8   6   0.1082021207
1   9   9   1   -0.6046263760
1   9   10   5   -0.0017173446
1   9   10   6   -0.0055902397
1   9   11   1   -0.0041803836
1   9   12   4   -0.0005540395
1   9   13   4   -0.0006176107
1   9   14   5   0.0003988026
1   9   14   6   0.0012981683
1   10   8   1   0.0041216025
1   10   9   5   -0.0017173446
1   10   9   6   -0.0055902397
1   10   10   1   -0.5306231270
1   10   11   5   -0.0035987041
1   10   11   6   -0.0117143753
1   10   12   3   0.0177617828
1   10   13   3   0.0197997919
1   10   14   1   -0.0249827439
1   11   8   5   0.0012526653
1   11   8   6   0.0040776320
1   11   9   1   -0.0041803836
1   11   10   5   -0.0035987041
1   11   10   6   -0.0117143753
1   11   11   1   -0.4750495374
1   11   12   4   0.0026628410
1   11   13   4   0.0029683787
1   11   14   5   0.0028614541
1   11   14   6   0.0093145049
1   12   8   3   0.0043671811
1   12   9   4   -0.0005540395
1   12   10   3   0.0177617828
1   12   11   4   0.0026628410
1   12   12   1   -0.4903978028
1   12   12   2   -0.0175589523
1   12   13   1   -0.0175589523
1   12   13   2   -0.0019110468
1   12   14   3   -0.0044311053
1   13   8   3   0.0048682769
1   13   9   4   -0.0006176107
1   13   10   3   0.0197997919
1   13   11   4   0.0029683787
1   13   12   1   -0.0175589523
1   13   12   2   -0.0019110468
1   13   13   1   -0.4942198964
1   13   13   2   0.0175589523
1   13   14   3   -0.0049395359
1   14   8   1   -0.0022905918
1   14   9   5   0.0003988026
1   14   9   6   0.0012981683
1   14   10   1   -0.0249827439
1   14   11   5   0.0028614541
1   14   11   6   0.0093145049
1   14   12   3   -0.0044311053
1   14   13   3   -0.0049395359
1   14   14   1   -0.4784612287
2   8   8   2   -0.6045748066
2   8   9   5   -0.1082021207
2   8   9   6   0.0332401353
2   8   10   2   0.0041216025
2   8   11   5   -0.0040776320
2   8   11   6   0.0012526653
2   8   12   3   0.0048682769
2   8   13   3   -0.0043671811
2   8   14   2   -0.0022905918
2   9   8   5   -0.1082021207
2   9   8   6   0.0332401353
2   9   9   2   -0.6046263760
2   9   10   5   0.0055902397
2   9   10   6   -0.0017173446
2   9   11   2   -0.0041803836
2   9   12   4   -0.0006176107
2   9   13   4   0.0005540395
2   9   14   5   -0.0012981683
2   9   14   6   0.0003988026
2   10   8   2   0.0041216025
2   10   9   5   0.0055902397
2   10   9   6   -0.0017173446
2   10   10   2   -0.5306231270
2   10   11   5   0.0117143753
2   10   11   6   -0.0035987041
2   10   12   3   0.0197997919
2   10   13   3   -0.0177617828
2   10   14   2   -0.0249827439
2   11   8   5   -0.0040776320
2   11   8   6   0.0012526653
2   11   9   2   -0.0041803836
2   11   10   5   0.0117143753
2   11   10   6   -0.0035987041
2   11   11   2   -0.4750495374
2   11   12   4   0.0029683787
2   11   13   4   -0.0026628410
2   11   14   5   -0.0093145049
2   11   14   6   0.0028614541
2   12   8   3   0.0048682769
2   12   9   4   -0.0006176107
2   12   10   3   0.0197997919
2   12   11   4   0.0029683787
2   12   12   1   -0.0175589523
2   12   12   2   -0.4942198964
2   12   13   1   -0.0019110468
2   12   13   2   0.0175589523
2   12   14   3   -0.0049395359
2   13   8   3   -0.0043671811
2   13   9   4   0.0005540395
2   13   10   3   -0.0177617828
2   13   11   4   -0.0026628410
2   13   12   1   -0.0019110468
2   13   12   2   0.0175589523
2   13   13   1   0.0175589523
2   13   13   2   -0.4903978028
2   13   14   3   0.0044311053
2   14   8   2   -0.0022905918
2   14   9   5   -0.0012981683
2   14   9   6   0.0003988026
2   14   10   2   -0.0249827439
2   14   11   5   -0.0093145049
2   14   11   6   0.0028614541
2   14   12   3   -0.0049395359
2   14   13   3   0.0044311053
2   14   14   2   -0.4784612287
3   8   8   3   -0.3881735539
3   8   9   4   0.0612657593
3   8   10   3   0.0037611753
3   8   11   4   -0.0031901985
3   8   12   1   0.0043671811
3   8   12   2   0.0048682769
3   8   13   1   0.0048682769
3   8   13   2   -0.0043671811
3   8   14   3   0.0007733857
3   9   8   4   0.0612657593
3   9   9   3   -0.3882165247
3   9   10   4   -0.0040495134
3   9   11   3   -0.0014291659
3   9   12   5   0.0022486252
3   9   12   6   -0.0037381238
3   9   13   5   -0.0037381238
3   9   13   6   -0.0022486252
3   9   14   4   -0.0062400330
3   10   8   3   0.0037611753
3   10   9   4   -0.0040495134
3   10   10   3   -0.3480957023
3   10   11   4   -0.0330112461
3   10   12   1   0.0177617828
3   10   12   2   0.0197997919
3   10   13   1   0.0197997919
3   10   13   2   -0.0177617828
3   10   14   3   -0.0030927358
3   11   8   4   -0.0031901985
3   11   9   3   -0.0014291659
3   11   10   4   -0.0330112461
3   11   11   3   -0.3599425482
3   11   12   5   -0.0059551001
3   11   12   6   0.0098997830
3   11   13   5   0.0098997830
3   11   13   6   0.0059551001
3   11   14   4   0.0949863880
3   12   8   1   0.0043671811
3   12   8   2   0.0048682769
3   12   9   5   0.0022486252
3   12   9   6   -0.0037381238
3   12   10   1   0.0177617828
3   12   10   2   0.0197997919
3   12   11   5   -0.0059551001
3   12   11   6   0.0098997830
3   12   12   3   -0.3354740050
3   12   14   1   -0.0044311053
3   12   14   2   -0.0049395359
3   13   8   1   0.0048682769
3   13   8   2   -0.0043671811
3   13   9   5   -0.0037381238
3   13   9   6   -0.0022486252
3   13   10   1   0.0197997919
3   13   10   2   -0.0177617828
3   13   11   5   0.0098997830
3   13   11   6   0.0059551001
3   13   13   3   -0.3354740050
3   13   14   1   -0.0049395359
3   13   14   2   0.0044311053
3   14   8   3   0.0007733857
3   14   9   4   -0.0062400330
3   14   10   3   -0.0030927358
3   14   11   4   0.0949863880
3   14   12   1   -0.0044311053
3   14   12   2   -0.0049395359
3   14   13   1   -0.0049395359
3   14   13   2   0.0044311053
3   14   14   3   -0.3632197779
4   8   8   4   -0.4781469322
4   8   9   3   0.0612657593
4   8   10   4   -0.0008763391
4   8   11   3   -0.0031901985
4   8   12   5   0.0014965440
4   8   12   6   -0.0024878609
4   8   13   5   -0.0024878609
4   8   13   6   -0.0014965440
4   8   14   4   -0.0066712634
4   9   8   3   0.0612657593
4   9   9   4   -0.4781062564
4   9   10   3   -0.0040495134
4   9   11   4   -0.0052469148
4   9   12   1   -0.0005540395
4   9   12   2   -0.0006176107
4   9   13   1   -0.0006176107
4   9   13   2   0.0005540395
4   9   14   3   -0.0062400330
4   10   8   4   -0.0008763391
4   10   9   3   -0.0040495134
4   10   10   4   -0.4602388224
4   10   11   3   -0.0330112461
4   10   12   5   0.0131135716
4   10   12   6   -0.0218000556
4   10   13   5   -0.0218000556
4   10   13   6   -0.0131135716
4   10   14   4   -0.0319703917
4   11   8   3   -0.0031901985
4   11   9   4   -0.0052469148
4   11   10   3   -0.0330112461
4   11   11   4   -0.3932435288
4   11   12   1   0.0026628410
4   11   12   2   0.0029683787
4   11   13   1   0.0029683787
4   11   13   2   -0.0026628410
4   11   14   3   0.0949863880
4   12   8   5   0.0014965440
4   12   8   6   -0.0024878609
4   12   9   1   -0.0005540395
4   12   9   2   -0.0006176107
4   12   10   5   0.0131135716
4   12   10   6   -0.0218000556
4   12   11   1   0.0026628410
4   12   11   2   0.0029683787
4   12   12   4   -0.4136296472
4   12   14   5   -0.0004094989
4   12   14   6   0.0006807526
4   13   8   5   -0.0024878609
4   13   8   6   -0.0014965440
4   13   9   1   -0.0006176107
4   13   9   2   0.0005540395
4   13   10   5   -0.0218000556
4   13   10   6   -0.0131135716
4   13   11   1   0.0029683787
4   13   11   2   -0.0026628410
4   13   13   4   -0.4136296472
4   13   14   5   0.0006807526
4   13   14   6   0.0004094989
4   14   8   4   -0.0066712634
4   14   9   3   -0.0062400330
4   14   10   4   -0.0319703917
4   14   11   3   0.0949863880
4   14   12   5   -0.0004094989
4   14   12   6   0.0006807526
4   14   13   5   0.0006807526
4   14   13   6   0.0004094989
4   14   14   4   -0.4063516028
5   8   8   5   -0.5801173177
5   8   9   1   0.0332401353
5   8   9   2   -0.1082021207
5   8   10   5   0.0020930378
5   8   11   1   0.0012526653
5   8   11   2   -0.0040776320
5   8   12   4   0.0014965440
5   8   13   4   -0.0024878609
5   8   14   5   -0.0088992391
5   9   8   1   0.0332401353
5   9   8   2   -0.1082021207
5   9   9   5   -0.5801292232
5   9   10   1   -0.0017173446
5   9   10   2   0.0055902397
5   9   11   5   -0.0087776774
5   9   12   3   0.0022486252
5   9   13   3   -0.0037381238
5   9   14   1   0.0003988026
5   9   14   2   -0.0012981683
5   10   8   5   0.0020930378
5   10   9   1   -0.0017173446
5   10   9   2   0.0055902397
5   10   10   5   -0.5195935220
5   10   11   1   -0.0035987041
5   10   11   2   0.0117143753
5   10   12   4   0.0131135716
5   10   13   4   -0.0218000556
5   10   14   5   -0.0416980615
5   11   8   1   0.0012526653
5   11   8   2   -0.0040776320
5   11   9   5   -0.0087776774
5   11   10   1   -0.0035987041
5   11   10   2   0.0117143753
5   11   11   5   -0.4161393109
5   11   12   3   -0.0059551001
5   11   13   3   0.0098997830
5   11   14   1   0.0028614541
5   11   14   2   -0.0093145049
5   12   8   4   0.0014965440
5   12   9   3   0.0022486252
5   12   10   4   0.0131135716
5   12   11   3   -0.0059551001
5   12   12   5   -0.4572626371
5   12   12   6   0.0141815394
5   12   13   5   0.0141815394
5   12   13   6   -0.0075223543
5   12   14   4   -0.0004094989
5   13   8   4   -0.0024878609
5   13   9   3   -0.0037381238
5   13   10   4   -0.0218000556
5   13   11   3   0.0098997830
5   13   12   5   0.0141815394
5   13   12   6   -0.0075223543
5   13   13   5   -0.4723073456
5   13   13   6   -0.0141815394
5   13   14   4   0.0006807526
5   14   8   5   -0.0088992391
5   14   9   1   0.0003988026
5   14   9   2   -0.0012981683
5   14   10   5   -0.0416980615
5   14   11   1   0.0028614541
5   14   11   2   -0.0093145049
5   14   12   4   -0.0004094989
5   14   13   4   0.0006807526
5   14   14   5   -0.4270333753
6   8   8   6   -0.5801173177
6   8   9   1   0.1082021207
6   8   9   2   0.0332401353
6   8   10   6   0.0020930378
6   8   11   1   0.0040776320
6   8   11   2   0.0012526653
6   8   12   4   -0.0024878609
6   8   13   4   -0.0014965440
6   8   14   6   -0.0088992391
6   9   8   1   0.1082021207
6   9   8   2   0.0332401353
6   9   9   6   -0.5801292232
6   9   10   1   -0.0055902397
6   9   10   2   -0.0017173446
6   9   11   6   -0.0087776774
6   9   12   3   -0.0037381238
6   9   13   3   -0.0022486252
6   9   14   1   0.0012981683
6   9   14   2   0.0003988026
6   10   8   6   0.0020930378
6   10   9   1   -0.0055902397
6   10   9   2   -0.0017173446
6   10   10   6   -0.5195935220
6   10   11   1   -0.0117143753
6   10   11   2   -0.0035987041
6   10   12   4   -0.0218000556
6   10   13   4   -0.0131135716
6   10   14   6   -0.0416980615
6   11   8   1   0.0040776320
6   11   8   2   0.0012526653
6   11   9   6   -0.0087776774
6   11   10   1   -0.0117143753
6   11   10   2   -0.0035987041
6   11   11   6   -0.4161393109
6   11   12   3   0.0098997830
6   11   13   3   0.0059551001
6   11   14   1   0.0093145049
6   11   14   2   0.0028614541
6   12   8   4   -0.0024878609
6   12   9   3   -0.0037381238
6   12   10   4   -0.0218000556
6   12   11   3   0.0098997830
6   12   12   5   0.0141815394
6   12   12   6   -0.4723073456
6   12   13   5   -0.0075223543
6   12   13   6   -0.0141815394
6   12   14   4   0.0006807526
6   13   8   4   -0.0014965440
6   13   9   3   -0.0022486252
6   13   10   4   -0.0131135716
6   13   11   3   0.0059551001
6   13   12   5   -0.0075223543
6   13   12   6   -0.0141815394
6   13   13   5   -0.0141815394
6   13   13   6   -0.4572626371
6   13   14   4   0.0004094989
6   14   8   6   -0.0088992391
6   14   9   1   0.0012981683
6   14   9   2   0.0003988026
6   14   10   6   -0.0416980615
6   14   11   1   0.0093145049
6   14   11   2   0.0028614541
6   14   12   4   0.0006807526
6   14   13   4   0.0004094989
6   14   14   6   -0.4270333753

End AIJB Block
Begin IJKA Block
1   8   1   10   0.0111653141
1   8   2   9   0.1055019648
1   8   3   10   -0.0092592937
1   8   4   9   0.0154188444
1   8   5   11   0.0075413856
1   8   5   12   -0.0125368306
1   8   6   11   -0.0125368306
1   8   6   12   -0.0075413856
1   8   7   10   -0.0096382038
1   9   1   9   0.1075067851
1   9   2   10   0.0244435275
1   9   3   9   -0.0176935914
1   9   4   10   -0.0023571455
1   9   5   7   0.0080670169
1   9   5   8   0.0089926365
1   9   6   7   0.0089926365
1   9   6   8   -0.0080670169
1   9   7   9   0.0061863243
1   10   1   10   -0.1093422121
1   10   2   9   -0.0963786032
1   10   3   10   -0.0033955079
1   10   4   9   -0.0039919240
1   10   5   11   0.0056027237
1   10   5   12   -0.0093139911
1   10   6   11   -0.0093139911
1   10   6   12   -0.0056027237
1   10   7   10   -0.0111086679
1   11   1   9   0.1478830497
1   11   2   10   -0.0268408333
1   11   3   9   -0.0048533344
1   11   4   10   -0.0005417516
1   11   5   7   -0.0092770259
1   11   5   8   -0.0103414834
1   11   6   7   -0.0103414834
1   11   6   8   0.0092770259
1   11   7   9   0.0008438968
1   12   1   11   0.1237198546
1   12   1   12   -0.2056723975
1   12   2   7   0.1446783004
1   12   2   8   0.1612788688
1   12   3   11   -0.0009922689
1   12   3   12   0.0016495519
1   12   4   7   0.0005534744
1   12   4   8   0.0006169808
1   12   5   10   0.0024025382
1   12   7   11   0.0042118895
1   12   7   12   -0.0070018624
1   13   1   11   -0.2056723975
1   13   1   12   -0.1237198546
1   13   2   7   0.1612788688
1   13   2   8   -0.1446783004
1   13   3   11   0.0016495519
1   13   3   12   0.0009922689
1   13   4   7   0.0006169808
1   13   4   8   -0.0005534744
1   13   6   10   0.0024025382
1   13   7   11   -0.0070018624
1   13   7   12   -0.0042118895
1   14   1   10   -0.1577351455
1   14   2   9   0.0385259829
1   14   3   10   -0.0003302123
1   14   4   9   -0.0002007114
1   14   5   11   0.0006478775
1   14   5   12   -0.0010770343
1   14   6   11   -0.0010770343
1   14   6   12   -0.0006478775
1   14   7   10   -0.0075880679
2   8   1   9   0.1055019648
2   8   2   10   0.0112512975
2   8   3   9   -0.0178105220
2   8   4   10   -0.0029034347
2   8   5   7   0.0076324125
2   8   5   8   0.0085081650
2   8   6   7   0.0085081650
2   8   6   8   -0.0076324125
2   8   7   9   0.0060118728
2   9   1   10   0.0244435275
2   9   2   9   0.1076932682
2   9   3   10   -0.0085152074
2   9   4   9   0.0155373001
2   9   5   11   0.0070906360
2   9   5   12   -0.0117875026
2   9   6   11   -0.0117875026
2   9   6   12   -0.0070906360
2   9   7   10   -0.0085288047
2   10   1   9   -0.0963786032
2   10   2   10   -0.1092526282
2   10   3   9   0.0052389376
2   10   4   10   -0.0076047675
2   10   5   7   0.0062807024
2   10   5   8   0.0070013580
2   10   6   7   0.0070013580
2   10   6   8   -0.0062807024
2   10   7   9   -0.0013716703
2   11   1   10   -0.0268408333
2   11   2   9   0.1479363566
2   11   3   10   0.0023119040
2   11   4   9   0.0034615360
2   11   5   11   -0.0026877260
2   11   5   12   0.0044680868
2   11   6   11   0.0044680868
2   11   6   12   0.0026877260
2   11   7   10   0.0008565827
2   12   1   7   0.1446783004
2   12   1   8   0.1612788688
2   12   2   11   0.1237247931
2   12   2   12   -0.2056806073
2   12   3   7   -0.0066423427
2   12   3   8   -0.0074044934
2   12   4   11   0.0041423109
2   12   4   12   -0.0068861947
2   12   5   9   -0.0061054035
2   12   7   7   -0.0033769226
2   12   7   8   -0.0037643949
2   13   1   7   0.1612788688
2   13   1   8   -0.1446783004
2   13   2   11   -0.2056806073
2   13   2   12   -0.1237247931
2   13   3   7   -0.0074044934
2   13   3   8   0.0066423427
2   13   4   11   -0.0068861947
2   13   4   12   -0.0041423109
2   13   6   9   -0.0061054035
2   13   7   7   -0.0037643949
2   13   7   8   0.0033769226
2   14   1   9   0.0385259829
2   14   2   10   -0.1576960869
2   14   3   9   -0.0042622879
2   14   4   10   -0.0063314710
2   14   5   7   -0.0043075373
2   14   5   8   -0.0048017895
2   14   6   7   -0.0048017895
2   14   6   8   0.0043075373
2   14   7   9   -0.0030051000
3   8   1   10   -0.0092592937
3   8   2   9   -0.0178105220
3   8   3   10   -0.0195186714
3   8   4   9   -0.0026732683
3   8   5   11   0.0097550064
3   8   5   12   -0.0162167629
3   8   6   11   -0.0162167629
3   8   6   12   -0.0097550064
3   8   7   10   -0.0106518931
3   9   1   9   -0.0176935914
3   9   2   10   -0.0085152074
3   9   3   9   0.0082653568
3   9   4   10   -0.0031013240
3   9   5   7   0.0107225350
3   9   5   8   0.0119528520
3   9   6   7   0.0119528520
3   9   6   8   -0.0107225350
3   9   7   9   0.0016409215
3   10   1   10   -0.0033955079
3   10   2   9   0.0052389376
3   10   3   10   -0.0943140725
3   10   4   9   0.0219022187
3   10   5   11   0.0234222694
3   10   5   12   -0.0389372773
3   10   6   11   -0.0389372773
3   10   6   12   -0.0234222694
3   10   7   10   -0.0404199082
3   11   1   9   -0.0048533344
3   11   2   10   0.0023119040
3   11   3   9   0.1012076641
3   11   4   10   0.0002488639
3   11   5   7   -0.0415695406
3   11   5   8   -0.0463392814
3   11   6   7   -0.0463392814
3   11   6   8   0.0415695406
3   11   7   9   0.0131874102
3   12   1   11   -0.0009922689
3   12   1   12   0.0016495519
3   12   2   7   -0.0066423427
3   12   2   8   -0.0074044934
3   12   3   11   0.0903549893
3   12   3   12   -0.1502065075
3   12   4   7   -0.0441201247
3   12   4   8   -0.0491825228
3   12   5   10   0.0240884251
3   12   7   11   0.0210995560
3   12   7   12   -0.0350759891
3   13   1   11   0.0016495519
3   13   1   12   0.0009922689
3   13   2   7   -0.0074044934
3   13   2   8   0.0066423427
3   13   3   11   -0.1502065075
3   13   3   12   -0.0903549893
3   13   4   7   -0.0491825228
3   13   4   8   0.0441201247
3   13   6   10   0.0240884251
3   13   7   11   -0.0350759891
3   13   7   12   -0.0210995560
3   14   1   10   -0.0003302123
3   14   2   9   -0.0042622879
3   14   3   10   -0.1311221866
3   14   4   9   -0.0043861859
3   14   5   11   0.0113676003
3   14   5   12   -0.0188975457
3   14   6   11   -0.0188975457
3   14   6   12   -0.0113676003
3   14   7   10   -0.0365618449
4   8   1   9   0.0154188444
4   8   2   10   -0.0029034347
4   8   3   9   -0.0026732683
4   8   4   10   0.0061741608
4   8   5   7   -0.0065037982
4   8   5   8   -0.0072500521
4   8   6   7   -0.0072500521
4   8   6   8   0.0065037982
4   8   7   9   0.0011978542
4   9   1   10   -0.0023571455
4   9   2   9   0.0155373001
4   9   3   10   -0.0031013240
4   9   4   9   0.0034036001
4   9   5   11   -0.0052734299
4   9   5   12   0.0087665716
4   9   6   11   0.0087665716
4   9   6   12   0.0052734299
4   9   7   10   0.0118425207
4   10   1   9   -0.0039919240
4   10   2   10   -0.0076047675
4   10   3   9   0.0219022187
4   10   4   10   -0.0232326797
4   10   5   7   -0.0195324016
4   10   5   8   -0.0217735736
4   10   6   7   -0.0217735736
4   10   6   8   0.0195324016
4   10   7   9   -0.0324866619
4   11   1   10   -0.0005417516
4   11   2   9   0.0034615360
4   11   3   10   0.0002488639
4   11   4   9   0.0646060824
4   11   5   11   0.0029938814
4   11   5   12   -0.0049770408
4   11   6   11   -0.0049770408
4   11   6   12   -0.0029938814
4   11   7   10   0.0119465295
4   12   1   7   0.0005534744
4   12   1   8   0.0006169808
4   12   2   11   0.0041423109
4   12   2   12   -0.0068861947
4   12   3   7   -0.0441201247
4   12   3   8   -0.0491825228
4   12   4   11   0.0451062590
4   12   4   12   -0.0749848313
4   12   5   9   0.0173700225
4   12   7   7   0.0863193966
4   12   7   8   0.0962237916
4   13   1   7   0.0006169808
4   13   1   8   -0.0005534744
4   13   2   11   -0.0068861947
4   13   2   12   -0.0041423109
4   13   3   7   -0.0491825228
4   13   3   8   0.0441201247
4   13   4   11   -0.0749848313
4   13   4   12   -0.0451062590
4   13   6   9   0.0173700225
4   13   7   7   0.0962237916
4   13   7   8   -0.0863193966
4   14   1   9   -0.0002007114
4   14   2   10   -0.0063314710
4   14   3   9   -0.0043861859
4   14   4   10   -0.0449489689
4   14   5   7   0.0228960443
4   14   5   8   0.0255231650
4   14   6   7   0.0255231650
4   14   6   8   -0.0228960443
4   14   7   9   0.0020226180
5   8   1   11   0.0075413856
5   8   1   12   -0.0125368306
5   8   2   7   0.0076324125
5   8   2   8   0.0085081650
5   8   3   11   0.0097550064
5   8   3   12   -0.0162167629
5   8   4   7   -0.0065037982
5   8   4   8   -0.0072500521
5   8   5   10   -0.0056913169
5   8   7   11   -0.0020981616
5   8   7   12   0.0034879925
5   9   1   7   0.0080670169
5   9   1   8   0.0089926365
5   9   2   11   0.0070906360
5   9   2   12   -0.0117875026
5   9   3   7   0.0107225350
5   9   3   8   0.0119528520
5   9   4   11   -0.0052734299
5   9   4   12   0.0087665716
5   9   5   9   0.0030786992
5   9   7   7   -0.0030246198
5   9   7   8   -0.0033716685
5   10   1   11   0.0056027237
5   10   1   12   -0.0093139911
5   10   2   7   0.0062807024
5   10   2   8   0.0070013580
5   10   3   11   0.0234222694
5   10   3   12   -0.0389372773
5   10   4   7   -0.0195324016
5   10   4   8   -0.0217735736
5   10   5   10   -0.0358930312
5   10   7   11   0.0021767446
5   10   7   12   -0.0036186292
5   11   1   7   -0.0092770259
5   11   1   8   -0.0103414834
5   11   2   11   -0.0026877260
5   11   2   12   0.0044680868
5   11   3   7   -0.0415695406
5   11   3   8   -0.0463392814
5   11   4   11   0.0029938814
5   11   4   12   -0.0049770408
5   11   5   9   0.0845640940
5   11   7   7   0.0235112260
5   11   7   8   0.0262089334
5   12   1   10   0.0024025382
5   12   2   9   -0.0061054035
5   12   3   10   0.0240884251
5   12   4   9   0.0173700225
5   12   5   11   0.0634260128
5   12   5   12   -0.1054396658
5   12   6   11   -0.0040481931
5   12   6   12   -0.0024351438
5   12   7   10   -0.0119351691
5   13   5   11   -0.0973432796
5   13   5   12   -0.0585557253
5   13   6   11   0.0024351438
5   13   6   12   -0.0040481931
5   14   1   11   0.0006478775
5   14   1   12   -0.0010770343
5   14   2   7   -0.0043075373
5   14   2   8   -0.0048017895
5   14   3   11   0.0113676003
5   14   3   12   -0.0188975457
5   14   4   7   0.0228960443
5   14   4   8   0.0255231650
5   14   5   10   -0.0848183762
5   14   7   11   -0.0004090869
5   14   7   12   0.0006800678
6   8   1   11   -0.0125368306
6   8   1   12   -0.0075413856
6   8   2   7   0.0085081650
6   8   2   8   -0.0076324125
6   8   3   11   -0.0162167629
6   8   3   12   -0.0097550064
6   8   4   7   -0.0072500521
6   8   4   8   0.0065037982
6   8   6   10   -0.0056913169
6   8   7   11   0.0034879925
6   8   7   12   0.0020981616
6   9   1   7   0.0089926365
6   9   1   8   -0.0080670169
6   9   2   11   -0.0117875026
6   9   2   12   -0.0070906360
6   9   3   7   0.0119528520
6   9   3   8   -0.0107225350
6   9   4   11   0.0087665716
6   9   4   12   0.0052734299
6   9   6   9   0.0030786992
6   9   7   7   -0.0033716685
6   9   7   8   0.0030246198
6   10   1   11   -0.0093139911
6   10   1   12   -0.0056027237
6   10   2   7   0.0070013580
6   10   2   8   -0.0062807024
6   10   3   11   -0.0389372773
6   10   3   12   -0.0234222694
6   10   4   7   -0.0217735736
6   10   4   8   0.0195324016
6   10   6   10   -0.0358930312
6   10   7   11   -0.0036186292
6   10   7   12   -0.0021767446
6   11   1   7   -0.0103414834
6   11   1   8   0.0092770259
6   11   2   11   0.0044680868
6   11   2   12   0.0026877260
6   11   3   7   -0.0463392814
6   11   3   8   0.0415695406
6   11   4   11   -0.0049770408
6   11   4   12   -0.0029938814
6   11   6   9   0.0845640940
6   11   7   7   0.0262089334
6   11   7   8   -0.0235112260
6   12   5   11   -0.0040481931
6   12   5   12   -0.0024351438
6   12   6   11   0.0585557253
6   12   6   12   -0.0973432796
6   13   1   10   0.0024025382
6   13   2   9   -0.0061054035
6   13   3   10   0.0240884251
6   13   4   9   0.0173700225
6   13   5   11   0.0024351438
6   13   5   12   -0.0040481931
6   13   6   11   -0.1054396658
6   13   6   12   -0.0634260128
6   13   7   10   -0.0119351691
6   14   1   11   -0.0010770343
6   14   1   12   -0.0006478775
6   14   2   7   -0.0048017895
6   14   2   8   0.0043075373
6   14   3   11   -0.0188975457
6   14   3   12   -0.0113676003
6   14   4   7   0.0255231650
6   14   4   8   -0.0228960443
6   14   6   10   -0.0848183762
6   14   7   11   0.0006800678
6   14   7   12   0.0004090869
7   8   1   10   -0.0096382038
7   8   2   9   0.0060118728
7   8   3   10   -0.0106518931
7   8   4   9   0.0011978542
7   8   5   11   -0.0020981616
7   8   5   12   0.0034879925
7   8   6   11   0.0034879925
7   8   6   12   0.0020981616
7   8   7   10   0.0018431271
7   9   1   9   0.0061863243
7   9   2   10   -0.0085288047
7   9   3   9   0.0016409215
7   9   4   10   0.0118425207
7   9   5   7   -0.0030246198
7   9   5   8   -0.0033716685
7   9   6   7   -0.0033716685
7   9   6   8   0.0030246198
7   9   7   9   0.0031626693
7   10   1   10   -0.0111086679
7   10   2   9   -0.0013716703
7   10   3   10   -0.0404199082
7   10   4   9   -0.0324866619
7   10   5   11   0.0021767446
7   10   5   12   -0.0036186292
7   10   6   11   -0.0036186292
7   10   6   12   -0.0021767446
7   10   7   10   -0.0439508053
7   11   1   9   0.0008438968
7   11   2   10   0.0008565827
7   11   3   9   0.0131874102
7   11   4   10   0.0119465295
7   11   5   7   0.0235112260
7   11   5   8   0.0262089334
7   11   6   7   0.0262089334
7   11   6   8   -0.0235112260
7   11   7   9   0.0655072004
7   12   1   11   0.0042118895
7   12   1   12   -0.0070018624
7   12   2   7   -0.0033769226
7   12   2   8   -0.0037643949
7   12   3   11   0.0210995560
7   12   3   12   -0.0350759891
7   12   4   7   0.0863193966
7   12   4   8   0.0962237916
7   12   5   10   -0.0119351691
7   12   7   11   0.0519436918
7   12   7   12   -0.0863514079
7   13   1   11   -0.0070018624
7   13   1   12   -0.0042118895
7   13   2   7   -0.0037643949
7   13   2   8   0.0033769226
7   13   3   11   -0.0350759891
7   13   3   12   -0.0210995560
7   13   4   7   0.0962237916
7   13   4   8   -0.0863193966
7   13   6   10   -0.0119351691
7   13   7   11   -0.0863514079
7   13   7   12   -0.0519436918
7   14   1   10   -0.0075880679
7   14   2   9   -0.0030051000
7   14   3   10   -0.0365618449
7   14   4   9   0.0020226180
7   14   5   11   -0.0004090869
7   14   5   12   0.0006800678
7   14   6   11   0.0006800678
7   14   6   12   0.0004090869
7   14   7   10   -0.0579178586

End IJKA Block
Begin IABC Block
1   7   1   10   0.0008847782
1   7   3   11   -0.0006517373
1   7   3   12   -0.0021215123
1   7   4   7   0.0000257951
1   7   5   9   0.0018806451
1   7   6   9   0.0061218099
1   8   2   10   0.0008847782
1   8   3   11   0.0021215123
1   8   3   12   -0.0006517373
1   8   4   8   0.0000257951
1   8   5   9   -0.0061218099
1   8   6   9   0.0018806451
1   9   1   11   0.0011651766
1   9   1   12   0.0037928418
1   9   2   11   -0.0037928418
1   9   2   12   0.0011651766
1   9   3   10   0.0004312541
1   9   4   9   0.0010416679
1   9   5   7   0.0018806451
1   9   5   8   -0.0061218099
1   9   6   7   0.0061218099
1   9   6   8   0.0018806451
1   10   1   7   0.0008847782
1   10   2   8   0.0008847782
1   10   3   9   0.0004312541
1   10   4   10   -0.0034934324
1   10   5   11   -0.0028089133
1   10   6   12   -0.0028089133
1   11   1   9   0.0011651766
1   11   2   9   -0.0037928418
1   11   3   7   -0.0006517373
1   11   3   8   0.0021215123
1   11   4   11   -0.0035381692
1   11   5   10   -0.0028089133
1   12   1   9   0.0037928418
1   12   2   9   0.0011651766
1   12   3   7   -0.0021215123
1   12   3   8   -0.0006517373
1   12   4   12   -0.0035381692
1   12   6   10   -0.0028089133
2   7   1   9   -0.0057287962
2   7   3   7   0.0019809809
2   7   4   11   -0.0002272667
2   7   4   12   -0.0007397906
2   7   5   10   -0.0002239366
2   7   6   10   -0.0007289505
2   8   2   9   -0.0057287962
2   8   3   8   0.0019809809
2   8   4   11   0.0007397906
2   8   4   12   -0.0002272667
2   8   5   10   0.0007289505
2   8   6   10   -0.0002239366
2   9   1   7   -0.0057287962
2   9   2   8   -0.0057287962
2   9   3   9   0.0012608690
2   9   4   10   -0.0036462199
2   9   5   11   -0.0043734978
2   9   6   12   -0.0043734978
2   10   1   11   0.0006251846
2   10   1   12   0.0020350788
2   10   2   11   -0.0020350788
2   10   2   12   0.0006251846
2   10   3   10   0.0018663687
2   10   4   9   -0.0036462199
2   10   5   7   -0.0002239366
2   10   5   8   0.0007289505
2   10   6   7   -0.0007289505
2   10   6   8   -0.0002239366
2   11   1   10   0.0006251846
2   11   2   10   -0.0020350788
2   11   3   11   0.0033591355
2   11   4   7   -0.0002272667
2   11   4   8   0.0007397906
2   11   5   9   -0.0043734978
2   12   1   10   0.0020350788
2   12   2   10   0.0006251846
2   12   3   12   0.0033591355
2   12   4   7   -0.0007397906
2   12   4   8   -0.0002272667
2   12   6   9   -0.0043734978
3   7   1   10   0.0029421142
3   7   3   11   0.0038862020
3   7   3   12   0.0126502283
3   7   4   7   -0.0206795108
3   7   5   9   0.0034038294
3   7   6   9   0.0110800259
3   8   2   10   0.0029421142
3   8   3   11   -0.0126502283
3   8   3   12   0.0038862020
3   8   4   8   -0.0206795108
3   8   5   9   -0.0110800259
3   8   6   9   0.0034038294
3   9   1   11   0.0027281918
3   9   1   12   0.0088807142
3   9   2   11   -0.0088807142
3   9   2   12   0.0027281918
3   9   3   10   0.0067540288
3   9   4   9   -0.0134458326
3   9   5   7   0.0034038294
3   9   5   8   -0.0110800259
3   9   6   7   0.0110800259
3   9   6   8   0.0034038294
3   10   1   7   0.0029421142
3   10   2   8   0.0029421142
3   10   3   9   0.0067540288
3   10   4   10   -0.0210225281
3   10   5   11   -0.0053331537
3   10   6   12   -0.0053331537
3   11   1   9   0.0027281918
3   11   2   9   -0.0088807142
3   11   3   7   0.0038862020
3   11   3   8   -0.0126502283
3   11   4   11   -0.0233985067
3   11   5   10   -0.0053331537
3   12   1   9   0.0088807142
3   12   2   9   0.0027281918
3   12   3   7   0.0126502283
3   12   3   8   0.0038862020
3   12   4   12   -0.0233985067
3   12   6   10   -0.0053331537
4   7   1   9   0.0167318543
4   7   3   7   0.0603693081
4   7   4   11   0.0034372262
4   7   4   12   0.0111887379
4   7   5   10   0.0009959399
4   7   6   10   0.0032419485
4   8   2   9   0.0167318543
4   8   3   8   0.0603693081
4   8   4   11   -0.0111887379
4   8   4   12   0.0034372262
4   8   5   10   -0.0032419485
4   8   6   10   0.0009959399
4   9   1   7   0.0167318543
4   9   2   8   0.0167318543
4   9   3   9   -0.0018551424
4   9   4   10   -0.0285955040
4   9   5   11   0.0016361842
4   9   6   12   0.0016361842
4   10   1   11   -0.0026747533
4   10   1   12   -0.0087067630
4   10   2   11   0.0087067630
4   10   2   12   -0.0026747533
4   10   3   10   0.0245943453
4   10   4   9   -0.0285955040
4   10   5   7   0.0009959399
4   10   5   8   -0.0032419485
4   10   6   7   0.0032419485
4   10   6   8   0.0009959399
4   11   1   10   -0.0026747533
4   11   2   10   0.0087067630
4   11   3   11   0.0539228160
4   11   4   7   0.0034372262
4   11   4   8   -0.0111887379
4   11   5   9   0.0016361842
4   12   1   10   -0.0087067630
4   12   2   10   -0.0026747533
4   12   3   12   0.0539228160
4   12   4   7   0.0111887379
4   12   4   8   0.0034372262
4   12   6   9   0.0016361842
5   7   1   11   -0.0029247442
5   7   1   12   -0.0123772955
5   7   2   11   -0.0029421783
5   7   2   12   -0.0121399967
5   7   3   10   -0.0033323433
5   7   4   9   -0.0061771700
5   7   5   7   0.0395510599
5   7   5   8   0.0004397488
5   7   6   7   -0.0677704690
5   7   6   8   -0.0009509569
5   8   1   11   0.0104458095
5   8   1   12   -0.0040866073
5   8   2   11   0.0133018598
5   8   2   12   -0.0048736643
5   8   3   10   -0.0037147005
5   8   4   9   -0.0068859462
5   8   5   7   0.0004397488
5   8   5   8   0.0414529738
5   8   6   7   -0.0009509569
5   8   6   8   -0.0668909713
5   9   1   10   -0.0368226635
5   9   2   10   -0.0410477418
5   9   3   11   0.0018534139
5   9   3   12   -0.0030811229
5   9   4   7   -0.0061771700
5   9   4   8   -0.0068859462
5   9   5   9   0.0159675475
5   9   6   9   -0.0265445169
5   10   1   9   -0.0368226635
5   10   2   9   -0.0410477418
5   10   3   7   -0.0033323433
5   10   3   8   -0.0037147005
5   10   4   11   -0.0065029517
5   10   4   12   0.0108105338
5   10   5   10   0.0242032212
5   10   6   10   -0.0402355349
5   11   1   7   -0.0029247442
5   11   1   8   0.0104458095
5   11   2   7   -0.0029421783
5   11   2   8   0.0133018598
5   11   3   9   0.0018534139
5   11   4   10   -0.0065029517
5   11   5   11   0.0349171574
5   11   5   12   0.0010046442
5   11   6   11   -0.0600557152
5   11   6   12   -0.0006043321
5   12   1   7   -0.0123772955
5   12   1   8   -0.0040866073
5   12   2   7   -0.0121399967
5   12   2   8   -0.0048736643
5   12   3   9   -0.0030811229
5   12   4   10   0.0108105338
5   12   5   11   0.0010046442
5   12   5   12   0.0361258217
5   12   6   11   -0.0006043321
5   12   6   12   -0.0580464267
6   7   1   11   -0.0048736643
6   7   1   12   -0.0133018598
6   7   2   11   0.0040866073
6   7   2   12   0.0104458095
6   7   3   10   -0.0037147005
6   7   4   9   -0.0068859462
6   7   5   7   -0.0668909713
6   7   5   8   0.0009509569
6   7   6   7   -0.0414529738
6   7   6   8   0.0004397488
6   8   1   11   0.0121399967
6   8   1   12   -0.0029421783
6   8   2   11   -0.0123772955
6   8   2   12   0.0029247442
6   8   3   10   0.0033323433
6   8   4   9   0.0061771700
6   8   5   7   0.0009509569
6   8   5   8   -0.0677704690
6   8   6   7   0.0004397488
6   8   6   8   -0.0395510599
6   9   1   10   -0.0410477418
6   9   2   10   0.0368226635
6   9   3   11   -0.0030811229
6   9   3   12   -0.0018534139
6   9   4   7   -0.0068859462
6   9   4   8   0.0061771700
6   9   5   9   -0.0265445169
6   9   6   9   -0.0159675475
6   10   1   9   -0.0410477418
6   10   2   9   0.0368226635
6   10   3   7   -0.0037147005
6   10   3   8   0.0033323433
6   10   4   11   0.0108105338
6   10   4   12   0.0065029517
6   10   5   10   -0.0402355349
6   10   6   10   -0.0242032212
6   11   1   7   -0.0048736643
6   11   1   8   0.0121399967
6   11   2   7   0.0040866073
6   11   2   8   -0.0123772955
6   11   3   9   -0.0030811229
6   11   4   10   0.0108105338
6   11   5   11   -0.0580464267
6   11   5   12   0.0006043321
6   11   6   11   -0.0361258217
6   11   6   12   0.0010046442
6   12   1   7   -0.0133018598
6   12   1   8   -0.0029421783
6   12   2   7   0.0104458095
6   12   2   8   0.0029247442
6   12   3   9   -0.0018534139
6   12   4   10   0.0065029517
6   12   5   11   0.0006043321
6   12   5   12   -0.0600557152
6   12   6   11   0.0010046442
6   12   6   12   -0.0349171574
7   7   1   10   -0.0008540532
7   7   3   11   -0.0041595533
7   7   3   12   -0.0135400318
7   7   4   7   -0.0504274117
7   7   5   9   -0.0002249510
7   7   6   9   -0.0007322525
7   8   2   10   -0.0008540532
7   8   3   11   0.0135400318
7   8   3   12   -0.0041595533
7   8   4   8   -0.0504274117
7   8   5   9   0.0007322525
7   8   6   9   -0.0002249510
7   9   1   11   -0.0030661168
7   9   1   12   -0.0099807156
7   9   2   11   0.0099807156
7   9   2   12   -0.0030661168
7   9   3   10   0.0300207525
7   9   4   9   0.0067792702
7   9   5   7   -0.0002249510
7   9   5   8   0.0007322525
7   9   6   7   -0.0007322525
7   9   6   8   -0.0002249510
7   10   1   7   -0.0008540532
7   10   2   8   -0.0008540532
7   10   3   9   0.0300207525
7   10   4   10   -0.0287601102
7   10   5   11   -0.0083805381
7   10   6   12   -0.0083805381
7   11   1   9   -0.0030661168
7   11   2   9   0.0099807156
7   11   3   7   -0.0041595533
7   11   3   8   0.0135400318
7   11   4   11   -0.0563714416
7   11   5   10   -0.0083805381
7   12   1   9   -0.0099807156
7   12   2   9   -0.0030661168
7   12   3   7   -0.0135400318
7   12   3   8   -0.0041595533
7   12   4   12   -0.0563714416
7   12   6   10   -0.0083805381

End IABC Block
