Begin IJ Block
1   1   -2.2702626031
2   2   -2.2515466811
2   3   -0.0000000000
3   3   -2.2515466811

End IJ Block
Begin IA Block
1   1   -0.0000000000
1   2   -0.0000000000
1   3   0.0000000002
2   1   -0.0000000004
2   2   -0.0000000007
3   1   0.0000000008
3   2   -0.0000000004
3   3   0.0000000000

End IA Block
Begin AB Block
1   1   -2.1880514545
1   2   0.0000000000
2   2   -2.1880514545
3   3   -2.2064601205

End AB Block
Begin IJKL Block
1   4   1   4   0.4094638783
1   4   2   5   0.0139687122
1   4   3   6   0.0139687122
1   5   1   5   0.3869023031
1   5   1   6   0.0000000000
1   5   2   4   0.0055959868
1   6   1   5   0.0000000000
1   6   1   6   0.3869023031
1   6   3   4   0.0055959868
2   4   1   5   0.0055959868
2   4   2   4   0.3869023031
2   5   1   4   0.0139687122
2   5   2   5   0.4037432153
2   5   3   6   0.0137983744
2   6   2   6   0.3860246353
2   6   3   5   0.0039202056
2   6   3   6   0.0000000000
3   4   1   6   0.0055959868
3   4   3   4   0.3869023031
3   5   2   6   0.0039202056
3   5   3   5   0.3860246353
3   6   1   4   0.0139687122
3   6   2   5   0.0137983744
3   6   2   6   0.0000000000
3   6   3   6   0.4037432153

End IJKL Block
Begin IJAB Block
1   4   1   4   0.0228145361
1   4   2   5   0.0228145361
1   4   3   6   0.2536008662
1   5   1   6   0.0129579275
1   5   2   6   -0.0213687426
1   5   3   4   0.1080600626
1   5   3   5   -0.1782003842
1   6   1   6   -0.0213687426
1   6   2   6   -0.0129579275
1   6   3   4   -0.1782003842
1   6   3   5   -0.1080600626
2   4   1   6   0.1080600626
2   4   2   6   -0.1782003842
2   4   3   4   0.0129579275
2   4   3   5   -0.0213687426
2   5   1   4   0.0868728203
2   5   1   5   -0.1045737211
2   5   2   4   -0.1045737211
2   5   2   5   0.1959108033
2   5   3   6   0.0233122296
2   6   1   4   -0.1045737211
2   6   1   5   -0.0377482574
2   6   2   4   0.1467862404
2   6   2   5   0.1045737211
3   4   1   6   -0.1782003842
3   4   2   6   -0.1080600626
3   4   3   4   -0.0213687426
3   4   3   5   -0.0129579275
3   5   1   4   -0.1045737211
3   5   1   5   0.1467862404
3   5   2   4   -0.0377482574
3   5   2   5   0.1045737211
3   6   1   4   0.1959108033
3   6   1   5   0.1045737211
3   6   2   4   0.1045737211
3   6   2   5   0.0868728203
3   6   3   6   0.0233122296

End IJAB Block
Begin ABCD Block
1   4   1   4   0.3982162807
1   4   2   5   0.0144491825
1   4   3   6   0.0144375226
1   5   1   5   0.3699524083
1   5   2   4   0.0138146899
1   6   1   6   0.3765200023
1   6   3   4   0.0144934371
2   4   1   5   0.0138146899
2   4   2   4   0.3699524083
2   5   1   4   0.0144491825
2   5   2   5   0.3982162807
2   5   3   6   0.0144375226
2   6   2   6   0.3765200023
2   6   3   5   0.0144934371
3   4   1   6   0.0144934371
3   4   3   4   0.3765200023
3   5   2   6   0.0144934371
3   5   3   5   0.3765200023
3   6   1   4   0.0144375226
3   6   2   5   0.0144375226
3   6   3   6   0.4121941845

End ABCD Block
Begin AIJB Block
1   4   1   4   0.0276217556
1   4   2   6   0.1069945556
1   4   3   6   -0.1764432711
1   5   1   6   0.0098157416
1   5   2   4   0.0905736280
1   5   2   5   -0.1006848343
1   5   3   4   -0.1006848343
1   5   3   5   0.1468589533
1   6   1   6   -0.0161870064
1   6   2   4   -0.1006848343
1   6   2   5   -0.0418758740
1   6   3   4   0.1955567073
1   6   3   5   0.1006848343
2   4   1   5   0.0276217556
2   4   2   6   -0.1764432711
2   4   3   6   -0.1069945556
2   5   1   6   -0.0161870064
2   5   2   4   -0.1006848343
2   5   2   5   0.1955567073
2   5   3   4   -0.0418758740
2   5   3   5   0.1006848343
2   6   1   6   -0.0098157416
2   6   2   4   0.1468589533
2   6   2   5   0.1006848343
2   6   3   4   0.1006848343
2   6   3   5   0.0905736280
3   4   1   6   0.2505414802
3   4   2   4   0.0098157416
3   4   2   5   -0.0161870064
3   4   3   4   -0.0161870064
3   4   3   5   -0.0098157416
3   5   1   4   0.1069945556
3   5   1   5   -0.1764432711
3   5   2   6   0.0289178737
3   6   1   4   -0.1764432711
3   6   1   5   -0.1069945556
3   6   3   6   0.0289178737

1   4   4   1   -0.3912360217
1   4   5   3   -0.0098796593
1   4   6   3   0.0162924122
1   5   4   3   -0.0106692257
1   5   5   1   -0.4030206076
1   5   5   2   0.0178182842
1   5   6   1   0.0178182842
1   5   6   2   -0.0087419989
1   6   4   3   0.0175944755
1   6   5   1   0.0178182842
1   6   5   2   -0.0098369495
1   6   6   1   -0.4215995560
1   6   6   2   -0.0178182842
2   4   4   2   -0.3912360217
2   4   5   3   0.0162924122
2   4   6   3   0.0098796593
2   5   4   3   0.0175944755
2   5   5   1   0.0178182842
2   5   5   2   -0.4215995560
2   5   6   1   -0.0098369495
2   5   6   2   -0.0178182842
2   6   4   3   0.0106692257
2   6   5   1   -0.0087419989
2   6   5   2   -0.0178182842
2   6   6   1   -0.0178182842
2   6   6   2   -0.4030206076
3   4   4   3   -0.4369733432
3   4   5   1   -0.0106692257
3   4   5   2   0.0175944755
3   4   6   1   0.0175944755
3   4   6   2   0.0106692257
3   5   4   1   -0.0098796593
3   5   4   2   0.0162924122
3   5   5   3   -0.3988656932
3   6   4   1   0.0162924122
3   6   4   2   0.0098796593
3   6   6   3   -0.3988656932

End AIJB Block
Begin IJKA Block
1   4   1   4   -0.0000000000
1   4   1   5   -0.0000000000
1   4   1   6   0.0000000002
1   4   2   5   -0.0000000000
1   4   3   4   0.0000000000
1   4   3   5   -0.0000000000
1   4   3   6   0.0000000000
1   5   1   4   0.0000000001
1   5   1   5   -0.0000000002
1   5   2   4   -0.0000000000
1   5   2   5   -0.0000000000
1   5   2   6   0.0000000001
1   5   3   4   0.0000000000
1   5   3   5   -0.0000000000
1   5   3   6   0.0000000001
1   6   1   4   -0.0000000001
1   6   1   5   -0.0000000001
1   6   1   6   0.0000000000
1   6   2   4   0.0000000000
1   6   2   5   -0.0000000000
1   6   2   6   0.0000000001
1   6   3   4   -0.0000000000
1   6   3   5   -0.0000000000
1   6   3   6   -0.0000000000
2   4   1   4   -0.0000000000
2   4   1   5   -0.0000000001
2   4   2   4   -0.0000000000
2   4   2   5   -0.0000000000
2   4   2   6   0.0000000003
2   4   3   4   0.0000000000
2   4   3   5   -0.0000000000
2   4   3   6   0.0000000007
2   5   1   6   0.0000000000
2   5   2   4   0.0000000001
2   5   2   5   -0.0000000004
2   5   3   4   0.0000000004
2   5   3   5   -0.0000000007
2   5   3   6   0.0000000000
2   6   1   4   0.0000000000
2   6   1   5   -0.0000000000
2   6   1   6   0.0000000001
2   6   2   4   -0.0000000001
2   6   2   5   -0.0000000003
2   6   2   6   0.0000000000
2   6   3   4   -0.0000000007
2   6   3   5   -0.0000000004
3   4   1   4   0.0000000000
3   4   1   5   -0.0000000000
3   4   1   6   0.0000000000
3   4   2   4   0.0000000000
3   4   2   5   -0.0000000000
3   4   2   6   0.0000000007
3   4   3   4   -0.0000000000
3   4   3   5   -0.0000000000
3   4   3   6   -0.0000000005
3   5   1   4   0.0000000000
3   5   1   5   -0.0000000000
3   5   1   6   0.0000000001
3   5   2   4   0.0000000004
3   5   2   5   -0.0000000007
3   5   2   6   0.0000000000
3   5   3   4   -0.0000000004
3   5   3   5   0.0000000003
3   6   1   4   -0.0000000000
3   6   1   5   -0.0000000000
3   6   1   6   -0.0000000000
3   6   2   4   -0.0000000007
3   6   2   5   -0.0000000004
3   6   3   4   0.0000000007
3   6   3   5   0.0000000003
3   6   3   6   0.0000000000

End IJKA Block
Begin IABC Block
1   4   1   4   0.0000000000
1   4   1   6   0.0000000001
1   4   2   6   0.0000000000
1   4   3   4   0.0000000009
1   4   3   5   0.0000000000
1   4   3   6   0.0000000000
1   5   1   5   0.0000000000
1   5   1   6   0.0000000000
1   5   2   4   0.0000000000
1   5   2   5   0.0000000000
1   5   2   6   -0.0000000001
1   5   3   4   0.0000000000
1   5   3   5   -0.0000000007
1   5   3   6   0.0000000000
1   6   1   4   0.0000000001
1   6   1   5   0.0000000000
1   6   1   6   0.0000000000
1   6   2   4   0.0000000000
1   6   2   5   -0.0000000001
1   6   2   6   0.0000000000
1   6   3   4   0.0000000000
1   6   3   5   0.0000000000
1   6   3   6   -0.0000000002
2   4   1   4   0.0000000006
2   4   1   5   -0.0000000000
2   4   1   6   0.0000000000
2   4   2   4   -0.0000000007
2   4   2   5   -0.0000000001
2   4   2   6   -0.0000000000
2   4   3   4   0.0000000000
2   4   3   5   -0.0000000000
2   4   3   6   0.0000000000
2   5   1   4   -0.0000000000
2   5   1   5   -0.0000000004
2   5   1   6   0.0000000000
2   5   2   4   -0.0000000001
2   5   2   5   0.0000000008
2   5   2   6   -0.0000000000
2   5   3   4   -0.0000000000
2   5   3   5   -0.0000000000
2   5   3   6   0.0000000000
2   6   1   4   0.0000000000
2   6   1   5   0.0000000000
2   6   1   6   -0.0000000001
2   6   2   4   -0.0000000000
2   6   2   5   -0.0000000000
2   6   2   6   0.0000000002
2   6   3   4   0.0000000000
2   6   3   5   0.0000000000
3   4   1   4   -0.0000000010
3   4   1   5   -0.0000000001
3   4   1   6   -0.0000000000
3   4   2   4   -0.0000000005
3   4   2   5   0.0000000000
3   4   2   6   -0.0000000000
3   4   3   4   -0.0000000000
3   4   3   5   -0.0000000000
3   4   3   6   -0.0000000000
3   5   1   4   -0.0000000001
3   5   1   5   0.0000000006
3   5   1   6   -0.0000000000
3   5   2   4   0.0000000000
3   5   2   5   0.0000000005
3   5   2   6   -0.0000000000
3   5   3   4   -0.0000000000
3   5   3   5   -0.0000000000
3   5   3   6   0.0000000000
3   6   1   4   -0.0000000000
3   6   1   5   -0.0000000000
3   6   1   6   0.0000000001
3   6   2   4   -0.0000000000
3   6   2   5   -0.0000000000
3   6   2   6   0.0000000001
3   6   3   4   -0.0000000000
3   6   3   5   0.0000000000
3   6   3   6   -0.0000000000

End IABC Block
