Begin IJ Block
1   1   -1.7662095076
2   2   -1.4965552009

End IJ Block
Begin IA Block
1   1   0.1522367582
2   2   -0.1634733601

End IA Block
Begin AB Block
1   1   -1.1665255781
2   2   -0.7926413938

End AB Block
Begin IJKL Block
1   3   1   3   0.4566657837
1   3   2   4   0.1288098486
1   4   1   4   0.3906029021
1   4   2   3   0.1317444501
2   3   1   4   0.1317444501
2   3   2   3   0.3906029021
2   4   1   3   0.1288098486
2   4   2   4   0.3863312009

End IJKL Block
Begin IJAB Block
1   3   1   3   0.0793724797
1   3   2   4   0.0416723868
1   4   1   4   -0.0387795611
1   4   2   3   -0.0092141666
2   3   1   4   -0.0092141666
2   3   2   3   -0.0387795611
2   4   1   3   0.0918158889
2   4   2   4   0.0466890830

End IJAB Block
Begin ABCD Block
1   3   1   3   0.3224317393
1   3   2   4   0.0689293567
1   4   1   4   0.2761862505
1   4   2   3   0.0689660971
2   3   1   4   0.0689660971
2   3   2   3   0.2761862505
2   4   1   3   0.0689293567
2   4   2   4   0.2633622071

End ABCD Block
Begin AIJB Block
1   3   1   3   0.0724561664
1   3   2   4   -0.0099474999
1   4   1   4   -0.0381286932
1   4   2   3   0.0809775328
2   3   1   4   0.0344311379
2   3   2   3   -0.0381286932
2   4   1   3   -0.0099474999
2   4   2   4   0.0415186834

1   3   3   1   -0.3588517954
1   3   4   2   0.0704082453
1   4   3   2   0.0696670162
1   4   4   1   -0.3458208961
2   3   3   2   -0.2958523578
2   3   4   1   0.0696670162
2   4   3   1   0.0704082453
2   4   4   2   -0.2889092350

End AIJB Block
Begin IJKA Block
1   3   1   3   -0.0701955082
1   3   2   4   0.0388275117
1   4   1   4   0.0756952102
1   4   2   3   0.0669577838
2   3   1   4   0.0387079557
2   3   2   3   -0.0056220104
2   4   1   3   0.0690886833
2   4   2   4   0.0436262493

End IJKA Block
Begin IABC Block
1   3   1   3   -0.0165324089
1   3   2   4   -0.0066905083
1   4   1   4   -0.0108419087
1   4   2   3   -0.0071292693
2   3   1   4   -0.0489114235
2   3   2   3   0.0261905352
2   4   1   3   -0.0461499103
2   4   2   4   0.0136716264

End IABC Block
