Begin IJ Block
1   1   -28.6593693722
1   3   0.5132342805
1   7   -0.2893985046
2   2   -28.6565713923
2   6   0.5172380641
3   3   -11.2484643082
3   7   -1.1613234387
4   4   -8.9780225977
5   5   -8.9780225977
6   6   -7.9012837228
7   7   -8.2419546656

End IJ Block
Begin IA Block
1   4   0.0496851547
2   3   0.2659200618
3   4   0.7586127519
4   5   1.5788203998
4   6   -1.0978835371
5   5   1.0978835371
5   6   1.5788203998
6   3   -1.2929742131
7   4   1.2895649512

End IA Block
Begin AB Block
1   1   -6.6566701508
2   2   -6.6566701508
3   3   -4.2646725240
4   4   -5.0704654173
5   5   -5.9272904325
6   6   -5.9272904325

End AB Block
Begin IJKL Block
1   8   1   8   2.3566086291
1   8   1   10   -0.2233658390
1   8   1   14   0.0656388938
1   8   2   9   1.7563721550
1   8   2   13   -0.1640008042
1   8   3   8   -0.2233658390
1   8   3   10   0.0494172498
1   8   3   14   0.0017048414
1   8   4   11   0.0135594880
1   8   5   12   0.0135594880
1   8   6   9   -0.1640008042
1   8   6   13   0.0253546685
1   8   7   8   0.0656388938
1   8   7   10   0.0017048414
1   8   7   14   0.0169954804
1   9   1   9   2.3617126995
1   9   1   13   -0.1779656803
1   9   2   8   1.7566088159
1   9   2   10   -0.2465751039
1   9   2   14   0.0377031585
1   9   3   9   -0.2244489670
1   9   3   13   0.0252891362
1   9   6   8   -0.1639268075
1   9   6   10   0.0263000060
1   9   6   14   -0.0130066444
1   9   7   9   0.0655597743
1   9   7   13   -0.0142988793
1   10   1   8   -0.2233658390
1   10   1   10   0.9751029283
1   10   1   14   0.1350539956
1   10   2   9   -0.2466405111
1   10   2   13   0.1260608889
1   10   3   8   0.0507463377
1   10   3   10   0.0117364777
1   10   3   14   0.0113741222
1   10   4   11   0.0223345689
1   10   5   12   0.0223345689
1   10   6   9   0.0265962173
1   10   6   13   -0.0032380614
1   10   7   8   0.0020343209
1   10   7   10   0.0415311596
1   10   7   14   0.0180748344
1   11   1   11   0.7676238100
1   11   3   11   0.0024413501
1   11   4   8   0.0152020949
1   11   4   10   0.0227759011
1   11   4   14   -0.0046687812
1   11   7   11   0.0143106459
1   12   1   12   0.7676238100
1   12   3   12   0.0024413501
1   12   5   8   0.0152020949
1   12   5   10   0.0227759011
1   12   5   14   -0.0046687812
1   12   7   12   0.0143106459
1   13   1   9   -0.1779656803
1   13   1   13   0.6815850673
1   13   2   8   -0.1639268075
1   13   2   10   0.1261171784
1   13   2   14   -0.2396096882
1   13   3   9   0.0256160843
1   13   3   13   -0.0156926650
1   13   6   8   0.0266264683
1   13   6   10   -0.0030300219
1   13   6   14   -0.0056598569
1   13   7   9   -0.0151963964
1   13   7   13   -0.0064541625
1   14   1   8   0.0656388938
1   14   1   10   0.1350539956
1   14   1   14   0.7234254002
1   14   2   9   0.0377492742
1   14   2   13   -0.2396092019
1   14   3   8   0.0020343209
1   14   3   10   0.0115710278
1   14   3   14   -0.0087122816
1   14   4   11   -0.0042527123
1   14   5   12   -0.0042527123
1   14   6   9   -0.0138952660
1   14   6   13   -0.0057984846
1   14   7   8   0.0182997114
1   14   7   10   0.0182237065
1   14   7   14   0.0003988375
2   8   1   9   1.7566088159
2   8   1   13   -0.1639268075
2   8   2   8   2.3617126995
2   8   2   10   -0.2244489670
2   8   2   14   0.0655597743
2   8   3   9   -0.2465751039
2   8   3   13   0.0263000060
2   8   6   8   -0.1779656803
2   8   6   10   0.0252891362
2   8   6   14   -0.0142988793
2   8   7   9   0.0377031585
2   8   7   13   -0.0130066444
2   9   1   8   1.7563721550
2   9   1   10   -0.2466405111
2   9   1   14   0.0377492742
2   9   2   9   2.3663702493
2   9   2   13   -0.1786302071
2   9   3   8   -0.2466405111
2   9   3   10   0.0482500356
2   9   3   14   -0.0002793842
2   9   4   11   0.0119715483
2   9   5   12   0.0119715483
2   9   6   9   -0.1786302071
2   9   6   13   0.0260647974
2   9   7   8   0.0377492742
2   9   7   10   -0.0002793842
2   9   7   14   0.0143981929
2   10   1   9   -0.2465751039
2   10   1   13   0.1261171784
2   10   2   8   -0.2244489670
2   10   2   10   0.9744824978
2   10   2   14   0.1345468448
2   10   3   9   0.0496734675
2   10   3   13   -0.0107690191
2   10   6   8   0.0256160843
2   10   6   10   -0.0308959250
2   10   6   14   -0.0101305517
2   10   7   9   0.0000722863
2   10   7   13   -0.0026783337
2   11   2   11   0.7674891487
2   11   4   9   0.0136467852
2   11   4   13   0.0103159416
2   11   6   11   -0.0116520833
2   12   2   12   0.7674891487
2   12   5   9   0.0136467852
2   12   5   13   0.0103159416
2   12   6   12   -0.0116520833
2   13   1   8   -0.1640008042
2   13   1   10   0.1260608889
2   13   1   14   -0.2396092019
2   13   2   9   -0.1786302071
2   13   2   13   0.6819145343
2   13   3   8   0.0265962173
2   13   3   10   -0.0111496817
2   13   3   14   0.0211076946
2   13   4   11   0.0097431656
2   13   5   12   0.0097431656
2   13   6   9   0.0273366325
2   13   6   13   -0.0023870430
2   13   7   8   -0.0138952660
2   13   7   10   -0.0028142276
2   13   7   14   0.0184659013
2   14   1   9   0.0377031585
2   14   1   13   -0.2396096882
2   14   2   8   0.0655597743
2   14   2   10   0.1345468448
2   14   2   14   0.7234889863
2   14   3   9   0.0000722863
2   14   3   13   0.0211271160
2   14   6   8   -0.0151963964
2   14   6   10   -0.0102125307
2   14   6   14   -0.0048636329
2   14   7   9   0.0157445718
2   14   7   13   0.0183937713
3   8   1   8   -0.2233658390
3   8   1   10   0.0507463377
3   8   1   14   0.0020343209
3   8   2   9   -0.2466405111
3   8   2   13   0.0265962173
3   8   3   8   0.9751029283
3   8   3   10   0.0117364777
3   8   3   14   0.0415311596
3   8   4   11   0.0223345689
3   8   5   12   0.0223345689
3   8   6   9   0.1260608889
3   8   6   13   -0.0032380614
3   8   7   8   0.1350539956
3   8   7   10   0.0113741222
3   8   7   14   0.0180748344
3   9   1   9   -0.2244489670
3   9   1   13   0.0256160843
3   9   2   8   -0.2465751039
3   9   2   10   0.0496734675
3   9   2   14   0.0000722863
3   9   3   9   0.9744824978
3   9   3   13   -0.0308959250
3   9   6   8   0.1261171784
3   9   6   10   -0.0107690191
3   9   6   14   -0.0026783337
3   9   7   9   0.1345468448
3   9   7   13   -0.0101305517
3   10   1   8   0.0494172498
3   10   1   10   0.0117364777
3   10   1   14   0.0115710278
3   10   2   9   0.0482500356
3   10   2   13   -0.0111496817
3   10   3   8   0.0117364777
3   10   3   10   0.9397689509
3   10   3   14   0.1565497446
3   10   4   11   0.1158725499
3   10   5   12   0.1158725499
3   10   6   9   -0.0111496817
3   10   6   13   0.0293574605
3   10   7   8   0.0115710278
3   10   7   10   0.1565497446
3   10   7   14   0.0582430214
3   11   1   11   0.0024413501
3   11   3   11   0.7176930368
3   11   4   8   0.0227759011
3   11   4   10   0.1179949224
3   11   4   14   -0.0161308575
3   11   7   11   0.0700163519
3   12   1   12   0.0024413501
3   12   3   12   0.7176930368
3   12   5   8   0.0227759011
3   12   5   10   0.1179949224
3   12   5   14   -0.0161308575
3   12   7   12   0.0700163519
3   13   1   9   0.0252891362
3   13   1   13   -0.0156926650
3   13   2   8   0.0263000060
3   13   2   10   -0.0107690191
3   13   2   14   0.0211271160
3   13   3   9   -0.0308959250
3   13   3   13   0.5486376602
3   13   6   8   -0.0030300219
3   13   6   10   0.0319612850
3   13   6   14   -0.0684859759
3   13   7   9   -0.0102125307
3   13   7   13   0.0167318951
3   14   1   8   0.0017048414
3   14   1   10   0.0113741222
3   14   1   14   -0.0087122816
3   14   2   9   -0.0002793842
3   14   2   13   0.0211076946
3   14   3   8   0.0415311596
3   14   3   10   0.1565497446
3   14   3   14   0.6056993753
3   14   4   11   -0.0157372363
3   14   5   12   -0.0157372363
3   14   6   9   -0.0028142276
3   14   6   13   -0.0691302678
3   14   7   8   0.0182237065
3   14   7   10   0.0605421400
3   14   7   14   0.0430097171
4   8   1   11   0.0152020949
4   8   3   11   0.0227759011
4   8   4   8   0.7676238100
4   8   4   10   0.0024413501
4   8   4   14   0.0143106459
4   8   7   11   -0.0046687812
4   9   2   11   0.0136467852
4   9   4   9   0.7674891487
4   9   4   13   -0.0116520833
4   9   6   11   0.0103159416
4   10   1   11   0.0227759011
4   10   3   11   0.1179949224
4   10   4   8   0.0024413501
4   10   4   10   0.7176930368
4   10   4   14   0.0700163519
4   10   7   11   -0.0161308575
4   11   1   8   0.0135594880
4   11   1   10   0.0223345689
4   11   1   14   -0.0042527123
4   11   2   9   0.0119715483
4   11   2   13   0.0097431656
4   11   3   8   0.0223345689
4   11   3   10   0.1158725499
4   11   3   14   -0.0157372363
4   11   4   11   0.6406973964
4   11   5   12   0.0235648945
4   11   6   9   0.0097431656
4   11   6   13   0.0330144025
4   11   7   8   -0.0042527123
4   11   7   10   -0.0157372363
4   11   7   14   0.0235839702
4   12   4   12   0.5902037851
4   12   5   11   0.0269287168
4   13   2   11   0.0103159416
4   13   4   9   -0.0116520833
4   13   4   13   0.5178678940
4   13   6   11   0.0360830948
4   14   1   11   -0.0046687812
4   14   3   11   -0.0161308575
4   14   4   8   0.0143106459
4   14   4   10   0.0700163519
4   14   4   14   0.5376407225
4   14   7   11   0.0265438421
5   8   1   12   0.0152020949
5   8   3   12   0.0227759011
5   8   5   8   0.7676238100
5   8   5   10   0.0024413501
5   8   5   14   0.0143106459
5   8   7   12   -0.0046687812
5   9   2   12   0.0136467852
5   9   5   9   0.7674891487
5   9   5   13   -0.0116520833
5   9   6   12   0.0103159416
5   10   1   12   0.0227759011
5   10   3   12   0.1179949224
5   10   5   8   0.0024413501
5   10   5   10   0.7176930368
5   10   5   14   0.0700163519
5   10   7   12   -0.0161308575
5   11   4   12   0.0269287168
5   11   5   11   0.5902037851
5   12   1   8   0.0135594880
5   12   1   10   0.0223345689
5   12   1   14   -0.0042527123
5   12   2   9   0.0119715483
5   12   2   13   0.0097431656
5   12   3   8   0.0223345689
5   12   3   10   0.1158725499
5   12   3   14   -0.0157372363
5   12   4   11   0.0235648945
5   12   5   12   0.6406973964
5   12   6   9   0.0097431656
5   12   6   13   0.0330144025
5   12   7   8   -0.0042527123
5   12   7   10   -0.0157372363
5   12   7   14   0.0235839702
5   13   2   12   0.0103159416
5   13   5   9   -0.0116520833
5   13   5   13   0.5178678940
5   13   6   12   0.0360830948
5   14   1   12   -0.0046687812
5   14   3   12   -0.0161308575
5   14   5   8   0.0143106459
5   14   5   10   0.0700163519
5   14   5   14   0.5376407225
5   14   7   12   0.0265438421
6   8   1   9   -0.1639268075
6   8   1   13   0.0266264683
6   8   2   8   -0.1779656803
6   8   2   10   0.0256160843
6   8   2   14   -0.0151963964
6   8   3   9   0.1261171784
6   8   3   13   -0.0030300219
6   8   6   8   0.6815850673
6   8   6   10   -0.0156926650
6   8   6   14   -0.0064541625
6   8   7   9   -0.2396096882
6   8   7   13   -0.0056598569
6   9   1   8   -0.1640008042
6   9   1   10   0.0265962173
6   9   1   14   -0.0138952660
6   9   2   9   -0.1786302071
6   9   2   13   0.0273366325
6   9   3   8   0.1260608889
6   9   3   10   -0.0111496817
6   9   3   14   -0.0028142276
6   9   4   11   0.0097431656
6   9   5   12   0.0097431656
6   9   6   9   0.6819145343
6   9   6   13   -0.0023870430
6   9   7   8   -0.2396092019
6   9   7   10   0.0211076946
6   9   7   14   0.0184659013
6   10   1   9   0.0263000060
6   10   1   13   -0.0030300219
6   10   2   8   0.0252891362
6   10   2   10   -0.0308959250
6   10   2   14   -0.0102125307
6   10   3   9   -0.0107690191
6   10   3   13   0.0319612850
6   10   6   8   -0.0156926650
6   10   6   10   0.5486376602
6   10   6   14   0.0167318951
6   10   7   9   0.0211271160
6   10   7   13   -0.0684859759
6   11   2   11   -0.0116520833
6   11   4   9   0.0103159416
6   11   4   13   0.0360830948
6   11   6   11   0.5178678940
6   12   2   12   -0.0116520833
6   12   5   9   0.0103159416
6   12   5   13   0.0360830948
6   12   6   12   0.5178678940
6   13   1   8   0.0253546685
6   13   1   10   -0.0032380614
6   13   1   14   -0.0057984846
6   13   2   9   0.0260647974
6   13   2   13   -0.0023870430
6   13   3   8   -0.0032380614
6   13   3   10   0.0293574605
6   13   3   14   -0.0691302678
6   13   4   11   0.0330144025
6   13   5   12   0.0330144025
6   13   6   9   -0.0023870430
6   13   6   13   0.5437443166
6   13   7   8   -0.0057984846
6   13   7   10   -0.0691302678
6   13   7   14   0.2069949555
6   14   1   9   -0.0130066444
6   14   1   13   -0.0056598569
6   14   2   8   -0.0142988793
6   14   2   10   -0.0101305517
6   14   2   14   -0.0048636329
6   14   3   9   -0.0026783337
6   14   3   13   -0.0684859759
6   14   6   8   -0.0064541625
6   14   6   10   0.0167318951
6   14   6   14   0.5482127580
6   14   7   9   0.0183937713
6   14   7   13   0.2065091331
7   8   1   8   0.0656388938
7   8   1   10   0.0020343209
7   8   1   14   0.0182997114
7   8   2   9   0.0377492742
7   8   2   13   -0.0138952660
7   8   3   8   0.1350539956
7   8   3   10   0.0115710278
7   8   3   14   0.0182237065
7   8   4   11   -0.0042527123
7   8   5   12   -0.0042527123
7   8   6   9   -0.2396092019
7   8   6   13   -0.0057984846
7   8   7   8   0.7234254002
7   8   7   10   -0.0087122816
7   8   7   14   0.0003988375
7   9   1   9   0.0655597743
7   9   1   13   -0.0151963964
7   9   2   8   0.0377031585
7   9   2   10   0.0000722863
7   9   2   14   0.0157445718
7   9   3   9   0.1345468448
7   9   3   13   -0.0102125307
7   9   6   8   -0.2396096882
7   9   6   10   0.0211271160
7   9   6   14   0.0183937713
7   9   7   9   0.7234889863
7   9   7   13   -0.0048636329
7   10   1   8   0.0017048414
7   10   1   10   0.0415311596
7   10   1   14   0.0182237065
7   10   2   9   -0.0002793842
7   10   2   13   -0.0028142276
7   10   3   8   0.0113741222
7   10   3   10   0.1565497446
7   10   3   14   0.0605421400
7   10   4   11   -0.0157372363
7   10   5   12   -0.0157372363
7   10   6   9   0.0211076946
7   10   6   13   -0.0691302678
7   10   7   8   -0.0087122816
7   10   7   10   0.6056993753
7   10   7   14   0.0430097171
7   11   1   11   0.0143106459
7   11   3   11   0.0700163519
7   11   4   8   -0.0046687812
7   11   4   10   -0.0161308575
7   11   4   14   0.0265438421
7   11   7   11   0.5376407225
7   12   1   12   0.0143106459
7   12   3   12   0.0700163519
7   12   5   8   -0.0046687812
7   12   5   10   -0.0161308575
7   12   5   14   0.0265438421
7   12   7   12   0.5376407225
7   13   1   9   -0.0142988793
7   13   1   13   -0.0064541625
7   13   2   8   -0.0130066444
7   13   2   10   -0.0026783337
7   13   2   14   0.0183937713
7   13   3   9   -0.0101305517
7   13   3   13   0.0167318951
7   13   6   8   -0.0056598569
7   13   6   10   -0.0684859759
7   13   6   14   0.2065091331
7   13   7   9   -0.0048636329
7   13   7   13   0.5482127580
7   14   1   8   0.0169954804
7   14   1   10   0.0180748344
7   14   1   14   0.0003988375
7   14   2   9   0.0143981929
7   14   2   13   0.0184659013
7   14   3   8   0.0180748344
7   14   3   10   0.0582430214
7   14   3   14   0.0430097171
7   14   4   11   0.0235839702
7   14   5   12   0.0235839702
7   14   6   9   0.0184659013
7   14   6   13   0.2069949555
7   14   7   8   0.0003988375
7   14   7   10   0.0430097171
7   14   7   14   0.5680601737

End IJKL Block
Begin IJAB Block
1   8   1   7   0.0092766942
1   8   2   8   0.0092766942
1   8   3   9   0.0083757658
1   8   4   10   0.0069665214
1   8   5   11   0.0146470748
1   8   6   12   0.0146470748
1   9   1   11   0.0063712526
1   9   1   12   -0.0093635199
1   9   2   11   -0.0093635199
1   9   2   12   -0.0063712526
1   9   3   10   0.0003299464
1   9   4   9   0.0006114387
1   9   5   7   0.0067941499
1   9   5   8   -0.0099850315
1   9   6   7   -0.0099850315
1   9   6   8   -0.0067941499
1   10   1   7   0.0074323360
1   10   2   8   0.0074323360
1   10   3   9   -0.0014027780
1   10   4   10   0.0064068652
1   10   5   11   0.0109247262
1   10   6   12   0.0109247262
1   11   1   9   -0.0049043346
1   11   2   9   0.0018780083
1   11   3   7   -0.0006173523
1   11   3   8   0.0002364016
1   11   4   11   0.0031331274
1   11   4   12   -0.0021787209
1   11   5   10   -0.0013823172
1   11   6   10   0.0009612387
1   12   1   9   0.0018780083
1   12   2   9   0.0049043346
1   12   3   7   0.0002364016
1   12   3   8   0.0006173523
1   12   4   11   0.0021787209
1   12   4   12   0.0031331274
1   12   5   10   -0.0009612387
1   12   6   10   -0.0013823172
1   13   1   11   0.0023767546
1   13   1   12   -0.0034930005
1   13   2   11   -0.0034930005
1   13   2   12   -0.0023767546
1   13   3   10   -0.0001610237
1   13   4   9   0.0014031483
1   13   5   7   0.0064862521
1   13   5   8   -0.0095325292
1   13   6   7   -0.0095325292
1   13   6   8   -0.0064862521
1   14   1   7   -0.0058261617
1   14   2   8   -0.0058261617
1   14   3   9   -0.0003497708
1   14   4   10   0.0033916068
1   14   5   11   0.0015836349
1   14   6   12   0.0015836349
2   8   1   11   0.0067941499
2   8   1   12   -0.0099850315
2   8   2   11   -0.0099850315
2   8   2   12   -0.0067941499
2   8   3   10   0.0006114387
2   8   4   9   0.0003299464
2   8   5   7   0.0063712526
2   8   5   8   -0.0093635199
2   8   6   7   -0.0093635199
2   8   6   8   -0.0063712526
2   9   1   7   0.0097827657
2   9   2   8   0.0097827657
2   9   3   9   0.0085237299
2   9   4   10   0.0060529754
2   9   5   11   0.0135384303
2   9   6   12   0.0135384303
2   10   1   11   0.0049129170
2   10   1   12   -0.0072202751
2   10   2   11   -0.0072202751
2   10   2   12   -0.0049129170
2   10   3   10   0.0033980588
2   10   4   9   0.0008809265
2   10   5   7   0.0045056895
2   10   5   8   -0.0066217927
2   10   6   7   -0.0066217927
2   10   6   8   -0.0045056895
2   11   1   10   -0.0018786669
2   11   2   10   0.0007193946
2   11   3   11   0.0029771220
2   11   3   12   -0.0020702375
2   11   4   7   -0.0040350953
2   11   4   8   0.0015451520
2   11   5   9   -0.0041612105
2   11   6   9   0.0028936316
2   12   1   10   0.0007193946
2   12   2   10   0.0018786669
2   12   3   11   0.0020702375
2   12   3   12   0.0029771220
2   12   4   7   0.0015451520
2   12   4   8   0.0040350953
2   12   5   9   -0.0028936316
2   12   6   9   -0.0041612105
2   13   1   7   0.0111300233
2   13   2   8   0.0111300233
2   13   3   9   -0.0015851768
2   13   4   10   0.0009816215
2   13   5   11   0.0042681840
2   13   6   12   0.0042681840
2   14   1   11   0.0005174241
2   14   1   12   -0.0007604330
2   14   2   11   -0.0007604330
2   14   2   12   -0.0005174241
2   14   3   10   0.0026520079
2   14   4   9   -0.0029756266
2   14   5   7   -0.0029514818
2   14   5   8   0.0043376492
2   14   6   7   0.0043376492
2   14   6   8   0.0029514818
3   8   1   7   0.0074323360
3   8   2   8   0.0074323360
3   8   3   9   -0.0014027780
3   8   4   10   0.0064068652
3   8   5   11   0.0109247262
3   8   6   12   0.0109247262
3   9   1   11   0.0045056895
3   9   1   12   -0.0066217927
3   9   2   11   -0.0066217927
3   9   2   12   -0.0045056895
3   9   3   10   0.0008809265
3   9   4   9   0.0033980588
3   9   5   7   0.0049129170
3   9   5   8   -0.0072202751
3   9   6   7   -0.0072202751
3   9   6   8   -0.0049129170
3   10   1   7   0.0251787266
3   10   2   8   0.0251787266
3   10   3   9   0.0110817549
3   10   4   10   0.0326032339
3   10   5   11   0.0315849771
3   10   6   12   0.0315849771
3   11   1   9   -0.0146268398
3   11   2   9   0.0056010302
3   11   3   7   -0.0250767366
3   11   3   8   0.0096025910
3   11   4   11   0.0238279102
3   11   4   12   -0.0165695036
3   11   5   10   0.0016299471
3   11   6   10   -0.0011334361
3   12   1   9   0.0056010302
3   12   2   9   0.0146268398
3   12   3   7   0.0096025910
3   12   3   8   0.0250767366
3   12   4   11   0.0165695036
3   12   4   12   0.0238279102
3   12   5   10   0.0011334361
3   12   6   10   0.0016299471
3   13   1   11   0.0031523068
3   13   1   12   -0.0046327918
3   13   2   11   -0.0046327918
3   13   2   12   -0.0031523068
3   13   3   10   0.0042079501
3   13   4   9   -0.0051014150
3   13   5   7   0.0080115988
3   13   5   8   -0.0117742569
3   13   6   7   -0.0117742569
3   13   6   8   -0.0080115988
3   14   1   7   -0.0198827766
3   14   2   8   -0.0198827766
3   14   3   9   -0.0084718917
3   14   4   10   0.0165327625
3   14   5   11   0.0033694043
3   14   6   12   0.0033694043
4   8   1   9   -0.0006173523
4   8   2   9   0.0002364016
4   8   3   7   -0.0049043346
4   8   3   8   0.0018780083
4   8   4   11   -0.0013823172
4   8   4   12   0.0009612387
4   8   5   10   0.0031331274
4   8   6   10   -0.0021787209
4   9   1   10   -0.0040350953
4   9   2   10   0.0015451520
4   9   3   11   -0.0041612105
4   9   3   12   0.0028936316
4   9   4   7   -0.0018786669
4   9   4   8   0.0007193946
4   9   5   9   0.0029771220
4   9   6   9   -0.0020702375
4   10   1   9   -0.0250767366
4   10   2   9   0.0096025910
4   10   3   7   -0.0146268398
4   10   3   8   0.0056010302
4   10   4   11   0.0016299471
4   10   4   12   -0.0011334361
4   10   5   10   0.0238279102
4   10   6   10   -0.0165695036
4   11   1   7   0.0915069353
4   11   1   8   -0.0294273045
4   11   2   7   -0.0294273045
4   11   2   8   0.0259273929
4   11   3   9   0.0103680048
4   11   4   10   0.0169288444
4   11   5   11   0.0499998381
4   11   5   12   -0.0300808712
4   11   6   11   -0.0300808712
4   11   6   12   0.0276594964
4   12   1   7   -0.0294273045
4   12   1   8   -0.0624405215
4   12   2   7   -0.0031390208
4   12   2   8   0.0294273045
4   12   5   11   0.0300808712
4   12   5   12   0.0349012930
4   12   6   11   -0.0125609513
4   12   6   12   -0.0300808712
4   13   1   10   0.0015070244
4   13   2   10   -0.0005770822
4   13   3   11   -0.0046195553
4   13   3   12   0.0032123564
4   13   4   7   -0.0162227094
4   13   4   8   0.0062121338
4   13   5   9   -0.0272014198
4   13   6   9   0.0189153820
4   14   1   9   0.0114795236
4   14   2   9   -0.0043958339
4   14   3   7   0.0115542522
4   14   3   8   -0.0044244496
4   14   4   11   -0.0033420323
4   14   4   12   0.0023239896
4   14   5   10   0.0274849999
4   14   6   10   -0.0191125785
5   8   1   9   0.0002364016
5   8   2   9   0.0006173523
5   8   3   7   0.0018780083
5   8   3   8   0.0049043346
5   8   4   11   -0.0009612387
5   8   4   12   -0.0013823172
5   8   5   10   0.0021787209
5   8   6   10   0.0031331274
5   9   1   10   0.0015451520
5   9   2   10   0.0040350953
5   9   3   11   -0.0028936316
5   9   3   12   -0.0041612105
5   9   4   7   0.0007193946
5   9   4   8   0.0018786669
5   9   5   9   0.0020702375
5   9   6   9   0.0029771220
5   10   1   9   0.0096025910
5   10   2   9   0.0250767366
5   10   3   7   0.0056010302
5   10   3   8   0.0146268398
5   10   4   11   0.0011334361
5   10   4   12   0.0016299471
5   10   5   10   0.0165695036
5   10   6   10   0.0238279102
5   11   1   7   -0.0294273045
5   11   1   8   -0.0031390208
5   11   2   7   -0.0624405215
5   11   2   8   0.0294273045
5   11   5   11   0.0300808712
5   11   5   12   -0.0125609513
5   11   6   11   0.0349012930
5   11   6   12   -0.0300808712
5   12   1   7   0.0259273929
5   12   1   8   0.0294273045
5   12   2   7   0.0294273045
5   12   2   8   0.0915069353
5   12   3   9   0.0103680048
5   12   4   10   0.0169288444
5   12   5   11   0.0276594964
5   12   5   12   0.0300808712
5   12   6   11   0.0300808712
5   12   6   12   0.0499998381
5   13   1   10   -0.0005770822
5   13   2   10   -0.0015070244
5   13   3   11   -0.0032123564
5   13   3   12   -0.0046195553
5   13   4   7   0.0062121338
5   13   4   8   0.0162227094
5   13   5   9   -0.0189153820
5   13   6   9   -0.0272014198
5   14   1   9   -0.0043958339
5   14   2   9   -0.0114795236
5   14   3   7   -0.0044244496
5   14   3   8   -0.0115542522
5   14   4   11   -0.0023239896
5   14   4   12   -0.0033420323
5   14   5   10   0.0191125785
5   14   6   10   0.0274849999
6   8   1   11   0.0064862521
6   8   1   12   -0.0095325292
6   8   2   11   -0.0095325292
6   8   2   12   -0.0064862521
6   8   3   10   0.0014031483
6   8   4   9   -0.0001610237
6   8   5   7   0.0023767546
6   8   5   8   -0.0034930005
6   8   6   7   -0.0034930005
6   8   6   8   -0.0023767546
6   9   1   7   0.0111300233
6   9   2   8   0.0111300233
6   9   3   9   -0.0015851768
6   9   4   10   0.0009816215
6   9   5   11   0.0042681840
6   9   6   12   0.0042681840
6   10   1   11   0.0080115988
6   10   1   12   -0.0117742569
6   10   2   11   -0.0117742569
6   10   2   12   -0.0080115988
6   10   3   10   -0.0051014150
6   10   4   9   0.0042079501
6   10   5   7   0.0031523068
6   10   5   8   -0.0046327918
6   10   6   7   -0.0046327918
6   10   6   8   -0.0031523068
6   11   1   10   -0.0162227094
6   11   2   10   0.0062121338
6   11   3   11   -0.0272014198
6   11   3   12   0.0189153820
6   11   4   7   0.0015070244
6   11   4   8   -0.0005770822
6   11   5   9   -0.0046195553
6   11   6   9   0.0032123564
6   12   1   10   0.0062121338
6   12   2   10   0.0162227094
6   12   3   11   -0.0189153820
6   12   3   12   -0.0272014198
6   12   4   7   -0.0005770822
6   12   4   8   -0.0015070244
6   12   5   9   -0.0032123564
6   12   6   9   -0.0046195553
6   13   1   7   0.0689447380
6   13   2   8   0.0689447380
6   13   3   9   0.0403605975
6   13   4   10   0.0192728636
6   13   5   11   0.0104194880
6   13   6   12   0.0104194880
6   14   1   11   0.0071335085
6   14   1   12   -0.0104837703
6   14   2   11   -0.0104837703
6   14   2   12   -0.0071335085
6   14   3   10   -0.0330152842
6   14   4   9   -0.0181084612
6   14   5   7   0.0005889588
6   14   5   8   -0.0008655640
6   14   6   7   -0.0008655640
6   14   6   8   -0.0005889588
7   8   1   7   -0.0058261617
7   8   2   8   -0.0058261617
7   8   3   9   -0.0003497708
7   8   4   10   0.0033916068
7   8   5   11   0.0015836349
7   8   6   12   0.0015836349
7   9   1   11   -0.0029514818
7   9   1   12   0.0043376492
7   9   2   11   0.0043376492
7   9   2   12   0.0029514818
7   9   3   10   -0.0029756266
7   9   4   9   0.0026520079
7   9   5   7   0.0005174241
7   9   5   8   -0.0007604330
7   9   6   7   -0.0007604330
7   9   6   8   -0.0005174241
7   10   1   7   -0.0198827766
7   10   2   8   -0.0198827766
7   10   3   9   -0.0084718917
7   10   4   10   0.0165327625
7   10   5   11   0.0033694043
7   10   6   12   0.0033694043
7   11   1   9   0.0115542522
7   11   2   9   -0.0044244496
7   11   3   7   0.0114795236
7   11   3   8   -0.0043958339
7   11   4   11   0.0274849999
7   11   4   12   -0.0191125785
7   11   5   10   -0.0033420323
7   11   6   10   0.0023239896
7   12   1   9   -0.0044244496
7   12   2   9   -0.0115542522
7   12   3   7   -0.0043958339
7   12   3   8   -0.0114795236
7   12   4   11   0.0191125785
7   12   4   12   0.0274849999
7   12   5   10   -0.0023239896
7   12   6   10   -0.0033420323
7   13   1   11   0.0005889588
7   13   1   12   -0.0008655640
7   13   2   11   -0.0008655640
7   13   2   12   -0.0005889588
7   13   3   10   -0.0181084612
7   13   4   9   -0.0330152842
7   13   5   7   0.0071335085
7   13   5   8   -0.0104837703
7   13   6   7   -0.0104837703
7   13   6   8   -0.0071335085
7   14   1   7   0.0430517751
7   14   2   8   0.0430517751
7   14   3   9   0.0247196526
7   14   4   10   0.0402765332
7   14   5   11   0.0154802333
7   14   6   12   0.0154802333

End IJAB Block
Begin ABCD Block
1   7   1   7   0.4481059887
1   7   2   8   0.0172834292
1   7   3   9   0.0135596741
1   7   4   10   0.0083053580
1   7   5   11   0.0160827612
1   7   5   12   -0.0142632766
1   7   6   11   -0.0142632766
1   7   6   12   0.0273395937
1   8   1   8   0.4135391303
1   8   2   7   0.0172834292
1   8   5   11   -0.0142632766
1   8   5   12   -0.0033276611
1   8   6   11   0.0145844935
1   8   6   12   0.0142632766
1   9   1   9   0.3257568736
1   9   3   7   0.0135596741
1   9   4   11   -0.0023596267
1   9   4   12   0.0034678286
1   9   5   10   -0.0138062605
1   9   6   10   0.0202903893
1   10   1   10   0.3645785072
1   10   3   11   -0.0041757983
1   10   3   12   0.0061369676
1   10   4   7   0.0083053580
1   10   5   9   -0.0138062605
1   10   6   9   0.0202903893
1   11   1   11   0.3932518408
1   11   1   12   -0.0128083895
1   11   2   11   -0.0128083895
1   11   2   12   0.0050543048
1   11   3   10   -0.0041757983
1   11   4   9   -0.0023596267
1   11   5   7   0.0160827612
1   11   5   8   -0.0142632766
1   11   6   7   -0.0142632766
1   11   6   8   0.0145844935
1   12   1   11   -0.0128083895
1   12   1   12   0.4033604503
1   12   2   11   0.0050543048
1   12   2   12   0.0128083895
1   12   3   10   0.0061369676
1   12   4   9   0.0034678286
1   12   5   7   -0.0142632766
1   12   5   8   -0.0033276611
1   12   6   7   0.0273395937
1   12   6   8   0.0142632766
2   7   1   8   0.0172834292
2   7   2   7   0.4135391303
2   7   5   11   -0.0142632766
2   7   5   12   0.0145844935
2   7   6   11   -0.0033276611
2   7   6   12   0.0142632766
2   8   1   7   0.0172834292
2   8   2   8   0.4481059887
2   8   3   9   0.0135596741
2   8   4   10   0.0083053580
2   8   5   11   0.0273395937
2   8   5   12   0.0142632766
2   8   6   11   0.0142632766
2   8   6   12   0.0160827612
2   9   2   9   0.3257568736
2   9   3   8   0.0135596741
2   9   4   11   0.0034678286
2   9   4   12   0.0023596267
2   9   5   10   0.0202903893
2   9   6   10   0.0138062605
2   10   2   10   0.3645785072
2   10   3   11   0.0061369676
2   10   3   12   0.0041757983
2   10   4   8   0.0083053580
2   10   5   9   0.0202903893
2   10   6   9   0.0138062605
2   11   1   11   -0.0128083895
2   11   1   12   0.0050543048
2   11   2   11   0.4033604503
2   11   2   12   0.0128083895
2   11   3   10   0.0061369676
2   11   4   9   0.0034678286
2   11   5   7   -0.0142632766
2   11   5   8   0.0273395937
2   11   6   7   -0.0033276611
2   11   6   8   0.0142632766
2   12   1   11   0.0050543048
2   12   1   12   0.0128083895
2   12   2   11   0.0128083895
2   12   2   12   0.3932518408
2   12   3   10   0.0041757983
2   12   4   9   0.0023596267
2   12   5   7   0.0145844935
2   12   5   8   0.0142632766
2   12   6   7   0.0142632766
2   12   6   8   0.0160827612
3   7   1   9   0.0135596741
3   7   3   7   0.3257568736
3   7   4   11   -0.0138062605
3   7   4   12   0.0202903893
3   7   5   10   -0.0023596267
3   7   6   10   0.0034678286
3   8   2   9   0.0135596741
3   8   3   8   0.3257568736
3   8   4   11   0.0202903893
3   8   4   12   0.0138062605
3   8   5   10   0.0034678286
3   8   6   10   0.0023596267
3   9   1   7   0.0135596741
3   9   2   8   0.0135596741
3   9   3   9   0.3509197893
3   9   4   10   0.1070523945
3   9   5   11   0.0065073264
3   9   6   12   0.0065073264
3   10   1   11   -0.0041757983
3   10   1   12   0.0061369676
3   10   2   11   0.0061369676
3   10   2   12   0.0041757983
3   10   3   10   0.3329780122
3   10   4   9   0.1070523945
3   10   5   7   -0.0023596267
3   10   5   8   0.0034678286
3   10   6   7   0.0034678286
3   10   6   8   0.0023596267
3   11   1   10   -0.0041757983
3   11   2   10   0.0061369676
3   11   3   11   0.2969853789
3   11   4   7   -0.0138062605
3   11   4   8   0.0202903893
3   11   5   9   0.0065073264
3   12   1   10   0.0061369676
3   12   2   10   0.0041757983
3   12   3   12   0.2969853789
3   12   4   7   0.0202903893
3   12   4   8   0.0138062605
3   12   6   9   0.0065073264
4   7   1   10   0.0083053580
4   7   3   11   -0.0138062605
4   7   3   12   0.0202903893
4   7   4   7   0.3645785072
4   7   5   9   -0.0041757983
4   7   6   9   0.0061369676
4   8   2   10   0.0083053580
4   8   3   11   0.0202903893
4   8   3   12   0.0138062605
4   8   4   8   0.3645785072
4   8   5   9   0.0061369676
4   8   6   9   0.0041757983
4   9   1   11   -0.0023596267
4   9   1   12   0.0034678286
4   9   2   11   0.0034678286
4   9   2   12   0.0023596267
4   9   3   10   0.1070523945
4   9   4   9   0.3329780122
4   9   5   7   -0.0041757983
4   9   5   8   0.0061369676
4   9   6   7   0.0061369676
4   9   6   8   0.0041757983
4   10   1   7   0.0083053580
4   10   2   8   0.0083053580
4   10   3   9   0.1070523945
4   10   4   10   0.3565294062
4   10   5   11   0.0175639280
4   10   6   12   0.0175639280
4   11   1   9   -0.0023596267
4   11   2   9   0.0034678286
4   11   3   7   -0.0138062605
4   11   3   8   0.0202903893
4   11   4   11   0.3506949583
4   11   5   10   0.0175639280
4   12   1   9   0.0034678286
4   12   2   9   0.0023596267
4   12   3   7   0.0202903893
4   12   3   8   0.0138062605
4   12   4   12   0.3506949583
4   12   6   10   0.0175639280
5   7   1   11   0.0160827612
5   7   1   12   -0.0142632766
5   7   2   11   -0.0142632766
5   7   2   12   0.0145844935
5   7   3   10   -0.0023596267
5   7   4   9   -0.0041757983
5   7   5   7   0.3932518408
5   7   5   8   -0.0128083895
5   7   6   7   -0.0128083895
5   7   6   8   0.0050543048
5   8   1   11   -0.0142632766
5   8   1   12   -0.0033276611
5   8   2   11   0.0273395937
5   8   2   12   0.0142632766
5   8   3   10   0.0034678286
5   8   4   9   0.0061369676
5   8   5   7   -0.0128083895
5   8   5   8   0.4033604503
5   8   6   7   0.0050543048
5   8   6   8   0.0128083895
5   9   1   10   -0.0138062605
5   9   2   10   0.0202903893
5   9   3   11   0.0065073264
5   9   4   7   -0.0041757983
5   9   4   8   0.0061369676
5   9   5   9   0.2969853789
5   10   1   9   -0.0138062605
5   10   2   9   0.0202903893
5   10   3   7   -0.0023596267
5   10   3   8   0.0034678286
5   10   4   11   0.0175639280
5   10   5   10   0.3506949583
5   11   1   7   0.0160827612
5   11   1   8   -0.0142632766
5   11   2   7   -0.0142632766
5   11   2   8   0.0273395937
5   11   3   9   0.0065073264
5   11   4   10   0.0175639280
5   11   5   11   0.4138104620
5   11   6   12   0.0179299919
5   12   1   7   -0.0142632766
5   12   1   8   -0.0033276611
5   12   2   7   0.0145844935
5   12   2   8   0.0142632766
5   12   5   12   0.3779504782
5   12   6   11   0.0179299919
6   7   1   11   -0.0142632766
6   7   1   12   0.0273395937
6   7   2   11   -0.0033276611
6   7   2   12   0.0142632766
6   7   3   10   0.0034678286
6   7   4   9   0.0061369676
6   7   5   7   -0.0128083895
6   7   5   8   0.0050543048
6   7   6   7   0.4033604503
6   7   6   8   0.0128083895
6   8   1   11   0.0145844935
6   8   1   12   0.0142632766
6   8   2   11   0.0142632766
6   8   2   12   0.0160827612
6   8   3   10   0.0023596267
6   8   4   9   0.0041757983
6   8   5   7   0.0050543048
6   8   5   8   0.0128083895
6   8   6   7   0.0128083895
6   8   6   8   0.3932518408
6   9   1   10   0.0202903893
6   9   2   10   0.0138062605
6   9   3   12   0.0065073264
6   9   4   7   0.0061369676
6   9   4   8   0.0041757983
6   9   6   9   0.2969853789
6   10   1   9   0.0202903893
6   10   2   9   0.0138062605
6   10   3   7   0.0034678286
6   10   3   8   0.0023596267
6   10   4   12   0.0175639280
6   10   6   10   0.3506949583
6   11   1   7   -0.0142632766
6   11   1   8   0.0145844935
6   11   2   7   -0.0033276611
6   11   2   8   0.0142632766
6   11   5   12   0.0179299919
6   11   6   11   0.3779504782
6   12   1   7   0.0273395937
6   12   1   8   0.0142632766
6   12   2   7   0.0142632766
6   12   2   8   0.0160827612
6   12   3   9   0.0065073264
6   12   4   10   0.0175639280
6   12   5   11   0.0179299919
6   12   6   12   0.4138104620

End ABCD Block
Begin AIJB Block
1   8   1   7   0.0089266873
1   8   2   11   0.0064940161
1   8   2   12   -0.0095439395
1   8   3   7   0.0068417049
1   8   4   9   -0.0000343495
1   8   5   9   0.0000131534
1   8   6   11   0.0064215704
1   8   6   12   -0.0094374695
1   8   7   7   -0.0055710506
1   9   1   11   0.0060804264
1   9   1   12   -0.0089361068
1   9   2   7   0.0094265681
1   9   3   11   0.0043341928
1   9   3   12   -0.0063697523
1   9   4   10   -0.0040749534
1   9   5   10   0.0015604148
1   9   6   7   0.0107138430
1   9   7   11   -0.0029493990
1   9   7   12   0.0043345882
1   10   1   7   0.0068417049
1   10   2   11   0.0046570870
1   10   2   12   -0.0068442941
1   10   3   7   0.0214711052
1   10   4   9   -0.0226013944
1   10   5   9   0.0086547125
1   10   6   11   0.0072418805
1   10   6   12   -0.0106430394
1   10   7   7   -0.0184042379
1   11   1   9   -0.0043827234
1   11   2   10   -0.0019252131
1   11   3   9   -0.0115548275
1   11   4   7   0.0889233540
1   11   4   8   -0.0292868687
1   11   5   7   -0.0292868687
1   11   5   8   -0.0011833323
1   11   6   10   -0.0163392866
1   11   7   9   0.0101964877
1   12   1   9   0.0016782686
1   12   2   10   0.0007372185
1   12   3   9   0.0044246699
1   12   4   7   -0.0292868687
1   12   4   8   -0.0640832450
1   12   5   7   0.0236567767
1   12   5   8   0.0292868687
1   12   6   10   0.0062567745
1   12   7   9   -0.0039045232
1   13   1   11   0.0020932215
1   13   1   12   -0.0030763058
1   13   2   7   0.0107138430
1   13   3   11   0.0016813022
1   13   3   12   -0.0024709280
1   13   4   10   0.0009868392
1   13   5   10   -0.0003778886
1   13   6   7   0.0646207108
1   13   7   11   0.0020085927
1   13   7   12   -0.0029519309
1   14   1   7   -0.0055710506
1   14   2   11   0.0005852531
1   14   2   12   -0.0008601179
1   14   3   7   -0.0184042379
1   14   4   9   0.0114352913
1   14   5   9   -0.0043788961
1   14   6   11   0.0087208076
1   14   6   12   -0.0128165467
1   14   7   7   0.0380890886
2   8   1   8   0.0089266873
2   8   2   11   -0.0095439395
2   8   2   12   -0.0064940161
2   8   3   8   0.0068417049
2   8   4   9   0.0000131534
2   8   5   9   0.0000343495
2   8   6   11   -0.0094374695
2   8   6   12   -0.0064215704
2   8   7   8   -0.0055710506
2   9   1   11   -0.0089361068
2   9   1   12   -0.0060804264
2   9   2   8   0.0094265681
2   9   3   11   -0.0063697523
2   9   3   12   -0.0043341928
2   9   4   10   0.0015604148
2   9   5   10   0.0040749534
2   9   6   8   0.0107138430
2   9   7   11   0.0043345882
2   9   7   12   0.0029493990
2   10   1   8   0.0068417049
2   10   2   11   -0.0068442941
2   10   2   12   -0.0046570870
2   10   3   8   0.0214711052
2   10   4   9   0.0086547125
2   10   5   9   0.0226013944
2   10   6   11   -0.0106430394
2   10   6   12   -0.0072418805
2   10   7   8   -0.0184042379
2   11   1   9   0.0016782686
2   11   2   10   0.0007372185
2   11   3   9   0.0044246699
2   11   4   7   -0.0292868687
2   11   4   8   0.0236567767
2   11   5   7   -0.0640832450
2   11   5   8   0.0292868687
2   11   6   10   0.0062567745
2   11   7   9   -0.0039045232
2   12   1   9   0.0043827234
2   12   2   10   0.0019252131
2   12   3   9   0.0115548275
2   12   4   7   -0.0011833323
2   12   4   8   0.0292868687
2   12   5   7   0.0292868687
2   12   5   8   0.0889233540
2   12   6   10   0.0163392866
2   12   7   9   -0.0101964877
2   13   1   11   -0.0030763058
2   13   1   12   -0.0020932215
2   13   2   8   0.0107138430
2   13   3   11   -0.0024709280
2   13   3   12   -0.0016813022
2   13   4   10   -0.0003778886
2   13   5   10   -0.0009868392
2   13   6   8   0.0646207108
2   13   7   11   -0.0029519309
2   13   7   12   -0.0020085927
2   14   1   8   -0.0055710506
2   14   2   11   -0.0008601179
2   14   2   12   -0.0005852531
2   14   3   8   -0.0184042379
2   14   4   9   -0.0043788961
2   14   5   9   -0.0114352913
2   14   6   11   -0.0128165467
2   14   6   12   -0.0087208076
2   14   7   8   0.0380890886
3   8   1   9   0.0081391938
3   8   2   10   0.0006490291
3   8   3   9   -0.0015669254
3   8   4   7   -0.0043827234
3   8   4   8   0.0016782686
3   8   5   7   0.0016782686
3   8   5   8   0.0043827234
3   8   6   10   0.0012347195
3   8   7   9   -0.0000798652
3   9   1   10   0.0003762369
3   9   2   9   0.0082812090
3   9   3   10   0.0008139666
3   9   4   11   -0.0041515966
3   9   4   12   0.0028869462
3   9   5   11   -0.0028869462
3   9   5   12   -0.0041515966
3   9   6   9   -0.0015729708
3   9   7   10   -0.0028091355
3   10   1   9   -0.0015669254
3   10   2   10   0.0032153270
3   10   3   9   0.0088325273
3   10   4   7   -0.0115548275
3   10   4   8   0.0044246699
3   10   5   7   0.0044246699
3   10   5   8   0.0115548275
3   10   6   10   -0.0050774396
3   10   7   9   -0.0072328988
3   11   1   7   -0.0000343495
3   11   1   8   0.0000131534
3   11   2   11   0.0029407847
3   11   2   12   -0.0020449692
3   11   3   7   -0.0226013944
3   11   3   8   0.0086547125
3   11   4   9   0.0090968755
3   11   6   11   -0.0262053382
3   11   6   12   0.0182227246
3   11   7   7   0.0114352913
3   11   7   8   -0.0043788961
3   12   1   7   0.0000131534
3   12   1   8   0.0000343495
3   12   2   11   0.0020449692
3   12   2   12   0.0029407847
3   12   3   7   0.0086547125
3   12   3   8   0.0226013944
3   12   5   9   0.0090968755
3   12   6   11   -0.0182227246
3   12   6   12   -0.0262053382
3   12   7   7   -0.0043788961
3   12   7   8   -0.0114352913
3   13   1   10   -0.0002534996
3   13   2   9   -0.0015729708
3   13   3   10   0.0042106904
3   13   4   11   -0.0038331806
3   13   4   12   0.0026655254
3   13   5   11   -0.0026655254
3   13   5   12   -0.0038331806
3   13   6   9   0.0374946988
3   13   7   10   -0.0180410061
3   14   1   9   -0.0000798652
3   14   2   10   0.0025876449
3   14   3   9   -0.0072328988
3   14   4   7   0.0101964877
3   14   4   8   -0.0039045232
3   14   5   7   -0.0039045232
3   14   5   8   -0.0101964877
3   14   6   10   -0.0325491811
3   14   7   9   0.0225606410
4   8   1   10   0.0066813637
4   8   2   9   0.0003762369
4   8   3   10   0.0061268925
4   8   4   11   -0.0015111326
4   8   4   12   0.0010508146
4   8   5   11   -0.0010508146
4   8   5   12   -0.0015111326
4   8   6   9   -0.0002534996
4   8   7   10   0.0033295751
4   9   1   9   0.0006490291
4   9   2   10   0.0057824004
4   9   3   9   0.0032153270
4   9   4   7   -0.0019252131
4   9   4   8   0.0007372185
4   9   5   7   0.0007372185
4   9   5   8   0.0019252131
4   9   6   10   0.0009448532
4   9   7   9   0.0025876449
4   10   1   10   0.0061268925
4   10   2   9   0.0008139666
4   10   3   10   0.0314409945
4   10   4   11   0.0013556520
4   10   4   12   -0.0009426962
4   10   5   11   0.0009426962
4   10   5   12   0.0013556520
4   10   6   9   0.0042106904
4   10   7   10   0.0161907894
4   11   1   11   0.0030902540
4   11   1   12   -0.0021489075
4   11   2   7   -0.0040749534
4   11   2   8   0.0015604148
4   11   3   11   0.0242384685
4   11   3   12   -0.0168549986
4   11   4   10   0.0168364954
4   11   6   7   0.0009868392
4   11   6   8   -0.0003778886
4   11   7   11   0.0283098121
4   11   7   12   -0.0196861382
4   12   1   11   0.0021489075
4   12   1   12   0.0030902540
4   12   2   7   0.0015604148
4   12   2   8   0.0040749534
4   12   3   11   0.0168549986
4   12   3   12   0.0242384685
4   12   5   10   0.0168364954
4   12   6   7   -0.0003778886
4   12   6   8   -0.0009868392
4   12   7   11   0.0196861382
4   12   7   12   0.0283098121
4   13   1   9   0.0012347195
4   13   2   10   0.0009448532
4   13   3   9   -0.0050774396
4   13   4   7   -0.0163392866
4   13   4   8   0.0062567745
4   13   5   7   0.0062567745
4   13   5   8   0.0163392866
4   13   6   10   0.0191902210
4   13   7   9   -0.0325491811
4   14   1   10   0.0033295751
4   14   2   9   -0.0028091355
4   14   3   10   0.0161907894
4   14   4   11   -0.0040934512
4   14   4   12   0.0028465129
4   14   5   11   -0.0028465129
4   14   5   12   -0.0040934512
4   14   6   9   -0.0180410061
4   14   7   10   0.0406371859
5   8   1   11   0.0143071322
5   8   2   7   0.0060804264
5   8   2   8   -0.0089361068
5   8   3   11   0.0106802071
5   8   4   10   0.0030902540
5   8   5   10   0.0021489075
5   8   6   7   0.0020932215
5   8   6   8   -0.0030763058
5   8   7   11   0.0018866670
5   9   1   7   0.0064940161
5   9   1   8   -0.0095439395
5   9   2   11   0.0132244651
5   9   3   7   0.0046570870
5   9   3   8   -0.0068442941
5   9   4   9   0.0029407847
5   9   5   9   0.0020449692
5   9   6   11   0.0041049473
5   9   7   7   0.0005852531
5   9   7   8   -0.0008601179
5   10   1   11   0.0106802071
5   10   2   7   0.0043341928
5   10   2   8   -0.0063697523
5   10   3   11   0.0314015056
5   10   4   10   0.0242384685
5   10   5   10   0.0168549986
5   10   6   7   0.0016813022
5   10   6   8   -0.0024709280
5   10   7   11   0.0053141352
5   11   1   10   -0.0015111326
5   11   2   9   -0.0041515966
5   11   3   10   0.0013556520
5   11   4   11   0.0527982336
5   11   4   12   -0.0310429441
5   11   5   11   0.0310429441
5   11   5   12   -0.0134301578
5   11   6   9   -0.0038331806
5   11   7   10   -0.0040934512
5   12   1   10   -0.0010508146
5   12   2   9   -0.0028869462
5   12   3   10   0.0009426962
5   12   4   11   0.0310429441
5   12   4   12   0.0364850080
5   12   5   11   0.0297433835
5   12   5   12   0.0310429441
5   12   6   9   -0.0026655254
5   12   7   10   -0.0028465129
5   13   1   7   0.0064215704
5   13   1   8   -0.0094374695
5   13   2   11   0.0041049473
5   13   3   7   0.0072418805
5   13   3   8   -0.0106430394
5   13   4   9   -0.0262053382
5   13   5   9   -0.0182227246
5   13   6   11   0.0101275404
5   13   7   7   0.0087208076
5   13   7   8   -0.0128165467
5   14   1   11   0.0018866670
5   14   2   7   -0.0029493990
5   14   2   8   0.0043345882
5   14   3   11   0.0053141352
5   14   4   10   0.0283098121
5   14   5   10   0.0196861382
5   14   6   7   0.0020085927
5   14   6   8   -0.0029519309
5   14   7   11   0.0154639369
6   8   1   12   0.0143071322
6   8   2   7   -0.0089361068
6   8   2   8   -0.0060804264
6   8   3   12   0.0106802071
6   8   4   10   -0.0021489075
6   8   5   10   0.0030902540
6   8   6   7   -0.0030763058
6   8   6   8   -0.0020932215
6   8   7   12   0.0018866670
6   9   1   7   -0.0095439395
6   9   1   8   -0.0064940161
6   9   2   12   0.0132244651
6   9   3   7   -0.0068442941
6   9   3   8   -0.0046570870
6   9   4   9   -0.0020449692
6   9   5   9   0.0029407847
6   9   6   12   0.0041049473
6   9   7   7   -0.0008601179
6   9   7   8   -0.0005852531
6   10   1   12   0.0106802071
6   10   2   7   -0.0063697523
6   10   2   8   -0.0043341928
6   10   3   12   0.0314015056
6   10   4   10   -0.0168549986
6   10   5   10   0.0242384685
6   10   6   7   -0.0024709280
6   10   6   8   -0.0016813022
6   10   7   12   0.0053141352
6   11   1   10   0.0010508146
6   11   2   9   0.0028869462
6   11   3   10   -0.0009426962
6   11   4   11   -0.0310429441
6   11   4   12   0.0297433835
6   11   5   11   0.0364850080
6   11   5   12   -0.0310429441
6   11   6   9   0.0026655254
6   11   7   10   0.0028465129
6   12   1   10   -0.0015111326
6   12   2   9   -0.0041515966
6   12   3   10   0.0013556520
6   12   4   11   -0.0134301578
6   12   4   12   -0.0310429441
6   12   5   11   0.0310429441
6   12   5   12   0.0527982336
6   12   6   9   -0.0038331806
6   12   7   10   -0.0040934512
6   13   1   7   -0.0094374695
6   13   1   8   -0.0064215704
6   13   2   12   0.0041049473
6   13   3   7   -0.0106430394
6   13   3   8   -0.0072418805
6   13   4   9   0.0182227246
6   13   5   9   -0.0262053382
6   13   6   12   0.0101275404
6   13   7   7   -0.0128165467
6   13   7   8   -0.0087208076
6   14   1   12   0.0018866670
6   14   2   7   0.0043345882
6   14   2   8   0.0029493990
6   14   3   12   0.0053141352
6   14   4   10   -0.0196861382
6   14   5   10   0.0283098121
6   14   6   7   -0.0029519309
6   14   6   8   -0.0020085927
6   14   7   12   0.0154639369

1   8   8   1   -0.5832320706
1   8   9   5   -0.0473355183
1   8   9   6   0.0695667080
1   8   10   1   0.0039788605
1   8   11   3   0.0056916306
1   8   12   3   -0.0021794862
1   8   13   5   0.0021147124
1   8   13   6   -0.0031078900
1   8   14   1   -0.0015057997
1   9   8   5   -0.0473335330
1   9   8   6   0.0695637902
1   9   9   1   -0.5833269846
1   9   10   5   0.0029391137
1   9   10   6   -0.0043194724
1   9   11   4   0.0009019501
1   9   12   4   -0.0003453822
1   9   13   1   0.0033176400
1   9   14   5   -0.0007281321
1   9   14   6   0.0010701004
1   10   8   1   0.0039788605
1   10   9   5   0.0029914597
1   10   9   6   -0.0043964028
1   10   10   1   -0.5237912823
1   10   11   3   0.0211574658
1   10   12   3   -0.0081017915
1   10   13   5   -0.0026393927
1   10   13   6   0.0038789870
1   10   14   1   -0.0241542937
1   11   8   3   0.0056338196
1   11   9   4   0.0009109356
1   11   10   3   0.0212349462
1   11   11   1   -0.5054558585
1   11   11   2   0.0117336292
1   11   12   1   0.0117336292
1   11   12   2   0.0139792996
1   11   13   4   0.0026943723
1   11   14   3   -0.0064119660
1   12   8   3   -0.0021573487
1   12   9   4   -0.0003488230
1   12   10   3   -0.0081314609
1   12   11   1   0.0117336292
1   12   11   2   0.0121694098
1   12   12   1   -0.4793071491
1   12   12   2   -0.0117336292
1   12   13   4   -0.0010317513
1   12   14   3   0.0024553230
1   13   8   5   0.0020689438
1   13   8   6   -0.0030406261
1   13   9   1   0.0033176400
1   13   10   5   -0.0024931244
1   13   10   6   0.0036640237
1   13   11   4   0.0029721988
1   13   12   4   -0.0011381389
1   13   13   1   -0.4689746752
1   13   14   5   -0.0032810716
1   13   14   6   0.0048220312
1   14   8   1   -0.0015057997
1   14   9   5   -0.0006786865
1   14   9   6   0.0009974326
1   14   10   1   -0.0241542937
1   14   11   3   -0.0064617541
1   14   12   3   0.0024743882
1   14   13   5   -0.0030808439
1   14   13   6   0.0045277663
1   14   14   1   -0.4734007779
2   8   8   2   -0.5832320706
2   8   9   5   0.0695667080
2   8   9   6   0.0473355183
2   8   10   2   0.0039788605
2   8   11   3   -0.0021794862
2   8   12   3   -0.0056916306
2   8   13   5   -0.0031078900
2   8   13   6   -0.0021147124
2   8   14   2   -0.0015057997
2   9   8   5   0.0695637902
2   9   8   6   0.0473335330
2   9   9   2   -0.5833269846
2   9   10   5   -0.0043194724
2   9   10   6   -0.0029391137
2   9   11   4   -0.0003453822
2   9   12   4   -0.0009019501
2   9   13   2   0.0033176400
2   9   14   5   0.0010701004
2   9   14   6   0.0007281321
2   10   8   2   0.0039788605
2   10   9   5   -0.0043964028
2   10   9   6   -0.0029914597
2   10   10   2   -0.5237912823
2   10   11   3   -0.0081017915
2   10   12   3   -0.0211574658
2   10   13   5   0.0038789870
2   10   13   6   0.0026393927
2   10   14   2   -0.0241542937
2   11   8   3   -0.0021573487
2   11   9   4   -0.0003488230
2   11   10   3   -0.0081314609
2   11   11   1   0.0117336292
2   11   11   2   -0.4793071491
2   11   12   1   0.0121694098
2   11   12   2   -0.0117336292
2   11   13   4   -0.0010317513
2   11   14   3   0.0024553230
2   12   8   3   -0.0056338196
2   12   9   4   -0.0009109356
2   12   10   3   -0.0212349462
2   12   11   1   0.0139792996
2   12   11   2   -0.0117336292
2   12   12   1   -0.0117336292
2   12   12   2   -0.5054558585
2   12   13   4   -0.0026943723
2   12   14   3   0.0064119660
2   13   8   5   -0.0030406261
2   13   8   6   -0.0020689438
2   13   9   2   0.0033176400
2   13   10   5   0.0036640237
2   13   10   6   0.0024931244
2   13   11   4   -0.0011381389
2   13   12   4   -0.0029721988
2   13   13   2   -0.4689746752
2   13   14   5   0.0048220312
2   13   14   6   0.0032810716
2   14   8   2   -0.0015057997
2   14   9   5   0.0009974326
2   14   9   6   0.0006786865
2   14   10   2   -0.0241542937
2   14   11   3   0.0024743882
2   14   12   3   0.0064617541
2   14   13   5   0.0045277663
2   14   13   6   0.0030808439
2   14   14   2   -0.4734007779
3   8   8   3   -0.3822213447
3   8   9   4   -0.0672813402
3   8   10   3   0.0045101173
3   8   11   1   0.0056338196
3   8   11   2   -0.0021573487
3   8   12   1   -0.0021573487
3   8   12   2   -0.0056338196
3   8   13   4   -0.0030188849
3   8   14   3   0.0019450621
3   9   8   4   -0.0672805165
3   9   9   3   -0.3823168881
3   9   10   4   0.0053543641
3   9   11   5   0.0030372353
3   9   11   6   -0.0021120392
3   9   12   5   0.0021120392
3   9   12   6   0.0030372353
3   9   13   3   0.0006277886
3   9   14   4   0.0063764414
3   10   8   3   0.0045101173
3   10   9   4   0.0053524391
3   10   10   3   -0.3433451358
3   10   11   1   0.0212349462
3   10   11   2   -0.0081314609
3   10   12   1   -0.0081314609
3   10   12   2   -0.0212349462
3   10   13   4   -0.0302022798
3   10   14   3   -0.0026714551
3   11   8   1   0.0056916306
3   11   8   2   -0.0021794862
3   11   9   5   0.0029792845
3   11   9   6   -0.0020717413
3   11   10   1   0.0211574658
3   11   10   2   -0.0081017915
3   11   11   3   -0.3345671211
3   11   13   5   0.0081329384
3   11   13   6   -0.0056555003
3   11   14   1   -0.0064617541
3   11   14   2   0.0024743882
3   12   8   1   -0.0021794862
3   12   8   2   -0.0056916306
3   12   9   5   0.0020717413
3   12   9   6   0.0029792845
3   12   10   1   -0.0081017915
3   12   10   2   -0.0211574658
3   12   12   3   -0.3345671211
3   12   13   5   0.0056555003
3   12   13   6   0.0081329384
3   12   14   1   0.0024743882
3   12   14   2   0.0064617541
3   13   8   4   -0.0030612245
3   13   9   3   0.0006277886
3   13   10   4   -0.0302737889
3   13   11   5   0.0081694750
3   13   11   6   -0.0056809071
3   13   12   5   0.0056809071
3   13   12   6   0.0081694750
3   13   13   3   -0.3607113759
3   13   14   4   0.0990293582
3   14   8   3   0.0019450621
3   14   9   4   0.0063976456
3   14   10   3   -0.0026714551
3   14   11   1   -0.0064119660
3   14   11   2   0.0024553230
3   14   12   1   0.0024553230
3   14   12   2   0.0064119660
3   14   13   4   0.0990993755
3   14   14   3   -0.3619766429
4   8   8   4   -0.4631403114
4   8   9   3   -0.0672805165
4   8   10   4   -0.0007485382
4   8   11   5   -0.0024574741
4   8   11   6   0.0017088836
4   8   12   5   -0.0017088836
4   8   12   6   -0.0024574741
4   8   13   3   -0.0030612245
4   8   14   4   -0.0054722137
4   9   8   3   -0.0672813402
4   9   9   4   -0.4630765166
4   9   10   3   0.0053524391
4   9   11   1   0.0009109356
4   9   11   2   -0.0003488230
4   9   12   1   -0.0003488230
4   9   12   2   -0.0009109356
4   9   13   4   0.0044380958
4   9   14   3   0.0063976456
4   10   8   4   -0.0007485382
4   10   9   3   0.0053543641
4   10   10   4   -0.4456595932
4   10   11   5   -0.0200114088
4   10   11   6   0.0139155767
4   10   12   5   -0.0139155767
4   10   12   6   -0.0200114088
4   10   13   3   -0.0302737889
4   10   14   4   -0.0259659382
4   11   8   5   -0.0025025901
4   11   8   6   0.0017402565
4   11   9   1   0.0009019501
4   11   9   2   -0.0003453822
4   11   10   5   -0.0198751902
4   11   10   6   0.0138208526
4   11   11   4   -0.4075920429
4   11   13   1   0.0029721988
4   11   13   2   -0.0011381389
4   11   14   5   0.0016397135
4   11   14   6   -0.0011402275
4   12   8   5   -0.0017402565
4   12   8   6   -0.0025025901
4   12   9   1   -0.0003453822
4   12   9   2   -0.0009019501
4   12   10   5   -0.0138208526
4   12   10   6   -0.0198751902
4   12   12   4   -0.4075920429
4   12   13   1   -0.0011381389
4   12   13   2   -0.0029721988
4   12   14   5   0.0011402275
4   12   14   6   0.0016397135
4   13   8   3   -0.0030188849
4   13   9   4   0.0044380958
4   13   10   3   -0.0302022798
4   13   11   1   0.0026943723
4   13   11   2   -0.0010317513
4   13   12   1   -0.0010317513
4   13   12   2   -0.0026943723
4   13   13   4   -0.3909015122
4   13   14   3   0.0990993755
4   14   8   4   -0.0054722137
4   14   9   3   0.0063764414
4   14   10   4   -0.0259659382
4   14   11   5   0.0016358465
4   14   11   6   -0.0011375385
4   14   12   5   0.0011375385
4   14   12   6   0.0016358465
4   14   13   3   0.0990293582
4   14   14   4   -0.4016622196
5   8   8   5   -0.5697852464
5   8   9   1   -0.0473335330
5   8   9   2   0.0695637902
5   8   10   5   0.0008655178
5   8   11   4   -0.0025025901
5   8   12   4   -0.0017402565
5   8   13   1   0.0020689438
5   8   13   2   -0.0030406261
5   8   14   5   -0.0090195628
5   9   8   1   -0.0473355183
5   9   8   2   0.0695667080
5   9   9   5   -0.5697885417
5   9   10   1   0.0029914597
5   9   10   2   -0.0043964028
5   9   11   3   0.0029792845
5   9   12   3   0.0020717413
5   9   13   5   0.0083871414
5   9   14   1   -0.0006786865
5   9   14   2   0.0009974326
5   10   8   5   0.0008655178
5   10   9   1   0.0029391137
5   10   9   2   -0.0043194724
5   10   10   5   -0.5233300890
5   10   11   4   -0.0198751902
5   10   12   4   -0.0138208526
5   10   13   1   -0.0024931244
5   10   13   2   0.0036640237
5   10   14   5   -0.0399047307
5   11   8   4   -0.0024574741
5   11   9   3   0.0030372353
5   11   10   4   -0.0200114088
5   11   11   5   -0.4758097545
5   11   11   6   0.0153044053
5   11   12   5   -0.0153044053
5   11   12   6   -0.0058599552
5   11   13   3   0.0081694750
5   11   14   4   0.0016358465
5   12   8   4   -0.0017088836
5   12   9   3   0.0021120392
5   12   10   4   -0.0139155767
5   12   11   5   -0.0153044053
5   12   11   6   -0.0055062597
5   12   12   5   -0.4644435397
5   12   12   6   -0.0153044053
5   12   13   3   0.0056809071
5   12   14   4   0.0011375385
5   13   8   1   0.0021147124
5   13   8   2   -0.0031078900
5   13   9   5   0.0083871414
5   13   10   1   -0.0026393927
5   13   10   2   0.0038789870
5   13   11   3   0.0081329384
5   13   12   3   0.0056555003
5   13   13   5   -0.4140951377
5   13   14   1   -0.0030808439
5   13   14   2   0.0045277663
5   14   8   5   -0.0090195628
5   14   9   1   -0.0007281321
5   14   9   2   0.0010701004
5   14   10   5   -0.0399047307
5   14   11   4   0.0016397135
5   14   12   4   0.0011402275
5   14   13   1   -0.0032810716
5   14   13   2   0.0048220312
5   14   14   5   -0.4263572457
6   8   8   6   -0.5697852464
6   8   9   1   0.0695637902
6   8   9   2   0.0473335330
6   8   10   6   0.0008655178
6   8   11   4   0.0017402565
6   8   12   4   -0.0025025901
6   8   13   1   -0.0030406261
6   8   13   2   -0.0020689438
6   8   14   6   -0.0090195628
6   9   8   1   0.0695667080
6   9   8   2   0.0473355183
6   9   9   6   -0.5697885417
6   9   10   1   -0.0043964028
6   9   10   2   -0.0029914597
6   9   11   3   -0.0020717413
6   9   12   3   0.0029792845
6   9   13   6   0.0083871414
6   9   14   1   0.0009974326
6   9   14   2   0.0006786865
6   10   8   6   0.0008655178
6   10   9   1   -0.0043194724
6   10   9   2   -0.0029391137
6   10   10   6   -0.5233300890
6   10   11   4   0.0138208526
6   10   12   4   -0.0198751902
6   10   13   1   0.0036640237
6   10   13   2   0.0024931244
6   10   14   6   -0.0399047307
6   11   8   4   0.0017088836
6   11   9   3   -0.0021120392
6   11   10   4   0.0139155767
6   11   11   5   0.0153044053
6   11   11   6   -0.4644435397
6   11   12   5   -0.0055062597
6   11   12   6   0.0153044053
6   11   13   3   -0.0056809071
6   11   14   4   -0.0011375385
6   12   8   4   -0.0024574741
6   12   9   3   0.0030372353
6   12   10   4   -0.0200114088
6   12   11   5   -0.0058599552
6   12   11   6   0.0153044053
6   12   12   5   -0.0153044053
6   12   12   6   -0.4758097545
6   12   13   3   0.0081694750
6   12   14   4   0.0016358465
6   13   8   1   -0.0031078900
6   13   8   2   -0.0021147124
6   13   9   6   0.0083871414
6   13   10   1   0.0038789870
6   13   10   2   0.0026393927
6   13   11   3   -0.0056555003
6   13   12   3   0.0081329384
6   13   13   6   -0.4140951377
6   13   14   1   0.0045277663
6   13   14   2   0.0030808439
6   14   8   6   -0.0090195628
6   14   9   1   0.0010701004
6   14   9   2   0.0007281321
6   14   10   6   -0.0399047307
6   14   11   4   -0.0011402275
6   14   12   4   0.0016397135
6   14   13   1   0.0048220312
6   14   13   2   0.0032810716
6   14   14   6   -0.4263572457

End AIJB Block
Begin IJKA Block
1   8   1   10   0.0064514397
1   8   2   9   -0.0947399775
1   8   3   10   -0.0098108844
1   8   4   11   -0.0120953647
1   8   4   12   0.0084109008
1   8   5   11   -0.0084109008
1   8   5   12   -0.0120953647
1   8   6   9   0.0146255745
1   8   7   10   -0.0099103031
1   9   1   9   -0.1002610759
1   9   2   10   0.0222792820
1   9   3   9   0.0166248633
1   9   4   7   -0.0111854591
1   9   4   8   0.0042832283
1   9   5   7   0.0042832283
1   9   5   8   0.0111854591
1   9   6   10   0.0028159583
1   9   7   9   -0.0068165832
1   10   1   10   -0.1052896412
1   10   2   9   0.0675763748
1   10   3   10   -0.0042456550
1   10   4   11   -0.0098485357
1   10   4   12   0.0068484960
1   10   5   11   -0.0068484960
1   10   5   12   -0.0098485357
1   10   6   9   -0.0026622899
1   10   7   10   -0.0115202456
1   11   1   11   -0.1909473082
1   11   1   12   0.1327813513
1   11   2   7   -0.1518610255
1   11   2   8   0.0581518775
1   11   3   11   0.0005174686
1   11   3   12   -0.0003598384
1   11   4   10   0.0024372155
1   11   6   7   -0.0014874131
1   11   6   8   0.0005695725
1   11   7   11   -0.0076142547
1   11   7   12   0.0052948169
1   12   1   11   -0.1327813513
1   12   1   12   -0.1909473082
1   12   2   7   0.0581518775
1   12   2   8   0.1518610255
1   12   3   11   0.0003598384
1   12   3   12   0.0005174686
1   12   5   10   0.0024372155
1   12   6   7   0.0005695725
1   12   6   8   0.0014874131
1   12   7   11   -0.0052948169
1   12   7   12   -0.0076142547
1   13   1   9   0.1502855226
1   13   2   10   0.0221176763
1   13   3   9   -0.0057787710
1   13   4   7   -0.0127136026
1   13   4   8   0.0048683977
1   13   5   7   0.0048683977
1   13   5   8   0.0127136026
1   13   6   10   -0.0003304976
1   13   7   9   -0.0003936589
1   14   1   10   -0.1526624795
1   14   2   9   -0.0474435540
1   14   3   10   -0.0007099669
1   14   4   11   -0.0018607864
1   14   4   12   0.0012939577
1   14   5   11   -0.0012939577
1   14   5   12   -0.0018607864
1   14   6   9   -0.0011408297
1   14   7   10   -0.0074461909
2   8   1   9   -0.0947420285
2   8   2   10   0.0065932269
2   8   3   9   0.0169339147
2   8   4   7   -0.0103607697
2   8   4   8   0.0039674315
2   8   5   7   0.0039674315
2   8   5   8   0.0103607697
2   8   6   10   0.0035847465
2   8   7   9   -0.0063278214
2   9   1   10   0.0222713666
2   9   2   9   -0.1006896775
2   9   3   10   -0.0086810520
2   9   4   11   -0.0110184227
2   9   4   12   0.0076620146
2   9   5   11   -0.0076620146
2   9   5   12   -0.0110184227
2   9   6   9   0.0149496262
2   9   7   10   -0.0083636845
2   10   1   9   0.0675238033
2   10   2   10   -0.1051235715
2   10   3   9   -0.0052772225
2   10   4   7   -0.0081303454
2   10   4   8   0.0031133390
2   10   5   7   0.0031133390
2   10   5   8   0.0081303454
2   10   6   10   0.0079515265
2   10   7   9   -0.0000134828
2   11   1   7   -0.1517347524
2   11   1   8   0.0581035240
2   11   2   11   -0.1909589335
2   11   2   12   0.1327894353
2   11   3   7   0.0083355686
2   11   3   8   -0.0031919247
2   11   4   9   0.0056398534
2   11   6   11   0.0069608500
2   11   6   12   -0.0048404509
2   11   7   7   0.0060152872
2   11   7   8   -0.0023034234
2   12   1   7   0.0581035240
2   12   1   8   0.1517347524
2   12   2   11   -0.1327894353
2   12   2   12   -0.1909589335
2   12   3   7   -0.0031919247
2   12   3   8   -0.0083355686
2   12   5   9   0.0056398534
2   12   6   11   0.0048404509
2   12   6   12   0.0069608500
2   12   7   7   -0.0023034234
2   12   7   8   -0.0060152872
2   13   1   10   0.0220905777
2   13   2   9   0.1503624713
2   13   3   10   -0.0022163894
2   13   4   11   -0.0036528113
2   13   4   12   0.0025400998
2   13   5   11   -0.0025400998
2   13   5   12   -0.0036528113
2   13   6   9   -0.0026572900
2   13   7   10   -0.0008481980
2   14   1   9   -0.0474216413
2   14   2   10   -0.1525809910
2   14   3   9   0.0052487503
2   14   4   7   0.0057921956
2   14   4   8   -0.0022179953
2   14   5   7   -0.0022179953
2   14   5   8   -0.0057921956
2   14   6   10   0.0061785029
2   14   7   9   0.0042730637
3   8   1   10   -0.0096378526
3   8   2   9   0.0172847877
3   8   3   10   -0.0209578571
3   8   4   11   -0.0164923440
3   8   4   12   0.0114684818
3   8   5   11   -0.0114684818
3   8   5   12   -0.0164923440
3   8   6   9   -0.0019641056
3   8   7   10   -0.0105406903
3   9   1   9   0.0170054304
3   9   2   10   -0.0085458807
3   9   3   9   -0.0129185786
3   9   4   7   -0.0152243525
3   9   4   8   0.0058298347
3   9   5   7   0.0058298347
3   9   5   8   0.0152243525
3   9   6   10   0.0030361058
3   9   7   9   -0.0038644957
3   10   1   10   -0.0039978134
3   10   2   9   -0.0045900687
3   10   3   10   -0.0899432473
3   10   4   11   -0.0392822251
3   10   4   12   0.0273161585
3   10   5   11   -0.0273161585
3   10   5   12   -0.0392822251
3   10   6   9   0.0145716848
3   10   7   10   -0.0373901385
3   11   1   11   0.0007548699
3   11   1   12   -0.0005249230
3   11   2   7   0.0065276257
3   11   2   8   -0.0024996123
3   11   3   11   -0.1462401606
3   11   3   12   0.1016927985
3   11   4   10   0.0222746067
3   11   6   7   -0.0468339417
3   11   6   8   0.0179340396
3   11   7   11   -0.0334685435
3   11   7   12   0.0232734280
3   12   1   11   0.0005249230
3   12   1   12   0.0007548699
3   12   2   7   -0.0024996123
3   12   2   8   -0.0065276257
3   12   3   11   -0.1016927985
3   12   3   12   -0.1462401606
3   12   5   10   0.0222746067
3   12   6   7   0.0179340396
3   12   6   8   0.0468339417
3   12   7   11   -0.0232734280
3   12   7   12   -0.0334685435
3   13   1   9   -0.0056110100
3   13   2   10   -0.0018583081
3   13   3   9   0.1031124582
3   13   4   7   -0.0533025206
3   13   4   8   0.0204110412
3   13   5   7   0.0204110412
3   13   5   8   0.0533025206
3   13   6   10   -0.0004861835
3   13   7   9   0.0110764074
3   14   1   10   -0.0004915375
3   14   2   9   0.0046679929
3   14   3   10   -0.1278239953
3   14   4   11   -0.0202855023
3   14   4   12   0.0141061764
3   14   5   11   -0.0141061764
3   14   5   12   -0.0202855023
3   14   6   9   -0.0077635258
3   14   7   10   -0.0324962862
4   8   1   11   -0.0120903680
4   8   1   12   0.0084074262
4   8   2   7   -0.0112875335
4   8   2   8   0.0043223155
4   8   3   11   -0.0163328363
4   8   3   12   0.0113575630
4   8   4   10   -0.0061700358
4   8   6   7   -0.0086032765
4   8   6   8   0.0032944377
4   8   7   11   0.0030697671
4   8   7   12   -0.0021346613
4   9   1   7   -0.0120120864
4   9   1   8   0.0045997673
4   9   2   11   -0.0110556665
4   9   2   12   0.0076879132
4   9   3   7   -0.0153810335
4   9   3   8   0.0058898323
4   9   4   9   -0.0045149777
4   9   6   11   -0.0075276988
4   9   6   12   0.0052346274
4   9   7   7   0.0042348608
4   9   7   8   -0.0016216479
4   10   1   11   -0.0092841320
4   10   1   12   0.0064560197
4   10   2   7   -0.0088346765
4   10   2   8   0.0033830473
4   10   3   11   -0.0382530093
4   10   3   12   0.0266004601
4   10   4   10   -0.0326912884
4   10   6   7   -0.0232128215
4   10   6   8   0.0088888452
4   10   7   11   -0.0034518915
4   10   7   12   0.0024003838
4   11   1   10   0.0023135238
4   11   2   9   0.0052083481
4   11   3   10   0.0207917677
4   11   4   11   -0.0992683053
4   11   4   12   0.0690294084
4   11   5   11   -0.0025623354
4   11   5   12   -0.0036847874
4   11   6   9   0.0140499046
4   11   7   10   -0.0116082458
4   12   4   11   -0.0640332862
4   12   4   12   -0.0920835910
4   12   5   11   -0.0034999270
4   12   5   12   0.0024337868
4   13   1   7   -0.0121533818
4   13   1   8   0.0046538733
4   13   2   11   -0.0033208966
4   13   2   12   0.0023092923
4   13   3   7   -0.0513957037
4   13   3   8   0.0196808671
4   13   4   9   0.0867498488
4   13   6   11   -0.0019801454
4   13   6   12   0.0013769578
4   13   7   7   0.0317879004
4   13   7   8   -0.0121724852
4   14   1   11   -0.0018332169
4   14   1   12   0.0012747863
4   14   2   7   0.0057164208
4   14   2   8   -0.0021889791
4   14   3   11   -0.0194049312
4   14   3   12   0.0134938430
4   14   4   10   -0.0848705394
4   14   6   7   0.0297718202
4   14   6   8   -0.0114004712
4   14   7   11   0.0024150483
4   14   7   12   -0.0016793815
5   8   1   11   -0.0084074262
5   8   1   12   -0.0120903680
5   8   2   7   0.0043223155
5   8   2   8   0.0112875335
5   8   3   11   -0.0113575630
5   8   3   12   -0.0163328363
5   8   5   10   -0.0061700358
5   8   6   7   0.0032944377
5   8   6   8   0.0086032765
5   8   7   11   0.0021346613
5   8   7   12   0.0030697671
5   9   1   7   0.0045997673
5   9   1   8   0.0120120864
5   9   2   11   -0.0076879132
5   9   2   12   -0.0110556665
5   9   3   7   0.0058898323
5   9   3   8   0.0153810335
5   9   5   9   -0.0045149777
5   9   6   11   -0.0052346274
5   9   6   12   -0.0075276988
5   9   7   7   -0.0016216479
5   9   7   8   -0.0042348608
5   10   1   11   -0.0064560197
5   10   1   12   -0.0092841320
5   10   2   7   0.0033830473
5   10   2   8   0.0088346765
5   10   3   11   -0.0266004601
5   10   3   12   -0.0382530093
5   10   5   10   -0.0326912884
5   10   6   7   0.0088888452
5   10   6   8   0.0232128215
5   10   7   11   -0.0024003838
5   10   7   12   -0.0034518915
5   11   4   11   -0.0024337868
5   11   4   12   -0.0034999270
5   11   5   11   -0.0920835910
5   11   5   12   0.0640332862
5   12   1   10   0.0023135238
5   12   2   9   0.0052083481
5   12   3   10   0.0207917677
5   12   4   11   -0.0036847874
5   12   4   12   0.0025623354
5   12   5   11   -0.0690294084
5   12   5   12   -0.0992683053
5   12   6   9   0.0140499046
5   12   7   10   -0.0116082458
5   13   1   7   0.0046538733
5   13   1   8   0.0121533818
5   13   2   11   -0.0023092923
5   13   2   12   -0.0033208966
5   13   3   7   0.0196808671
5   13   3   8   0.0513957037
5   13   5   9   0.0867498488
5   13   6   11   -0.0013769578
5   13   6   12   -0.0019801454
5   13   7   7   -0.0121724852
5   13   7   8   -0.0317879004
5   14   1   11   -0.0012747863
5   14   1   12   -0.0018332169
5   14   2   7   -0.0021889791
5   14   2   8   -0.0057164208
5   14   3   11   -0.0134938430
5   14   3   12   -0.0194049312
5   14   5   10   -0.0848705394
5   14   6   7   -0.0114004712
5   14   6   8   -0.0297718202
5   14   7   11   0.0016793815
5   14   7   12   0.0024150483
6   8   1   9   0.0150301268
6   8   2   10   0.0037443813
6   8   3   9   -0.0021418428
6   8   4   7   -0.0085913419
6   8   4   8   0.0032898675
6   8   5   7   0.0032898675
6   8   5   8   0.0085913419
6   8   6   10   0.0056594371
6   8   7   9   -0.0013191452
6   9   1   10   0.0029666379
6   9   2   9   0.0153461398
6   9   3   10   0.0029707834
6   9   4   11   -0.0075333618
6   9   4   12   0.0052385654
6   9   5   11   -0.0052385654
6   9   5   12   -0.0075333618
6   9   6   9   -0.0021406185
6   9   7   10   -0.0115002617
6   10   1   9   -0.0026000927
6   10   2   10   0.0079715240
6   10   3   9   0.0141755776
6   10   4   7   -0.0239322773
6   10   4   8   0.0091643452
6   10   5   7   0.0091643452
6   10   5   8   0.0239322773
6   10   6   10   -0.0206541281
6   10   7   9   -0.0248594958
6   11   1   7   -0.0013356957
6   11   1   8   0.0005114756
6   11   2   11   0.0068246035
6   11   2   12   -0.0047457075
6   11   3   7   -0.0462849664
6   11   3   8   0.0177238214
6   11   4   9   0.0147554360
6   11   6   11   -0.0669379066
6   11   6   12   0.0465474260
6   11   7   7   0.1020242443
6   11   7   8   -0.0390679658
6   12   1   7   0.0005114756
6   12   1   8   0.0013356957
6   12   2   11   0.0047457075
6   12   2   12   0.0068246035
6   12   3   7   0.0177238214
6   12   3   8   0.0462849664
6   12   5   9   0.0147554360
6   12   6   11   -0.0465474260
6   12   6   12   -0.0669379066
6   12   7   7   -0.0390679658
6   12   7   8   -0.1020242443
6   13   1   10   -0.0002352239
6   13   2   9   -0.0029491358
6   13   3   10   -0.0004628299
6   13   4   11   -0.0015962868
6   13   4   12   0.0011100293
6   13   5   11   -0.0011100293
6   13   5   12   -0.0015962868
6   13   6   9   0.0707001118
6   13   7   10   0.0155266061
6   14   1   9   -0.0008852681
6   14   2   10   0.0060226658
6   14   3   9   -0.0077555925
6   14   4   7   0.0289928856
6   14   4   8   -0.0111021951
6   14   5   7   -0.0111021951
6   14   5   8   -0.0289928856
6   14   6   10   -0.0447992058
6   14   7   9   0.0143500180
7   8   1   10   -0.0098404171
7   8   2   9   -0.0067952025
7   8   3   10   -0.0104340676
7   8   4   11   0.0030569382
7   8   4   12   -0.0021257403
7   8   5   11   0.0021257403
7   8   5   12   0.0030569382
7   8   6   9   -0.0012944136
7   8   7   10   0.0009576828
7   9   1   9   -0.0072504725
7   9   2   10   -0.0083309748
7   9   3   9   -0.0038404761
7   9   4   7   0.0041759828
7   9   4   8   -0.0015991018
7   9   5   7   -0.0015991018
7   9   5   8   -0.0041759828
7   9   6   10   -0.0114996877
7   9   7   9   -0.0027561937
7   10   1   10   -0.0111954758
7   10   2   9   -0.0000758571
7   10   3   10   -0.0373636748
7   10   4   11   -0.0039043319
7   10   4   12   0.0027150028
7   10   5   11   -0.0027150028
7   10   5   12   -0.0039043319
7   10   6   9   -0.0245994519
7   10   7   10   -0.0392498336
7   11   1   11   -0.0073922507
7   11   1   12   0.0051404392
7   11   2   7   0.0054929211
7   11   2   8   -0.0021033947
7   11   3   11   -0.0332167254
7   11   3   12   0.0230983182
7   11   4   10   -0.0125327034
7   11   6   7   0.1011716486
7   11   6   8   -0.0387414828
7   11   7   11   -0.0782334275
7   11   7   12   0.0544021297
7   12   1   11   -0.0051404392
7   12   1   12   -0.0073922507
7   12   2   7   -0.0021033947
7   12   2   8   -0.0054929211
7   12   3   11   -0.0230983182
7   12   3   12   -0.0332167254
7   12   5   10   -0.0125327034
7   12   6   7   -0.0387414828
7   12   6   8   -0.1011716486
7   12   7   11   -0.0544021297
7   12   7   12   -0.0782334275
7   13   1   9   -0.0001938078
7   13   2   10   -0.0008244454
7   13   3   9   0.0109760511
7   13   4   7   0.0314905071
7   13   4   8   -0.0120586049
7   13   5   7   -0.0120586049
7   13   5   8   -0.0314905071
7   13   6   10   0.0147563897
7   13   7   9   0.0736041903
7   14   1   10   -0.0071243358
7   14   2   9   0.0039573492
7   14   3   10   -0.0315378854
7   14   4   11   0.0032925252
7   14   4   12   -0.0022895633
7   14   5   11   0.0022895633
7   14   5   12   0.0032925252
7   14   6   9   0.0142822926
7   14   7   10   -0.0567134609

End IJKA Block
Begin IABC Block
1   7   1   10   0.0008485823
1   7   3   11   -0.0009904632
1   7   3   12   0.0014556356
1   7   4   7   0.0000565958
1   7   5   9   0.0029427788
1   7   6   9   -0.0043248589
1   8   2   10   0.0008485823
1   8   3   11   0.0014556356
1   8   3   12   0.0009904632
1   8   4   8   0.0000565958
1   8   5   9   -0.0043248589
1   8   6   9   -0.0029427788
1   9   1   11   0.0016799080
1   9   1   12   -0.0024688791
1   9   2   11   -0.0024688791
1   9   2   12   -0.0016799080
1   9   3   10   0.0008951704
1   9   4   9   0.0013879367
1   9   5   7   0.0029185802
1   9   5   8   -0.0042892953
1   9   6   7   -0.0042892953
1   9   6   8   -0.0029185802
1   10   1   7   0.0008585034
1   10   2   8   0.0008585034
1   10   3   9   0.0008984427
1   10   4   10   -0.0027216101
1   10   5   11   -0.0026095588
1   10   6   12   -0.0026095588
1   11   1   9   0.0017006230
1   11   2   9   -0.0024993229
1   11   3   7   -0.0009860663
1   11   3   8   0.0014491737
1   11   4   11   -0.0036486414
1   11   5   10   -0.0025965381
1   12   1   9   -0.0024993229
1   12   2   9   -0.0017006230
1   12   3   7   0.0014491737
1   12   3   8   0.0009860663
1   12   4   12   -0.0036486414
1   12   6   10   -0.0025965381
2   7   1   9   0.0046242514
2   7   3   7   -0.0015733005
2   7   4   11   0.0002617141
2   7   4   12   -0.0003846285
2   7   5   10   0.0004197106
2   7   6   10   -0.0006168283
2   8   2   9   0.0046242514
2   8   3   8   -0.0015733005
2   8   4   11   -0.0003846285
2   8   4   12   -0.0002617141
2   8   5   10   -0.0006168283
2   8   6   10   -0.0004197106
2   9   1   7   0.0046497660
2   9   2   8   0.0046497660
2   9   3   9   -0.0007176561
2   9   4   10   0.0034590547
2   9   5   11   0.0032670466
2   9   6   12   0.0032670466
2   10   1   11   -0.0010373990
2   10   1   12   0.0015246149
2   10   2   11   0.0015246149
2   10   2   12   0.0010373990
2   10   3   10   -0.0019271265
2   10   4   9   0.0034564461
2   10   5   7   0.0004244110
2   10   5   8   -0.0006237362
2   10   6   7   -0.0006237362
2   10   6   8   -0.0004244110
2   11   1   10   -0.0010272520
2   11   2   10   0.0015097023
2   11   3   11   -0.0035498739
2   11   4   7   0.0002657586
2   11   4   8   -0.0003905725
2   11   5   9   0.0032575399
2   12   1   10   0.0015097023
2   12   2   10   0.0010272520
2   12   3   12   -0.0035498739
2   12   4   7   -0.0003905725
2   12   4   8   -0.0002657586
2   12   6   9   0.0032575399
3   7   1   10   0.0019354565
3   7   3   11   0.0043427730
3   7   3   12   -0.0063823621
3   7   4   7   -0.0154845834
3   7   5   9   0.0057472527
3   7   6   9   -0.0084464577
3   8   2   10   0.0019354565
3   8   3   11   -0.0063823621
3   8   3   12   -0.0043427730
3   8   4   8   -0.0154845834
3   8   5   9   -0.0084464577
3   8   6   9   -0.0057472527
3   9   1   11   0.0038541226
3   9   1   12   -0.0056642165
3   9   2   11   -0.0056642165
3   9   2   12   -0.0038541226
3   9   3   10   0.0047375943
3   9   4   9   -0.0112702938
3   9   5   7   0.0053917200
3   9   5   8   -0.0079239485
3   9   6   7   -0.0079239485
3   9   6   8   -0.0053917200
3   10   1   7   0.0024844024
3   10   2   8   0.0024844024
3   10   3   9   0.0048072251
3   10   4   10   -0.0162550889
3   10   5   11   -0.0044146571
3   10   6   12   -0.0044146571
3   11   1   9   0.0041236220
3   11   2   9   -0.0060602866
3   11   3   7   0.0041487991
3   11   3   8   -0.0060972881
3   11   4   11   -0.0188622766
3   11   5   10   -0.0046311105
3   12   1   9   -0.0060602866
3   12   2   9   -0.0041236220
3   12   3   7   -0.0060972881
3   12   3   8   -0.0041487991
3   12   4   12   -0.0188622766
3   12   6   10   -0.0046311105
4   7   1   11   -0.0020904564
4   7   1   12   0.0029101244
4   7   2   11   0.0007918217
4   7   2   12   -0.0009557861
4   7   3   10   -0.0042919749
4   7   4   9   -0.0071352561
4   7   5   7   -0.0559603398
4   7   5   8   0.0005725590
4   7   6   7   0.0395846266
4   7   6   8   -0.0001412832
4   8   1   11   0.0026930192
4   8   1   12   0.0017782465
4   8   2   11   -0.0012679960
4   8   2   12   -0.0005747165
4   8   3   10   0.0016435185
4   8   4   9   0.0027322912
4   8   5   7   0.0010324632
4   8   5   8   -0.0555815371
4   8   6   7   0.0005200859
4   8   6   8   0.0379796044
4   9   1   10   -0.0477940542
4   9   2   10   0.0183016938
4   9   3   11   -0.0021678009
4   9   3   12   0.0015074501
4   9   4   7   -0.0073081410
4   9   4   8   0.0027984937
4   9   5   9   -0.0221520736
4   9   6   9   0.0154041567
4   10   1   9   -0.0478438921
4   10   2   9   0.0183207781
4   10   3   7   -0.0046185651
4   10   3   8   0.0017685791
4   10   4   11   0.0092758846
4   10   4   12   -0.0064502846
4   10   5   10   -0.0319770520
4   10   6   10   0.0222362714
4   11   1   7   -0.0032526264
4   11   1   8   0.0034917113
4   11   2   7   0.0017677983
4   11   2   8   -0.0020113248
4   11   3   9   -0.0021686594
4   11   4   10   0.0090915975
4   11   5   11   -0.0483502715
4   11   5   12   -0.0010031969
4   11   6   11   0.0355328344
4   11   6   12   0.0013053562
4   12   1   7   0.0044599837
4   12   1   8   0.0018601944
4   12   2   7   -0.0006188928
4   12   2   8   -0.0007995259
4   12   3   9   0.0015080470
4   12   4   10   -0.0063221347
4   12   5   11   -0.0009077214
4   12   5   12   -0.0510982831
4   12   6   11   0.0014426554
4   12   6   12   0.0336219161
5   7   1   11   0.0005747165
5   7   1   12   -0.0012679960
5   7   2   11   0.0017782465
5   7   2   12   -0.0026930192
5   7   3   10   0.0016435185
5   7   4   9   0.0027322912
5   7   5   7   -0.0379796044
5   7   5   8   0.0005200859
5   7   6   7   -0.0555815371
5   7   6   8   -0.0010324632
5   8   1   11   -0.0009557861
5   8   1   12   -0.0007918217
5   8   2   11   -0.0029101244
5   8   2   12   -0.0020904564
5   8   3   10   0.0042919749
5   8   4   9   0.0071352561
5   8   5   7   -0.0001412832
5   8   5   8   -0.0395846266
5   8   6   7   -0.0005725590
5   8   6   8   -0.0559603398
5   9   1   10   0.0183016938
5   9   2   10   0.0477940542
5   9   3   11   -0.0015074501
5   9   3   12   -0.0021678009
5   9   4   7   0.0027984937
5   9   4   8   0.0073081410
5   9   5   9   -0.0154041567
5   9   6   9   -0.0221520736
5   10   1   9   0.0183207781
5   10   2   9   0.0478438921
5   10   3   7   0.0017685791
5   10   3   8   0.0046185651
5   10   4   11   0.0064502846
5   10   4   12   0.0092758846
5   10   5   10   -0.0222362714
5   10   6   10   -0.0319770520
5   11   1   7   0.0007995259
5   11   1   8   -0.0006188928
5   11   2   7   0.0018601944
5   11   2   8   -0.0044599837
5   11   3   9   -0.0015080470
5   11   4   10   0.0063221347
5   11   5   11   -0.0336219161
5   11   5   12   0.0014426554
5   11   6   11   -0.0510982831
5   11   6   12   0.0009077214
5   12   1   7   -0.0020113248
5   12   1   8   -0.0017677983
5   12   2   7   -0.0034917113
5   12   2   8   -0.0032526264
5   12   3   9   -0.0021686594
5   12   4   10   0.0090915975
5   12   5   11   0.0013053562
5   12   5   12   -0.0355328344
5   12   6   11   0.0010031969
5   12   6   12   -0.0483502715
6   7   1   9   0.0120098156
6   7   3   7   0.0582168139
6   7   4   11   0.0076812038
6   7   4   12   -0.0112886915
6   7   5   10   0.0027055917
6   7   6   10   -0.0039762765
6   8   2   9   0.0120098156
6   8   3   8   0.0582168139
6   8   4   11   -0.0112886915
6   8   4   12   -0.0076812038
6   8   5   10   -0.0039762765
6   8   6   10   -0.0027055917
6   9   1   7   0.0130737967
6   9   2   8   0.0130737967
6   9   3   9   -0.0013787981
6   9   4   10   -0.0335857237
6   9   5   11   0.0003700061
6   9   6   12   0.0003700061
6   10   1   11   -0.0037982001
6   10   1   12   0.0055820299
6   10   2   11   0.0055820299
6   10   2   12   0.0037982001
6   10   3   10   0.0199851111
6   10   4   9   -0.0338694666
6   10   5   7   0.0024662622
6   10   5   8   -0.0036245456
6   10   6   7   -0.0036245456
6   10   6   8   -0.0024662622
6   11   1   10   -0.0033563353
6   11   2   10   0.0049326427
6   11   3   11   0.0514085584
6   11   4   7   0.0074653825
6   11   4   8   -0.0109715094
6   11   5   9   -0.0001708525
6   12   1   10   0.0049326427
6   12   2   10   0.0033563353
6   12   3   12   0.0514085584
6   12   4   7   -0.0109715094
6   12   4   8   -0.0074653825
6   12   6   9   -0.0001708525
7   7   1   10   0.0009448330
7   7   3   11   -0.0086037814
7   7   3   12   0.0126445589
7   7   4   7   -0.0434115332
7   7   5   9   -0.0019131616
7   7   6   9   0.0028116805
7   8   2   10   0.0009448330
7   8   3   11   0.0126445589
7   8   3   12   0.0086037814
7   8   4   8   -0.0434115332
7   8   5   9   0.0028116805
7   8   6   9   0.0019131616
7   9   1   11   -0.0055421279
7   9   1   12   0.0081449957
7   9   2   11   0.0081449957
7   9   2   12   0.0055421279
7   9   3   10   0.0260785658
7   9   4   9   0.0094115177
7   9   5   7   -0.0011214126
7   9   5   8   0.0016480856
7   9   6   7   0.0016480856
7   9   6   8   0.0011214126
7   10   1   7   0.0009142258
7   10   2   8   0.0009142258
7   10   3   9   0.0262627952
7   10   4   10   -0.0199807065
7   10   5   11   -0.0088667471
7   10   6   12   -0.0088667471
7   11   1   9   -0.0057443575
7   11   2   9   0.0084422027
7   11   3   7   -0.0078599228
7   11   3   8   0.0115513461
7   11   4   11   -0.0517873141
7   11   5   10   -0.0081748574
7   12   1   9   0.0084422027
7   12   2   9   0.0057443575
7   12   3   7   0.0115513461
7   12   3   8   0.0078599228
7   12   4   12   -0.0517873141
7   12   6   10   -0.0081748574

End IABC Block
