Begin IJ Block
1   1   -2.8710090806
2   2   -2.7483357611
3   3   -2.7483357611

End IJ Block
Begin IA Block
1   3   -0.0000000000
2   1   0.0000000000
2   2   0.0000000000
3   1   -0.0000000000
3   2   0.0000000000

End IA Block
Begin AB Block
1   1   -2.5078816827
2   2   -2.5078816827
3   3   -2.3334579435

End AB Block
Begin IJKL Block
1   4   1   4   0.5029235041
1   4   2   5   0.0149859855
1   4   3   6   0.0149859855
1   5   1   5   0.4553920779
1   5   2   4   0.0166918547
1   6   1   6   0.4553920779
1   6   3   4   0.0166918547
2   4   1   5   0.0166918547
2   4   2   4   0.4553920779
2   5   1   4   0.0149859855
2   5   2   5   0.4762551093
2   5   3   6   0.0127940584
2   6   2   6   0.4488692266
2   6   3   5   0.0145918243
3   4   1   6   0.0166918547
3   4   3   4   0.4553920779
3   5   2   6   0.0145918243
3   5   3   5   0.4488692266
3   6   1   4   0.0149859855
3   6   2   5   0.0127940584
3   6   3   6   0.4762551093

End IJKL Block
Begin IJAB Block
1   4   1   4   0.0220673734
1   4   2   5   0.0220673734
1   4   3   6   0.1223198614
1   5   1   6   -0.0091223794
1   5   2   6   -0.0053072486
1   5   3   4   -0.0946157377
1   5   3   5   -0.0550458631
1   6   1   6   0.0053072486
1   6   2   6   -0.0091223794
1   6   3   4   0.0550458631
1   6   3   5   -0.0946157377
2   4   1   6   -0.0946157377
2   4   2   6   -0.0550458631
2   4   3   4   -0.0091223794
2   4   3   5   -0.0053072486
2   5   1   4   0.1309872161
2   5   1   5   0.0658967237
2   5   2   4   0.0658967237
2   5   2   5   0.0560580640
2   5   3   6   0.0228278123
2   6   1   4   -0.0658967237
2   6   1   5   0.0947689628
2   6   2   4   -0.0198398107
2   6   2   5   0.0658967237
3   4   1   6   0.0550458631
3   4   2   6   -0.0946157377
3   4   3   4   0.0053072486
3   4   3   5   -0.0091223794
3   5   1   4   -0.0658967237
3   5   1   5   -0.0198398107
3   5   2   4   0.0947689628
3   5   2   5   0.0658967237
3   6   1   4   0.0560580640
3   6   1   5   -0.0658967237
3   6   2   4   -0.0658967237
3   6   2   5   0.1309872161
3   6   3   6   0.0228278123

End IJAB Block
Begin ABCD Block
1   4   1   4   0.4606634516
1   4   2   5   0.0117593264
1   4   3   6   0.0178485558
1   5   1   5   0.4315794100
1   5   2   4   0.0173247152
1   6   1   6   0.4291946021
1   6   3   4   0.0188769990
2   4   1   5   0.0173247152
2   4   2   4   0.4315794100
2   5   1   4   0.0117593264
2   5   2   5   0.4606634516
2   5   3   6   0.0178485558
2   6   2   6   0.4291946021
2   6   3   5   0.0188769990
3   4   1   6   0.0188769990
3   4   3   4   0.4291946021
3   5   2   6   0.0188769990
3   5   3   5   0.4291946021
3   6   1   4   0.0178485558
3   6   2   5   0.0178485558
3   6   3   6   0.4608083002

End ABCD Block
Begin AIJB Block
1   4   1   4   0.0252226331
1   4   2   6   -0.0973201818
1   4   3   6   0.0566192637
1   5   1   6   -0.0075896951
1   5   2   4   0.1329876462
1   5   2   5   0.0667913638
1   5   3   4   -0.0667913638
1   5   3   5   -0.0212044801
1   6   1   6   0.0044155584
1   6   2   4   -0.0667913638
1   6   2   5   0.0971509002
1   6   3   4   0.0570412261
1   6   3   5   -0.0667913638
2   4   1   5   0.0252226331
2   4   2   6   -0.0566192637
2   4   3   6   -0.0973201818
2   5   1   6   -0.0044155584
2   5   2   4   0.0667913638
2   5   2   5   0.0570412261
2   5   3   4   0.0971509002
2   5   3   5   0.0667913638
2   6   1   6   -0.0075896951
2   6   2   4   -0.0212044801
2   6   2   5   0.0667913638
2   6   3   4   -0.0667913638
2   6   3   5   0.1329876462
3   4   1   6   0.1256043062
3   4   2   4   -0.0075896951
3   4   2   5   -0.0044155584
3   4   3   4   0.0044155584
3   4   3   5   -0.0075896951
3   5   1   4   -0.0973201818
3   5   1   5   -0.0566192637
3   5   2   6   0.0243971475
3   6   1   4   0.0566192637
3   6   1   5   -0.0973201818
3   6   3   6   0.0243971475

1   4   4   1   -0.4578569747
1   4   5   3   0.0108584469
1   4   6   3   -0.0063172639
1   5   4   3   0.0115491939
1   5   5   1   -0.4703779289
1   5   5   2   -0.0162891035
1   5   6   1   0.0162891035
1   5   6   2   -0.0107540036
1   6   4   3   -0.0067191290
1   6   5   1   0.0162891035
1   6   5   2   -0.0077678386
1   6   6   1   -0.4518560867
1   6   6   2   0.0162891035
2   4   4   2   -0.4578569747
2   4   5   3   0.0063172639
2   4   6   3   0.0108584469
2   5   4   3   0.0067191290
2   5   5   1   -0.0162891035
2   5   5   2   -0.4518560867
2   5   6   1   -0.0077678386
2   5   6   2   -0.0162891035
2   6   4   3   0.0115491939
2   6   5   1   -0.0107540036
2   6   5   2   -0.0162891035
2   6   6   1   0.0162891035
2   6   6   2   -0.4703779289
3   4   4   3   -0.4810050250
3   4   5   1   0.0115491939
3   4   5   2   0.0067191290
3   4   6   1   -0.0067191290
3   4   6   2   0.0115491939
3   5   4   1   0.0108584469
3   5   4   2   0.0063172639
3   5   5   3   -0.4497386044
3   6   4   1   -0.0063172639
3   6   4   2   0.0108584469
3   6   6   3   -0.4497386044

End AIJB Block
Begin IJKA Block
2   4   2   6   0.0000000000
2   5   2   4   -0.0000000000
2   5   2   5   -0.0000000000
2   6   2   4   0.0000000000
2   6   2   5   -0.0000000000
3   4   3   6   0.0000000000
3   5   3   4   -0.0000000000
3   5   3   5   -0.0000000000
3   6   3   4   0.0000000000
3   6   3   5   -0.0000000000

End IJKA Block
Begin IABC Block
2   4   1   4   0.0000000000
2   5   1   5   0.0000000000
3   4   2   4   0.0000000000
3   5   2   5   0.0000000000

End IABC Block
