Begin IJ Block
1   1   -2.9617466723
2   2   -2.9771111287
3   3   -2.9771110084
4   4   -2.8205874954
5   5   -2.8205873530

End IJ Block
Begin IA Block
1   1   -0.0000000000
1   2   0.0000169128
2   3   0.0000000000
3   3   -0.0000012579

End IA Block
Begin AB Block
1   1   -2.4508703859
1   2   0.0000000000
2   2   -2.4507987447
3   3   -1.7100549515
4   4   -1.5656140064

End AB Block
Begin IJKL Block
1   6   1   6   0.3038605511
1   6   2   7   0.0034617020
1   6   2   8   -0.0000000000
1   6   3   7   -0.0000000000
1   6   3   8   0.0034643035
1   6   4   9   0.0830644593
1   6   5   10   0.0830630619
1   7   1   7   0.2740691739
1   7   2   6   0.0047329921
1   8   1   8   0.2740691567
1   8   3   6   0.0047329909
1   9   1   9   0.2971670887
1   9   1   10   0.0000000000
1   9   4   6   0.0830858742
1   9   5   6   0.0000000000
1   10   1   9   0.0000000000
1   10   1   10   0.2971638116
1   10   4   6   0.0000000000
1   10   5   6   0.0830826287
2   6   1   7   0.0047329921
2   6   2   6   0.2740691739
2   7   1   6   0.0034617020
2   7   2   7   0.2912749502
2   7   2   8   -0.0000000000
2   7   3   7   -0.0000000000
2   7   3   8   0.0101476996
2   7   4   9   0.0043509000
2   7   4   10   -0.0000000042
2   7   5   9   -0.0000000042
2   7   5   10   0.0028117291
2   8   1   6   -0.0000000000
2   8   2   7   -0.0000000000
2   8   2   8   0.2694821233
2   8   3   7   0.0116525111
2   8   3   8   -0.0000000000
2   8   4   9   0.0000000042
2   8   4   10   0.0007318737
2   8   5   9   0.0008033887
2   8   5   10   -0.0000000042
2   9   2   9   0.2708856753
2   9   2   10   0.0000000059
2   9   3   9   -0.0000000060
2   9   3   10   -0.0014502355
2   9   4   7   0.0056495212
2   9   4   8   0.0000000034
2   9   5   7   -0.0000000034
2   9   5   8   0.0006329722
2   10   2   9   0.0000000059
2   10   2   10   0.2730602203
2   10   3   9   -0.0007382749
2   10   3   10   0.0000000059
2   10   4   7   -0.0000000034
2   10   4   8   0.0006146157
2   10   5   7   0.0043943791
2   10   5   8   -0.0000000034
3   6   1   8   0.0047329909
3   6   3   6   0.2740691567
3   7   1   6   -0.0000000000
3   7   2   7   -0.0000000000
3   7   2   8   0.0116525111
3   7   3   7   0.2694821233
3   7   3   8   -0.0000000000
3   7   4   9   0.0000000042
3   7   4   10   0.0008033887
3   7   5   9   0.0007318737
3   7   5   10   -0.0000000042
3   8   1   6   0.0034643035
3   8   2   7   0.0101476996
3   8   2   8   -0.0000000000
3   8   3   7   -0.0000000000
3   8   3   8   0.2912958350
3   8   4   9   0.0028204785
3   8   4   10   0.0000000042
3   8   5   9   0.0000000042
3   8   5   10   0.0043485674
3   9   2   9   -0.0000000060
3   9   2   10   -0.0007382749
3   9   3   9   0.2730826481
3   9   3   10   -0.0000000059
3   9   4   7   0.0000000034
3   9   4   8   0.0044049587
3   9   5   7   0.0006146157
3   9   5   8   0.0000000034
3   10   2   9   -0.0014502355
3   10   2   10   0.0000000059
3   10   3   9   -0.0000000059
3   10   3   10   0.2708801581
3   10   4   7   0.0006329722
3   10   4   8   0.0000000034
3   10   5   7   -0.0000000034
3   10   5   8   0.0056449916
4   6   1   9   0.0830858742
4   6   1   10   0.0000000000
4   6   4   6   0.2971670887
4   6   5   6   0.0000000000
4   7   2   9   0.0056495212
4   7   2   10   -0.0000000034
4   7   3   9   0.0000000034
4   7   3   10   0.0006329722
4   7   4   7   0.2708856753
4   7   4   8   -0.0000000060
4   7   5   7   0.0000000059
4   7   5   8   -0.0014502355
4   8   2   9   0.0000000034
4   8   2   10   0.0006146157
4   8   3   9   0.0044049587
4   8   3   10   0.0000000034
4   8   4   7   -0.0000000060
4   8   4   8   0.2730826481
4   8   5   7   -0.0007382749
4   8   5   8   -0.0000000059
4   9   1   6   0.0830644593
4   9   2   7   0.0043509000
4   9   2   8   0.0000000042
4   9   3   7   0.0000000042
4   9   3   8   0.0028204785
4   9   4   9   0.3139767696
4   9   5   10   0.0199780409
4   10   2   7   -0.0000000042
4   10   2   8   0.0007318737
4   10   3   7   0.0008033887
4   10   3   8   0.0000000042
4   10   4   10   0.2722714371
4   10   5   9   0.0217247645
5   6   1   9   0.0000000000
5   6   1   10   0.0830826287
5   6   4   6   0.0000000000
5   6   5   6   0.2971638116
5   7   2   9   -0.0000000034
5   7   2   10   0.0043943791
5   7   3   9   0.0006146157
5   7   3   10   -0.0000000034
5   7   4   7   0.0000000059
5   7   4   8   -0.0007382749
5   7   5   7   0.2730602203
5   7   5   8   0.0000000059
5   8   2   9   0.0006329722
5   8   2   10   -0.0000000034
5   8   3   9   0.0000000034
5   8   3   10   0.0056449916
5   8   4   7   -0.0014502355
5   8   4   8   -0.0000000059
5   8   5   7   0.0000000059
5   8   5   8   0.2708801581
5   9   2   7   -0.0000000042
5   9   2   8   0.0008033887
5   9   3   7   0.0007318737
5   9   3   8   0.0000000042
5   9   4   10   0.0217247645
5   9   5   9   0.2722714371
5   10   1   6   0.0830630619
5   10   2   7   0.0028117291
5   10   2   8   -0.0000000042
5   10   3   7   -0.0000000042
5   10   3   8   0.0043485674
5   10   4   9   0.0199780409
5   10   5   10   0.3139734123

End IJKL Block
Begin IJAB Block
1   6   1   5   0.0361385222
1   6   2   6   0.0361394537
1   6   3   7   0.0024880083
1   6   4   8   0.0012740147
1   7   1   7   -0.0010006507
1   7   2   7   -0.0000000033
1   7   3   5   0.0011649224
1   7   3   6   0.0000000028
1   8   1   7   -0.0000000027
1   8   2   7   0.0011933699
1   8   3   5   0.0000000032
1   8   3   6   -0.0010550252
1   9   3   8   0.0015599846
1   9   4   7   0.0012609319
1   10   3   8   0.0000000005
1   10   4   7   0.0000000004
2   6   1   7   0.0011649224
2   6   2   7   0.0000000028
2   6   3   5   -0.0010006507
2   6   3   6   -0.0000000033
2   7   1   5   0.0049025605
2   7   1   6   0.0000000031
2   7   2   5   0.0000000031
2   7   2   6   0.0037655435
2   7   3   7   0.0074629374
2   7   4   8   0.0043474149
2   8   1   5   0.0000000031
2   8   1   6   -0.0001751017
2   8   2   5   -0.0009547160
2   8   2   6   -0.0000000031
2   8   3   7   -0.0000000005
2   8   4   8   -0.0000000115
2   9   1   8   0.0003425712
2   9   2   8   0.0000000077
2   9   4   5   0.0010580160
2   9   4   6   0.0000000156
2   10   1   8   0.0000000047
2   10   2   8   0.0009967644
2   10   4   5   0.0000000062
2   10   4   6   0.0029583924
3   6   1   7   0.0000000032
3   6   2   7   -0.0010550252
3   6   3   5   -0.0000000027
3   6   3   6   0.0011933699
3   7   1   5   0.0000000031
3   7   1   6   -0.0009547160
3   7   2   5   -0.0001751017
3   7   2   6   -0.0000000031
3   7   3   7   -0.0000000005
3   7   4   8   -0.0000000115
3   8   1   5   0.0037705802
3   8   1   6   -0.0000000031
3   8   2   5   -0.0000000031
3   8   2   6   0.0048966273
3   8   3   7   0.0076408022
3   8   4   8   0.0081162099
3   9   1   8   0.0000000006
3   9   2   8   -0.0026780074
3   9   4   5   0.0000000019
3   9   4   6   -0.0055550004
3   10   1   8   -0.0013781928
3   10   2   8   0.0000000026
3   10   4   5   -0.0015981465
3   10   4   6   0.0000000077
4   6   3   8   0.0012609319
4   6   4   7   0.0015599846
4   7   1   8   0.0010580160
4   7   2   8   0.0000000156
4   7   4   5   0.0003425712
4   7   4   6   0.0000000077
4   8   1   8   0.0000000019
4   8   2   8   -0.0055550004
4   8   4   5   0.0000000006
4   8   4   6   -0.0026780074
4   9   1   5   0.0361437504
4   9   1   6   -0.0000000001
4   9   2   5   -0.0000000001
4   9   2   6   0.0622079612
4   9   3   7   0.0019721618
4   9   4   8   0.0020341376
4   10   1   5   -0.0000000001
4   10   1   6   0.0358013542
4   10   2   5   -0.0097960220
4   10   2   6   0.0000000001
4   10   3   7   -0.0000000000
4   10   4   8   0.0000000004
5   6   3   8   0.0000000004
5   6   4   7   0.0000000005
5   7   1   8   0.0000000062
5   7   2   8   0.0029583924
5   7   4   5   0.0000000047
5   7   4   6   0.0009967644
5   8   1   8   -0.0015981465
5   8   2   8   0.0000000077
5   8   4   5   -0.0013781928
5   8   4   6   0.0000000026
5   9   1   5   -0.0000000001
5   9   1   6   -0.0097960220
5   9   2   5   0.0358013542
5   9   2   6   0.0000000001
5   9   3   7   -0.0000000000
5   9   4   8   0.0000000004
5   10   1   5   0.0621155562
5   10   1   6   0.0000000001
5   10   2   5   0.0000000001
5   10   2   6   0.0361674299
5   10   3   7   0.0020981039
5   10   4   8   0.0007112366

End IJAB Block
Begin ABCD Block
1   5   1   5   0.2818699933
1   5   2   6   0.0124413270
1   5   3   7   0.0016337243
1   5   4   8   0.0007773375
1   6   1   6   0.2567952423
1   6   2   5   0.0126334139
1   6   4   8   0.0000000003
1   7   1   7   0.1859418485
1   7   3   5   0.0018696550
1   8   1   8   0.1705298962
1   8   2   8   0.0000000036
1   8   4   5   0.0009196968
1   8   4   6   0.0000000004
2   5   1   6   0.0126334139
2   5   2   5   0.2567952423
2   5   4   8   0.0000000003
2   6   1   5   0.0124413270
2   6   2   6   0.2818699694
2   6   3   7   0.0016337276
2   6   4   8   0.0016930134
2   7   2   7   0.1859418604
2   7   3   6   0.0018696583
2   8   1   8   0.0000000036
2   8   2   8   0.1812497278
2   8   4   5   0.0000000004
2   8   4   6   0.0019642645
3   5   1   7   0.0018696550
3   5   3   5   0.1859418485
3   6   2   7   0.0018696583
3   6   3   6   0.1859418604
3   7   1   5   0.0016337243
3   7   2   6   0.0016337276
3   7   3   7   0.1714106734
3   7   4   8   0.0556876435
3   8   3   8   0.1673790695
3   8   4   7   0.0557159471
4   5   1   8   0.0009196968
4   5   2   8   0.0000000004
4   5   4   5   0.1705298962
4   5   4   6   0.0000000036
4   6   1   8   0.0000000004
4   6   2   8   0.0019642645
4   6   4   5   0.0000000036
4   6   4   6   0.1812497278
4   7   3   8   0.0557159471
4   7   4   7   0.1673790695
4   8   1   5   0.0007773375
4   8   1   6   0.0000000003
4   8   2   5   0.0000000003
4   8   2   6   0.0016930134
4   8   3   7   0.0556876435
4   8   4   8   0.1816491701

End ABCD Block
Begin AIJB Block
1   6   1   5   0.0342215744
1   6   2   7   0.0002722198
1   6   3   7   0.0000000007
1   7   1   7   -0.0014171789
1   7   2   5   0.0063640116
1   7   2   6   0.0000000057
1   7   3   5   0.0000000057
1   7   3   6   -0.0014927706
1   7   4   8   0.0013624975
1   7   5   8   0.0000000048
1   8   1   7   -0.0000000039
1   8   2   5   0.0000000057
1   8   2   6   -0.0005969966
1   8   3   5   0.0042650534
1   8   3   6   -0.0000000057
1   8   4   8   0.0000000027
1   8   5   8   -0.0011101450
1   9   2   8   0.0001638272
1   9   3   8   0.0000000002
1   9   4   5   0.0403946834
1   9   4   6   -0.0000000000
1   9   5   5   -0.0000000001
1   9   5   6   -0.0141601391
1   10   2   8   0.0000000020
1   10   3   8   -0.0005620873
1   10   4   5   -0.0000000001
1   10   4   6   0.0318902718
1   10   5   5   0.0581021247
1   10   5   6   0.0000000001
2   6   1   6   0.0342215722
2   6   2   7   0.0000000007
2   6   3   7   -0.0002674272
2   7   1   7   -0.0000000039
2   7   2   5   0.0000000057
2   7   2   6   0.0042613570
2   7   3   5   -0.0005969966
2   7   3   6   -0.0000000057
2   7   4   8   0.0000000151
2   7   5   8   0.0029154374
2   8   1   7   0.0014171789
2   8   2   5   -0.0014927706
2   8   2   6   -0.0000000057
2   8   3   5   -0.0000000057
2   8   3   6   0.0063419395
2   8   4   8   -0.0054018044
2   8   5   8   0.0000000074
2   9   2   8   0.0000000040
2   9   3   8   -0.0014131008
2   9   4   5   -0.0000000000
2   9   4   6   0.0581627683
2   9   5   5   0.0318902718
2   9   5   6   0.0000000001
2   10   2   8   0.0006920027
2   10   3   8   0.0000000018
2   10   4   5   -0.0141601391
2   10   4   6   0.0000000001
2   10   5   5   0.0000000001
2   10   5   6   0.0404099531
3   6   1   7   0.0023255269
3   6   2   5   -0.0014171789
3   6   2   6   -0.0000000039
3   6   3   5   -0.0000000039
3   6   3   6   0.0014171789
3   6   4   8   0.0014449345
3   6   5   8   0.0000000005
3   7   1   5   0.0002722198
3   7   1   6   0.0000000007
3   7   2   7   0.0062093650
3   8   1   5   0.0000000007
3   8   1   6   -0.0002674272
3   8   3   7   0.0062093683
3   9   1   8   0.0017091859
3   9   4   7   0.0020935560
3   10   1   8   0.0000000006
3   10   5   7   0.0020941258
4   6   1   8   0.0013129337
4   6   4   7   0.0017091859
4   6   5   7   0.0000000006
4   7   2   8   0.0036063427
4   7   3   8   -0.0000000097
4   7   4   5   0.0001638272
4   7   4   6   0.0000000040
4   7   5   5   0.0000000020
4   7   5   6   0.0006920027
4   8   2   8   -0.0000000097
4   8   3   8   0.0067905556
4   8   4   5   0.0000000002
4   8   4   6   -0.0014131008
4   8   5   5   -0.0005620873
4   8   5   6   0.0000000018
4   9   1   7   0.0014449345
4   9   2   5   0.0013624975
4   9   2   6   0.0000000151
4   9   3   5   0.0000000027
4   9   3   6   -0.0054018044
4   9   4   8   0.0022305159
4   9   5   8   0.0000000005
4   10   1   7   0.0000000005
4   10   2   5   0.0000000048
4   10   2   6   0.0029154374
4   10   3   5   -0.0011101450
4   10   3   6   0.0000000074
4   10   4   8   0.0000000005
4   10   5   8   0.0006699518

1   6   6   1   -0.2855083759
1   6   7   3   0.0003215718
1   6   8   3   0.0000000009
1   7   6   3   0.0002125789
1   7   7   1   -0.2678421473
1   7   7   2   -0.0000000160
1   7   8   1   -0.0000000160
1   7   8   2   0.0025174579
1   7   9   4   -0.0000937946
1   7   10   4   -0.0000000011
1   8   6   3   0.0000000006
1   8   7   1   -0.0000000160
1   8   7   2   0.0033688120
1   8   8   1   -0.2619442994
1   8   8   2   0.0000000160
1   8   9   4   -0.0000000000
1   8   10   4   0.0002916282
1   9   7   4   -0.0000576904
1   9   8   4   0.0000000001
1   9   9   1   -0.2703718451
1   9   9   2   0.0000000001
1   9   10   1   0.0000000001
1   9   10   2   -0.0137762562
1   10   7   4   -0.0000000013
1   10   8   4   0.0003454007
1   10   9   1   0.0000000001
1   10   9   2   -0.0130184872
1   10   10   1   -0.2971654168
1   10   10   2   -0.0000000001
2   6   6   2   -0.2855083666
2   6   7   3   0.0000000009
2   6   8   3   -0.0003264124
2   7   6   3   0.0000000006
2   7   7   1   -0.0000000160
2   7   7   2   -0.2619315450
2   7   8   1   0.0033688120
2   7   8   2   0.0000000160
2   7   9   4   -0.0000000030
2   7   10   4   -0.0006757219
2   8   6   3   -0.0002125792
2   8   7   1   0.0025174579
2   8   7   2   0.0000000160
2   8   8   1   0.0000000160
2   8   8   2   -0.2678062572
2   8   9   4   0.0010599433
2   8   10   4   -0.0000000018
2   9   7   4   -0.0000000033
2   9   8   4   0.0011628408
2   9   9   1   0.0000000001
2   9   9   2   -0.2971676733
2   9   10   1   -0.0130184872
2   9   10   2   -0.0000000001
2   10   7   4   -0.0007653010
2   10   8   4   -0.0000000021
2   10   9   1   -0.0137762562
2   10   9   2   -0.0000000001
2   10   10   1   -0.0000000001
2   10   10   2   -0.2703717797
3   6   6   3   -0.1901618340
3   6   7   1   0.0002125789
3   6   7   2   0.0000000006
3   6   8   1   0.0000000006
3   6   8   2   -0.0002125792
3   6   9   4   -0.0394331455
3   6   10   4   -0.0000000134
3   7   6   1   0.0003215718
3   7   6   2   0.0000000009
3   7   7   3   -0.1954751788
3   8   6   1   0.0000000009
3   8   6   2   -0.0003264124
3   8   8   3   -0.1954751940
3   9   6   4   -0.0394305188
3   9   9   3   -0.1898315105
3   10   6   4   -0.0000000134
3   10   10   3   -0.1898334387
4   6   6   4   -0.1778983888
4   6   9   3   -0.0394305188
4   6   10   3   -0.0000000134
4   7   7   4   -0.1787065136
4   7   8   4   0.0000000395
4   7   9   1   -0.0000576904
4   7   9   2   -0.0000000033
4   7   10   1   -0.0000000013
4   7   10   2   -0.0007653010
4   8   7   4   0.0000000395
4   8   8   4   -0.1916243217
4   8   9   1   0.0000000001
4   8   9   2   0.0011628408
4   8   10   1   0.0003454007
4   8   10   2   -0.0000000021
4   9   6   3   -0.0394331455
4   9   7   1   -0.0000937946
4   9   7   2   -0.0000000030
4   9   8   1   -0.0000000000
4   9   8   2   0.0010599433
4   9   9   4   -0.1867221461
4   9   10   4   -0.0000000057
4   10   6   3   -0.0000000134
4   10   7   1   -0.0000000011
4   10   7   2   -0.0006757219
4   10   8   1   0.0002916282
4   10   8   2   -0.0000000018
4   10   9   4   -0.0000000057
4   10   10   4   -0.1699799794

End AIJB Block
Begin IJKA Block
1   6   1   6   0.0000007716
1   6   2   7   -0.0000000000
1   6   3   7   0.0000156458
1   7   1   7   -0.0000000000
1   7   2   5   0.0000000045
1   7   2   6   0.0008383522
1   7   3   5   -0.0008310465
1   7   3   6   0.0000000046
1   7   4   8   0.0000000090
1   7   5   8   -0.0037633688
1   8   1   7   0.0000007275
1   8   2   5   -0.0008405826
1   8   2   6   0.0000000046
1   8   3   5   -0.0000000045
1   8   3   6   -0.0008478874
1   8   4   8   -0.0037763784
1   8   5   8   -0.0000000089
1   9   2   8   0.0000000013
1   9   3   8   -0.0005275896
1   9   4   5   -0.0000000003
1   9   4   6   0.0495907479
1   9   5   5   -0.0495611269
1   9   5   6   -0.0000000003
1   10   2   8   -0.0005486292
1   10   3   8   -0.0000000013
1   10   4   5   -0.0495434843
1   10   4   6   -0.0000000003
1   10   5   5   0.0000000003
1   10   5   6   -0.0495730841
2   6   2   5   -0.0000000085
2   6   2   6   -0.0015515221
2   6   3   5   0.0015682082
2   6   3   6   -0.0000000084
2   6   4   8   0.0000000018
2   6   5   8   -0.0007410119
2   7   1   5   0.0000000041
2   7   1   6   0.0007650945
2   7   2   7   0.0000000194
2   7   3   7   -0.0023731300
2   8   1   5   -0.0007595725
2   8   1   6   0.0000000041
2   8   2   7   -0.0023865767
2   8   3   7   -0.0000000195
2   9   1   8   0.0000000014
2   9   4   7   0.0000000004
2   9   5   7   -0.0000372476
2   10   1   8   -0.0005464465
2   10   4   7   0.0000107483
2   10   5   7   -0.0000000003
3   6   1   7   0.0000000551
3   6   2   5   0.0015549846
3   6   2   6   -0.0000000084
3   6   3   5   0.0000000085
3   6   3   6   0.0015383064
3   6   4   8   -0.0007395056
3   6   5   8   -0.0000000018
3   7   1   5   -0.0007607239
3   7   1   6   0.0000000041
3   7   2   7   -0.0023865565
3   7   3   7   -0.0000000195
3   8   1   5   -0.0000000041
3   8   1   6   -0.0007591690
3   8   2   7   -0.0000000195
3   8   3   7   0.0024139624
3   9   1   8   -0.0006009002
3   9   4   7   -0.0001253968
3   9   5   7   -0.0000000001
3   10   1   8   -0.0000000013
3   10   4   7   0.0000000000
3   10   5   7   0.0000773977
4   6   2   8   0.0000000016
4   6   3   8   -0.0006530907
4   6   4   5   -0.0000000001
4   6   4   6   0.0227200485
4   6   5   5   -0.0227214277
4   6   5   6   -0.0000000001
4   7   1   8   0.0000000091
4   7   4   7   -0.0000000022
4   7   5   7   0.0009471783
4   8   1   8   -0.0038282787
4   8   4   7   0.0008015858
4   8   5   7   0.0000000027
4   9   1   5   -0.0000000003
4   9   1   6   0.0506568201
4   9   2   7   -0.0000000001
4   9   3   7   0.0000393756
4   10   1   5   -0.0506134621
4   10   1   6   -0.0000000003
4   10   2   7   0.0000257747
4   10   3   7   0.0000000001
5   6   2   8   -0.0006744097
5   6   3   8   -0.0000000016
5   6   4   5   -0.0227196510
5   6   4   6   -0.0000000001
5   6   5   5   0.0000000001
5   6   5   6   -0.0227182777
5   7   1   8   -0.0037176814
5   7   4   7   0.0010534893
5   7   5   7   0.0000000024
5   8   1   8   -0.0000000088
5   8   4   7   0.0000000029
5   8   5   7   -0.0009079410
5   9   1   5   -0.0506292076
5   9   1   6   -0.0000000003
5   9   2   7   0.0000238458
5   9   3   7   0.0000000001
5   10   1   5   0.0000000003
5   10   1   6   -0.0506417253
5   10   2   7   0.0000000001
5   10   3   7   -0.0000171254

End IJKA Block
Begin IABC Block
1   5   1   5   0.0000000002
1   5   1   6   -0.0182703997
1   5   2   5   -0.0182703997
1   5   2   6   -0.0000000002
1   5   3   7   0.0000000001
1   5   4   8   -0.0000000006
1   6   1   5   -0.0182703988
1   6   1   6   -0.0000000002
1   6   2   5   -0.0000000002
1   6   2   6   0.0182703963
1   6   3   7   -0.0000786548
1   6   4   8   0.0008838729
1   7   2   7   -0.0000013471
1   7   3   6   0.0000000921
1   8   1   8   -0.0000000064
1   8   2   8   0.0093162935
1   8   4   5   -0.0000000007
1   8   4   6   0.0009918319
2   5   1   7   -0.0000000028
2   5   2   7   -0.0010513503
2   5   3   5   -0.0000000020
2   5   3   6   -0.0007301804
2   6   1   7   -0.0010963959
2   6   2   7   0.0000000027
2   6   3   5   -0.0008357359
2   6   3   6   0.0000000018
2   7   1   5   -0.0000000027
2   7   1   6   -0.0009954008
2   7   2   5   -0.0009971563
2   7   2   6   0.0000000027
2   7   4   8   -0.0000000099
2   8   3   8   -0.0000000118
2   8   4   7   -0.0000000099
3   5   1   7   0.0010327856
3   5   2   7   -0.0000000029
3   5   3   5   0.0007520701
3   5   3   6   -0.0000000020
3   6   1   7   -0.0000000030
3   6   2   7   -0.0009877445
3   6   3   5   -0.0000000023
3   6   3   6   -0.0006465541
3   7   1   5   0.0009953210
3   7   1   6   -0.0000000027
3   7   2   5   -0.0000000027
3   7   2   6   -0.0009890925
3   7   3   7   0.0000000018
3   7   4   8   0.0048775868
3   8   3   8   0.0057855032
3   8   4   7   0.0048588114
4   5   3   8   -0.0000000003
4   5   4   7   -0.0000000003
4   6   3   8   0.0010699208
4   6   4   7   0.0009447465
4   7   1   8   -0.0000000090
4   7   2   8   0.0261439273
4   7   4   5   -0.0000000003
4   7   4   6   0.0009974852
4   8   1   7   -0.0000000090
4   8   2   7   0.0260796766
4   8   3   5   -0.0000000004
4   8   3   6   0.0011604830
5   5   3   8   -0.0011279337
5   5   4   7   -0.0010053855
5   6   3   8   -0.0000000004
5   6   4   7   -0.0000000004
5   7   1   8   -0.0261453842
5   7   2   8   -0.0000000090
5   7   4   5   -0.0009670813
5   7   4   6   -0.0000000003
5   8   1   7   -0.0260929148
5   8   2   7   -0.0000000090
5   8   3   5   -0.0011380927
5   8   3   6   -0.0000000004

End IABC Block
