Begin IJ Block
1   1   -4.2445264094
1   2   -0.0000000001
1   3   -0.0911952685
2   2   -4.2446942020
2   3   0.0000000000
2   4   0.0000000000
3   3   -3.8000605533
4   4   -3.7858525028
5   5   -3.7858525028

End IJ Block
Begin IA Block
1   2   0.0000000000
1   3   0.0000000000
2   3   0.1301664805
3   1   0.0000000000
3   2   0.0000000000
3   3   0.0000000001
4   1   -0.0000000020
4   2   -0.0000000018
4   3   0.0000000000
5   1   -0.0000000018
5   2   0.0000000020

End IA Block
Begin AB Block
1   1   -3.6547499044
2   2   -3.6547499044
3   3   -3.7128644013

End AB Block
Begin IJKL Block
1   6   1   6   0.4186861602
1   6   1   7   -0.0000000000
1   6   1   8   0.0095938588
1   6   2   6   -0.0000000000
1   6   2   7   0.2591923574
1   6   3   6   0.0095938588
1   6   3   8   0.0652059849
1   6   4   9   0.0631399066
1   6   5   10   0.0631399066
1   7   1   6   -0.0000000000
1   7   1   7   0.4193017911
1   7   1   8   0.0000000000
1   7   2   6   0.2589079097
1   7   2   7   0.0000000001
1   7   2   8   -0.0241664265
1   7   3   6   0.0000000000
1   7   3   7   0.0038095217
1   7   3   8   -0.0000000000
1   7   3   9   -0.0000000000
1   7   4   8   -0.0000000000
1   7   4   9   0.0000000009
1   7   4   10   -0.0000000003
1   7   5   9   -0.0000000003
1   7   5   10   -0.0000000008
1   8   1   6   0.0095938588
1   8   1   7   0.0000000000
1   8   1   8   0.4133213366
1   8   2   6   0.0000000000
1   8   2   7   -0.0241490753
1   8   2   8   -0.0000000001
1   8   2   9   -0.0000000000
1   8   3   6   0.0665432080
1   8   3   7   -0.0000000000
1   8   3   8   0.0085299373
1   8   4   7   -0.0000000000
1   8   4   9   -0.0002718302
1   8   5   10   -0.0002718302
1   9   1   9   0.4129620468
1   9   2   8   -0.0000000000
1   9   2   9   0.0000000032
1   9   2   10   -0.0000000009
1   9   3   7   -0.0000000000
1   9   3   9   0.0080216866
1   9   4   6   0.0646716720
1   9   4   7   0.0000000008
1   9   4   8   -0.0002704972
1   9   5   7   -0.0000000002
1   10   1   10   0.4129620468
1   10   2   9   -0.0000000009
1   10   2   10   -0.0000000031
1   10   3   10   0.0080216866
1   10   4   7   -0.0000000002
1   10   5   6   0.0646716720
1   10   5   7   -0.0000000007
1   10   5   8   -0.0002704972
2   6   1   6   -0.0000000000
2   6   1   7   0.2589079097
2   6   1   8   0.0000000000
2   6   2   6   0.4193017911
2   6   2   7   0.0000000001
2   6   2   8   0.0038095217
2   6   3   6   0.0000000000
2   6   3   7   -0.0241664265
2   6   3   8   -0.0000000000
2   6   3   9   -0.0000000000
2   6   4   8   -0.0000000000
2   6   4   9   0.0000000009
2   6   4   10   -0.0000000003
2   6   5   9   -0.0000000003
2   6   5   10   -0.0000000008
2   7   1   6   0.2591923574
2   7   1   7   0.0000000001
2   7   1   8   -0.0241490753
2   7   2   6   0.0000000001
2   7   2   7   0.4212719881
2   7   2   8   -0.0000000000
2   7   3   6   -0.0241490753
2   7   3   7   -0.0000000000
2   7   3   8   0.0614181110
2   7   4   9   0.0614767325
2   7   5   10   0.0614767325
2   8   1   7   -0.0241664265
2   8   1   8   -0.0000000001
2   8   1   9   -0.0000000000
2   8   2   6   0.0038095217
2   8   2   7   -0.0000000000
2   8   2   8   0.4137053641
2   8   3   6   -0.0000000000
2   8   3   7   0.0622286747
2   8   3   8   0.0000000000
2   8   4   6   -0.0000000000
2   8   4   9   -0.0000000000
2   8   4   10   0.0000000000
2   8   5   9   0.0000000000
2   8   5   10   0.0000000000
2   9   1   8   -0.0000000000
2   9   1   9   0.0000000032
2   9   1   10   -0.0000000009
2   9   2   9   0.4138454323
2   9   3   6   -0.0000000000
2   9   3   9   -0.0000000003
2   9   3   10   0.0000000001
2   9   4   6   0.0000000008
2   9   4   7   0.0621201764
2   9   4   8   -0.0000000000
2   9   5   6   -0.0000000002
2   9   5   8   0.0000000000
2   10   1   9   -0.0000000009
2   10   1   10   -0.0000000031
2   10   2   10   0.4138454323
2   10   3   9   0.0000000001
2   10   3   10   0.0000000003
2   10   4   6   -0.0000000002
2   10   4   8   0.0000000000
2   10   5   6   -0.0000000007
2   10   5   7   0.0621201764
2   10   5   8   0.0000000000
3   6   1   6   0.0095938588
3   6   1   7   0.0000000000
3   6   1   8   0.0665432080
3   6   2   6   0.0000000000
3   6   2   7   -0.0241490753
3   6   2   8   -0.0000000000
3   6   2   9   -0.0000000000
3   6   3   6   0.4133213366
3   6   3   7   -0.0000000001
3   6   3   8   0.0085299373
3   6   4   7   -0.0000000000
3   6   4   9   -0.0002718302
3   6   5   10   -0.0002718302
3   7   1   7   0.0038095217
3   7   1   8   -0.0000000000
3   7   1   9   -0.0000000000
3   7   2   6   -0.0241664265
3   7   2   7   -0.0000000000
3   7   2   8   0.0622286747
3   7   3   6   -0.0000000001
3   7   3   7   0.4137053641
3   7   3   8   0.0000000000
3   7   4   6   -0.0000000000
3   7   4   9   -0.0000000000
3   7   4   10   0.0000000000
3   7   5   9   0.0000000000
3   7   5   10   0.0000000000
3   8   1   6   0.0652059849
3   8   1   7   -0.0000000000
3   8   1   8   0.0085299373
3   8   2   6   -0.0000000000
3   8   2   7   0.0614181110
3   8   2   8   0.0000000000
3   8   3   6   0.0085299373
3   8   3   7   0.0000000000
3   8   3   8   0.4245220106
3   8   4   9   0.0164363335
3   8   5   10   0.0164363335
3   9   1   7   -0.0000000000
3   9   1   9   0.0080216866
3   9   2   6   -0.0000000000
3   9   2   9   -0.0000000003
3   9   2   10   0.0000000001
3   9   3   9   0.3959075853
3   9   4   6   -0.0002704972
3   9   4   7   -0.0000000000
3   9   4   8   0.0115383508
3   9   5   7   0.0000000000
3   9   5   8   0.0000000000
3   10   1   10   0.0080216866
3   10   2   9   0.0000000001
3   10   2   10   0.0000000003
3   10   3   10   0.3959075853
3   10   4   7   0.0000000000
3   10   4   8   -0.0000000000
3   10   5   6   -0.0002704972
3   10   5   7   0.0000000000
3   10   5   8   0.0115383508
4   6   1   9   0.0646716720
4   6   2   8   -0.0000000000
4   6   2   9   0.0000000008
4   6   2   10   -0.0000000002
4   6   3   7   -0.0000000000
4   6   3   9   -0.0002704972
4   6   4   6   0.4129620468
4   6   4   7   0.0000000032
4   6   4   8   0.0080216866
4   6   5   7   -0.0000000009
4   7   1   8   -0.0000000000
4   7   1   9   0.0000000008
4   7   1   10   -0.0000000002
4   7   2   9   0.0621201764
4   7   3   6   -0.0000000000
4   7   3   9   -0.0000000000
4   7   3   10   0.0000000000
4   7   4   6   0.0000000032
4   7   4   7   0.4138454323
4   7   4   8   -0.0000000003
4   7   5   6   -0.0000000009
4   7   5   8   0.0000000001
4   8   1   7   -0.0000000000
4   8   1   9   -0.0002704972
4   8   2   6   -0.0000000000
4   8   2   9   -0.0000000000
4   8   2   10   0.0000000000
4   8   3   9   0.0115383508
4   8   3   10   -0.0000000000
4   8   4   6   0.0080216866
4   8   4   7   -0.0000000003
4   8   4   8   0.3959075853
4   8   5   7   0.0000000001
4   9   1   6   0.0631399066
4   9   1   7   0.0000000009
4   9   1   8   -0.0002718302
4   9   2   6   0.0000000009
4   9   2   7   0.0614767325
4   9   2   8   -0.0000000000
4   9   3   6   -0.0002718302
4   9   3   7   -0.0000000000
4   9   3   8   0.0164363335
4   9   4   9   0.4231145343
4   9   5   10   0.0166201974
4   10   1   7   -0.0000000003
4   10   2   6   -0.0000000003
4   10   2   8   0.0000000000
4   10   3   7   0.0000000000
4   10   4   10   0.3962565770
4   10   5   9   0.0102377599
5   6   1   10   0.0646716720
5   6   2   9   -0.0000000002
5   6   2   10   -0.0000000007
5   6   3   10   -0.0002704972
5   6   4   7   -0.0000000009
5   6   5   6   0.4129620468
5   6   5   7   -0.0000000031
5   6   5   8   0.0080216866
5   7   1   9   -0.0000000002
5   7   1   10   -0.0000000007
5   7   2   10   0.0621201764
5   7   3   9   0.0000000000
5   7   3   10   0.0000000000
5   7   4   6   -0.0000000009
5   7   4   8   0.0000000001
5   7   5   6   -0.0000000031
5   7   5   7   0.4138454323
5   7   5   8   0.0000000003
5   8   1   10   -0.0002704972
5   8   2   9   0.0000000000
5   8   2   10   0.0000000000
5   8   3   9   0.0000000000
5   8   3   10   0.0115383508
5   8   4   7   0.0000000001
5   8   5   6   0.0080216866
5   8   5   7   0.0000000003
5   8   5   8   0.3959075853
5   9   1   7   -0.0000000003
5   9   2   6   -0.0000000003
5   9   2   8   0.0000000000
5   9   3   7   0.0000000000
5   9   4   10   0.0102377599
5   9   5   9   0.3962565770
5   10   1   6   0.0631399066
5   10   1   7   -0.0000000008
5   10   1   8   -0.0002718302
5   10   2   6   -0.0000000008
5   10   2   7   0.0614767325
5   10   2   8   0.0000000000
5   10   3   6   -0.0002718302
5   10   3   7   0.0000000000
5   10   3   8   0.0164363335
5   10   4   9   0.0166201974
5   10   5   10   0.4231145343

End IJKL Block
Begin IJAB Block
1   6   1   4   0.0628395670
1   6   2   5   0.0628395670
1   6   3   6   0.0648831288
1   7   1   4   0.0000000001
1   7   1   5   -0.0000000008
1   7   1   6   0.0000000000
1   7   2   4   -0.0000000008
1   7   2   5   -0.0000000001
1   7   2   6   0.0000000000
1   7   3   5   0.0000000000
1   7   3   6   0.0000000000
1   8   1   4   -0.0020761310
1   8   2   5   -0.0020761310
1   8   3   6   0.0065072600
1   9   1   6   0.0026532073
1   9   2   6   0.0041435831
1   9   3   4   0.0027105876
1   9   3   5   0.0042331955
1   10   1   6   -0.0041435831
1   10   2   6   0.0026532073
1   10   3   4   -0.0042331955
1   10   3   5   0.0027105876
2   6   1   4   0.0000000001
2   6   1   5   -0.0000000008
2   6   2   4   -0.0000000008
2   6   2   5   -0.0000000001
2   6   2   6   0.0000000000
2   6   3   4   0.0000000000
2   6   3   5   0.0000000000
2   6   3   6   0.0000000000
2   7   1   4   0.0652360568
2   7   2   5   0.0652360568
2   7   3   6   0.0679949293
2   8   1   4   -0.0000000000
2   8   1   5   0.0000000000
2   8   2   4   0.0000000000
2   8   3   6   -0.0000000000
2   9   1   6   0.0000000000
2   9   2   6   0.0000000000
2   9   3   4   0.0000000000
2   9   3   5   0.0000000000
2   10   1   6   0.0000000000
2   10   2   6   -0.0000000000
2   10   3   4   0.0000000000
2   10   3   5   -0.0000000000
3   6   1   4   -0.0020761310
3   6   2   5   -0.0020761310
3   6   3   6   0.0065072600
3   7   1   4   -0.0000000000
3   7   1   5   0.0000000000
3   7   2   4   0.0000000000
3   7   3   6   -0.0000000000
3   8   1   4   0.0234874581
3   8   2   5   0.0234874581
3   8   3   6   0.2680604875
3   9   1   6   0.0136312947
3   9   2   6   0.0212883490
3   9   3   4   0.1200958576
3   9   3   5   0.1875568374
3   10   1   6   -0.0212883490
3   10   2   6   0.0136312947
3   10   3   4   -0.1875568374
3   10   3   5   0.1200958576
4   6   1   6   0.0027105876
4   6   2   6   0.0042331955
4   6   3   4   0.0026532073
4   6   3   5   0.0041435831
4   7   1   6   0.0000000000
4   7   2   6   0.0000000000
4   7   3   4   0.0000000000
4   7   3   5   0.0000000000
4   8   1   6   0.1200958576
4   8   2   6   0.1875568374
4   8   3   4   0.0136312947
4   8   3   5   0.0212883490
4   9   1   4   0.0974406435
4   9   1   5   0.1143325050
4   9   2   4   0.1143325050
4   9   2   5   0.2027876401
4   9   3   6   0.0245702109
4   10   1   4   -0.1143325050
4   10   1   5   0.0467949955
4   10   2   4   -0.1521419920
4   10   2   5   0.1143325050
5   6   1   6   -0.0042331955
5   6   2   6   0.0027105876
5   6   3   4   -0.0041435831
5   6   3   5   0.0026532073
5   7   1   6   0.0000000000
5   7   2   6   -0.0000000000
5   7   3   4   0.0000000000
5   7   3   5   -0.0000000000
5   8   1   6   -0.1875568374
5   8   2   6   0.1200958576
5   8   3   4   -0.0212883490
5   8   3   5   0.0136312947
5   9   1   4   -0.1143325050
5   9   1   5   -0.1521419920
5   9   2   4   0.0467949955
5   9   2   5   0.1143325050
5   10   1   4   0.2027876401
5   10   1   5   -0.1143325050
5   10   2   4   -0.1143325050
5   10   2   5   0.0974406435
5   10   3   6   0.0245702109

End IJAB Block
Begin ABCD Block
1   4   1   4   0.4028473268
1   4   2   5   0.0162361107
1   4   3   6   0.0168124457
1   5   1   5   0.3703751054
1   5   2   4   0.0162361107
1   6   1   6   0.3775834225
1   6   3   4   0.0168124457
2   4   1   5   0.0162361107
2   4   2   4   0.3703751054
2   5   1   4   0.0162361107
2   5   2   5   0.4028473268
2   5   3   6   0.0168124457
2   6   2   6   0.3775834225
2   6   3   5   0.0168124457
3   4   1   6   0.0168124457
3   4   3   4   0.3775834225
3   5   2   6   0.0168124457
3   5   3   5   0.3775834225
3   6   1   4   0.0168124457
3   6   2   5   0.0168124457
3   6   3   6   0.4189206998

End ABCD Block
Begin AIJB Block
1   6   1   4   0.0651859500
1   6   2   4   0.0000000001
1   6   2   5   -0.0000000009
1   6   2   6   0.0000000000
1   6   3   4   -0.0030946650
1   6   4   6   0.0023586676
1   6   5   6   -0.0036835927
1   7   1   4   0.0000000001
1   7   1   5   -0.0000000009
1   7   1   6   0.0000000000
1   7   2   4   0.0695801258
1   7   3   4   -0.0000000000
1   7   3   5   0.0000000000
1   7   4   6   -0.0000000000
1   7   5   6   -0.0000000000
1   8   1   4   -0.0030946650
1   8   2   4   -0.0000000000
1   8   2   5   0.0000000000
1   8   3   4   0.0241746813
1   8   4   6   0.1164281828
1   8   5   6   -0.1818289338
1   9   1   6   0.0016982142
1   9   2   6   -0.0000000000
1   9   3   6   0.0098446836
1   9   4   4   0.0949490718
1   9   4   5   0.1074022822
1   9   5   4   -0.1074022822
1   9   5   5   -0.1492061510
1   10   1   6   -0.0026521455
1   10   2   6   -0.0000000000
1   10   3   6   -0.0153746996
1   10   4   4   -0.1074022822
1   10   4   5   0.0502447240
1   10   5   4   0.1939104989
1   10   5   5   -0.1074022822
2   6   1   5   0.0651859500
2   6   2   4   -0.0000000009
2   6   2   5   -0.0000000001
2   6   2   6   0.0000000000
2   6   3   5   -0.0030946650
2   6   4   6   0.0036835927
2   6   5   6   0.0023586676
2   7   1   4   -0.0000000009
2   7   1   5   -0.0000000001
2   7   1   6   0.0000000000
2   7   2   5   0.0695801258
2   7   3   4   0.0000000000
2   7   3   5   0.0000000000
2   7   4   6   -0.0000000000
2   7   5   6   0.0000000000
2   8   1   5   -0.0030946650
2   8   2   4   0.0000000000
2   8   2   5   0.0000000000
2   8   3   5   0.0241746813
2   8   4   6   0.1818289338
2   8   5   6   0.1164281828
2   9   1   6   0.0026521455
2   9   2   6   -0.0000000000
2   9   3   6   0.0153746996
2   9   4   4   0.1074022822
2   9   4   5   0.1939104989
2   9   5   4   0.0502447240
2   9   5   5   0.1074022822
2   10   1   6   0.0016982142
2   10   2   6   0.0000000000
2   10   3   6   0.0098446836
2   10   4   4   -0.1492061510
2   10   4   5   0.1074022822
2   10   5   4   -0.1074022822
2   10   5   5   0.0949490718
3   6   1   6   0.0656096455
3   6   2   4   0.0000000000
3   6   2   5   0.0000000000
3   6   2   6   0.0000000000
3   6   3   6   0.0035769505
3   6   4   4   0.0016982142
3   6   4   5   0.0026521455
3   6   5   4   -0.0026521455
3   6   5   5   0.0016982142
3   7   1   4   0.0000000000
3   7   1   5   0.0000000000
3   7   1   6   0.0000000000
3   7   2   6   0.0706020527
3   7   3   6   -0.0000000000
3   7   4   4   -0.0000000000
3   7   4   5   -0.0000000000
3   7   5   4   -0.0000000000
3   7   5   5   0.0000000000
3   8   1   6   0.0035769505
3   8   2   6   -0.0000000000
3   8   3   6   0.2556926401
3   8   4   4   0.0098446836
3   8   4   5   0.0153746996
3   8   5   4   -0.0153746996
3   8   5   5   0.0098446836
3   9   1   4   0.0023586676
3   9   1   5   0.0036835927
3   9   2   4   -0.0000000000
3   9   2   5   -0.0000000000
3   9   3   4   0.1164281828
3   9   3   5   0.1818289338
3   9   4   6   0.0259986604
3   9   5   6   -0.0000000000
3   10   1   4   -0.0036835927
3   10   1   5   0.0023586676
3   10   2   4   -0.0000000000
3   10   2   5   0.0000000000
3   10   3   4   -0.1818289338
3   10   3   5   0.1164281828
3   10   5   6   0.0259986604

1   6   6   1   -0.4026451470
1   6   7   1   -0.0000000004
1   6   7   2   0.0000000034
1   6   7   3   -0.0000000000
1   6   8   1   -0.0065731711
1   6   9   3   -0.0018666629
1   6   10   3   0.0029152162
1   7   6   1   -0.0000000004
1   7   6   2   0.0000000034
1   7   6   3   -0.0000000000
1   7   7   1   -0.4043597697
1   7   8   1   0.0000000000
1   7   8   2   -0.0000000003
1   7   9   3   0.0000000000
1   7   10   3   0.0000000000
1   8   6   1   -0.0065731711
1   8   7   1   0.0000000000
1   8   7   2   -0.0000000003
1   8   8   1   -0.3892844520
1   8   9   3   -0.0061353614
1   8   10   3   0.0095817541
1   9   6   3   -0.0020606316
1   9   7   3   0.0000000000
1   9   8   3   -0.0103890604
1   9   9   1   -0.3992644131
1   9   9   2   -0.0141166040
1   9   10   1   0.0141166040
1   9   10   2   0.0027272774
1   10   6   3   0.0032181422
1   10   7   3   0.0000000000
1   10   8   3   0.0162248669
1   10   9   1   0.0141166040
1   10   9   2   0.0102798883
1   10   10   1   -0.4122715788
1   10   10   2   0.0141166040
2   6   6   2   -0.4026451470
2   6   7   1   0.0000000034
2   6   7   2   0.0000000006
2   6   7   3   -0.0000000000
2   6   8   2   -0.0065731711
2   6   9   3   -0.0029152162
2   6   10   3   -0.0018666629
2   7   6   1   0.0000000034
2   7   6   2   0.0000000006
2   7   6   3   -0.0000000000
2   7   7   2   -0.4043597697
2   7   8   1   -0.0000000003
2   7   8   2   -0.0000000000
2   7   9   3   0.0000000000
2   7   10   3   -0.0000000000
2   8   6   2   -0.0065731711
2   8   7   1   -0.0000000003
2   8   7   2   -0.0000000000
2   8   8   2   -0.3892844520
2   8   9   3   -0.0095817541
2   8   10   3   -0.0061353614
2   9   6   3   -0.0032181422
2   9   7   3   0.0000000000
2   9   8   3   -0.0162248669
2   9   9   1   -0.0141166040
2   9   9   2   -0.4122715787
2   9   10   1   0.0102798883
2   9   10   2   -0.0141166040
2   10   6   3   -0.0020606316
2   10   7   3   -0.0000000000
2   10   8   3   -0.0103890604
2   10   9   1   0.0027272774
2   10   9   2   -0.0141166040
2   10   10   1   0.0141166040
2   10   10   2   -0.3992644131
3   6   6   3   -0.4113792911
3   6   7   1   -0.0000000000
3   6   7   2   -0.0000000000
3   6   7   3   -0.0000000001
3   6   8   3   -0.0127409830
3   6   9   1   -0.0020606316
3   6   9   2   -0.0032181422
3   6   10   1   0.0032181422
3   6   10   2   -0.0020606316
3   7   6   1   -0.0000000000
3   7   6   2   -0.0000000000
3   7   6   3   -0.0000000001
3   7   7   3   -0.4122550527
3   7   8   3   0.0000000000
3   7   9   1   0.0000000000
3   7   9   2   0.0000000000
3   7   10   1   0.0000000000
3   7   10   2   -0.0000000000
3   8   6   3   -0.0127409830
3   8   7   3   0.0000000000
3   8   8   3   -0.4275656971
3   8   9   1   -0.0103890604
3   8   9   2   -0.0162248669
3   8   10   1   0.0162248669
3   8   10   2   -0.0103890604
3   9   6   1   -0.0018666629
3   9   6   2   -0.0029152162
3   9   7   1   0.0000000000
3   9   7   2   0.0000000000
3   9   8   1   -0.0061353614
3   9   8   2   -0.0095817541
3   9   9   3   -0.3983048405
3   10   6   1   0.0029152162
3   10   6   2   -0.0018666629
3   10   7   1   0.0000000000
3   10   7   2   -0.0000000000
3   10   8   1   0.0095817541
3   10   8   2   -0.0061353614
3   10   10   3   -0.3983048405

End AIJB Block
Begin IJKA Block
1   6   2   6   -0.0036073640
1   6   3   6   0.0000000000
1   6   4   4   0.0000000000
1   6   4   5   0.0000000000
1   6   5   4   0.0000000000
1   6   5   5   -0.0000000000
1   7   1   6   -0.0136409676
1   7   2   6   0.0000000000
1   7   3   6   -0.0637606772
1   7   4   4   -0.0340442227
1   7   4   5   -0.0531677517
1   7   5   4   0.0531677517
1   7   5   5   -0.0340442227
1   8   1   6   0.0000000001
1   8   2   6   -0.2415399783
1   8   4   4   0.0000000000
1   8   4   5   0.0000000000
1   8   5   4   0.0000000000
1   8   5   5   -0.0000000000
1   9   1   4   -0.0000000000
1   9   1   5   -0.0000000000
1   9   2   4   -0.1313845706
1   9   2   5   -0.2051867153
1   9   3   4   0.0000000000
1   9   3   5   0.0000000000
1   9   4   6   -0.0000000000
1   9   5   6   0.0000000000
1   10   1   4   -0.0000000001
1   10   1   5   0.0000000001
1   10   2   4   0.2051867153
1   10   2   5   -0.1313845706
1   10   3   4   0.0000000000
1   10   3   5   -0.0000000000
1   10   4   6   0.0000000000
1   10   5   6   0.0000000000
2   6   1   6   -0.0032875228
2   6   3   6   -0.0584698612
2   6   4   4   -0.0328459637
2   6   4   5   -0.0512963994
2   6   5   4   0.0512963994
2   6   5   5   -0.0328459637
2   7   1   6   0.0000000000
2   7   2   6   -0.0079473661
2   7   3   6   -0.0000000000
2   7   4   4   -0.0000000000
2   7   4   5   -0.0000000000
2   7   5   4   -0.0000000000
2   7   5   5   0.0000000000
2   8   1   6   -0.2417534382
2   8   2   6   -0.0000000000
2   8   3   6   0.0232661660
2   8   4   4   0.0009781204
2   8   4   5   0.0015275561
2   8   5   4   -0.0015275561
2   8   5   5   0.0009781204
2   9   1   4   -0.1313710780
2   9   1   5   -0.2051656436
2   9   2   4   -0.0000000001
2   9   2   5   -0.0000000001
2   9   3   4   0.0121554028
2   9   3   5   0.0189834101
2   9   4   6   -0.0010958872
2   10   1   4   0.2051656436
2   10   1   5   -0.1313710780
2   10   2   4   -0.0000000000
2   10   2   5   0.0000000001
2   10   3   4   -0.0189834101
2   10   3   5   0.0121554028
2   10   5   6   -0.0010958872
3   6   1   6   0.0000000000
3   6   2   6   -0.0625695367
3   6   3   6   0.0000000000
3   6   4   4   0.0000000000
3   6   4   5   0.0000000000
3   6   5   4   0.0000000000
3   6   5   5   -0.0000000000
3   7   1   6   -0.0678635734
3   7   2   6   -0.0000000000
3   7   3   6   -0.0089050333
3   7   4   4   0.0006642203
3   7   4   5   0.0010373302
3   7   5   4   -0.0010373302
3   7   5   5   0.0006642203
3   8   2   6   0.0240373977
3   8   3   6   0.0000000002
3   8   4   4   -0.0000000000
3   8   4   5   -0.0000000000
3   8   4   6   0.0000000000
3   8   5   4   -0.0000000001
3   8   5   5   0.0000000001
3   9   1   4   0.0000000000
3   9   1   5   0.0000000000
3   9   2   4   0.0118997459
3   9   2   5   0.0185841439
3   9   3   4   -0.0000000001
3   9   3   5   -0.0000000000
3   9   3   6   0.0000000000
3   9   4   4   0.0000000000
3   9   4   5   0.0000000000
3   9   4   6   -0.0000000004
3   9   5   6   0.0000000001
3   10   1   4   0.0000000000
3   10   1   5   -0.0000000000
3   10   2   4   -0.0185841439
3   10   2   5   0.0118997459
3   10   3   4   -0.0000000002
3   10   3   5   0.0000000002
3   10   4   4   -0.0000000000
3   10   4   5   0.0000000000
3   10   4   6   0.0000000001
3   10   5   6   0.0000000004
4   6   1   4   0.0000000000
4   6   1   5   0.0000000000
4   6   2   4   -0.0347323672
4   6   2   5   -0.0542424449
4   6   3   4   0.0000000000
4   6   3   5   0.0000000000
4   6   4   6   -0.0000000001
4   6   5   6   0.0000000000
4   7   1   4   -0.0358266963
4   7   1   5   -0.0559514874
4   7   2   4   -0.0000000000
4   7   2   5   -0.0000000000
4   7   3   4   0.0021069322
4   7   3   5   0.0032904510
4   7   4   6   -0.0123496521
4   8   1   4   0.0000000000
4   8   1   5   0.0000000000
4   8   2   4   0.0015302917
4   8   2   5   0.0023898965
4   8   3   4   -0.0000000001
4   8   3   5   -0.0000000001
4   8   3   6   0.0000000000
4   8   4   4   0.0000000000
4   8   4   5   0.0000000000
4   8   4   6   -0.0000000031
4   8   5   6   0.0000000009
4   9   1   6   -0.0000000000
4   9   2   6   -0.0018052768
4   9   3   4   0.0000000000
4   9   3   5   0.0000000000
4   9   3   6   -0.0000000003
4   9   4   4   -0.0000000024
4   9   4   5   -0.0000000035
4   9   4   6   0.0000000000
4   9   5   4   0.0000000008
4   9   5   5   0.0000000008
4   10   1   6   0.0000000000
4   10   3   4   -0.0000000000
4   10   3   5   0.0000000000
4   10   3   6   0.0000000001
4   10   4   4   0.0000000026
4   10   4   5   -0.0000000014
4   10   5   4   -0.0000000007
4   10   5   5   0.0000000008
5   6   1   4   -0.0000000000
5   6   1   5   0.0000000000
5   6   2   4   0.0542424449
5   6   2   5   -0.0347323672
5   6   3   4   0.0000000000
5   6   3   5   -0.0000000000
5   6   4   6   0.0000000000
5   6   5   6   0.0000000001
5   7   1   4   0.0559514873
5   7   1   5   -0.0358266963
5   7   2   4   -0.0000000000
5   7   2   5   0.0000000000
5   7   3   4   -0.0032904510
5   7   3   5   0.0021069322
5   7   5   6   -0.0123496521
5   8   1   4   0.0000000000
5   8   1   5   -0.0000000000
5   8   2   4   -0.0023898965
5   8   2   5   0.0015302917
5   8   3   4   -0.0000000001
5   8   3   5   0.0000000001
5   8   4   6   0.0000000009
5   8   5   6   0.0000000030
5   9   1   6   0.0000000000
5   9   3   6   0.0000000001
5   9   4   4   0.0000000008
5   9   4   5   0.0000000007
5   9   5   4   0.0000000013
5   9   5   5   0.0000000025
5   10   1   6   0.0000000000
5   10   2   6   -0.0018052768
5   10   3   6   0.0000000003
5   10   4   4   -0.0000000008
5   10   4   5   0.0000000007
5   10   5   4   -0.0000000034
5   10   5   5   0.0000000023

End IJKA Block
Begin IABC Block
1   4   1   6   -0.0000000000
1   4   2   6   0.0000000001
1   4   3   4   -0.0000000000
1   4   3   5   0.0000000001
1   5   1   6   0.0000000001
1   5   2   6   0.0000000000
1   5   3   4   0.0000000001
1   5   3   5   0.0000000000
1   6   1   4   -0.0000000000
1   6   1   5   0.0000000001
1   6   2   4   0.0000000001
1   6   2   5   0.0000000000
1   6   3   6   -0.0000000000
2   4   1   6   -0.0037352508
2   4   3   4   -0.0122825111
2   5   2   6   -0.0037352508
2   5   3   5   -0.0122825111
2   6   1   4   -0.0023327150
2   6   2   5   -0.0023327150
2   6   3   6   -0.0165214651
3   4   1   6   -0.0000000000
3   4   2   6   0.0000000003
3   4   3   4   -0.0000000004
3   4   3   5   0.0000000031
3   4   3   6   -0.0000000000
3   5   1   6   0.0000000003
3   5   2   6   0.0000000000
3   5   3   4   0.0000000031
3   5   3   5   0.0000000005
3   5   3   6   -0.0000000000
3   6   1   4   -0.0000000000
3   6   1   5   0.0000000002
3   6   2   4   0.0000000002
3   6   2   5   0.0000000000
3   6   2   6   -0.0000000000
3   6   3   4   -0.0000000000
3   6   3   5   -0.0000000000
3   6   3   6   -0.0000000001
4   4   1   4   0.0000000000
4   4   1   5   0.0000000019
4   4   1   6   -0.0000000000
4   4   2   4   0.0000000001
4   4   2   5   0.0000000030
4   4   2   6   -0.0000000000
4   4   3   6   0.0000000001
4   5   1   4   0.0000000019
4   5   1   5   0.0000000009
4   5   1   6   -0.0000000000
4   5   2   4   0.0000000030
4   5   2   5   0.0000000007
4   5   2   6   -0.0000000000
4   5   3   5   -0.0000000000
4   5   3   6   0.0000000000
4   6   1   4   -0.0000000000
4   6   1   5   -0.0000000000
4   6   1   6   0.0000000001
4   6   2   4   -0.0000000000
4   6   2   5   -0.0000000000
4   6   2   6   0.0000000000
4   6   3   4   0.0000000001
4   6   3   5   0.0000000001
5   4   1   4   0.0000000006
5   4   1   5   -0.0000000029
5   4   1   6   0.0000000000
5   4   2   4   -0.0000000008
5   4   2   5   0.0000000019
5   4   2   6   -0.0000000000
5   4   3   6   0.0000000001
5   5   1   4   -0.0000000030
5   5   1   5   -0.0000000000
5   5   1   6   0.0000000000
5   5   2   4   0.0000000018
5   5   2   5   0.0000000001
5   5   2   6   -0.0000000000
5   5   3   6   -0.0000000001
5   6   1   4   0.0000000000
5   6   1   5   0.0000000000
5   6   1   6   0.0000000002
5   6   2   4   -0.0000000000
5   6   2   5   -0.0000000000
5   6   2   6   -0.0000000002
5   6   3   4   0.0000000001
5   6   3   5   -0.0000000001

End IABC Block
