Begin IJ Block
1   1   -3.5733427140
2   2   -3.5160228785
3   3   -3.4984670537
3   4   0.0000000290
4   4   -3.4894840247
5   5   -3.3386994901
5   6   0.0000000029
6   6   -3.3990974919

End IJ Block
Begin IA Block
1   4   0.0000001369
2   1   -0.0000000006
2   2   0.0326224786
3   3   -0.0000000131
4   3   -0.0039570702

End IA Block
Begin AB Block
1   1   -2.9895973882
1   2   -0.0000000014
2   2   -2.9480850053
3   3   -2.0946428752
4   4   -1.9079017326

End AB Block
Begin IJKL Block
1   7   1   7   0.3039719097
1   7   2   8   0.0039044008
1   7   3   9   0.0581260663
1   7   3   10   -0.0000000605
1   7   4   9   -0.0000000605
1   7   4   10   0.0393879824
1   7   5   11   0.0010607988
1   7   5   12   -0.0000000002
1   7   6   11   -0.0000000002
1   7   6   12   0.0057157353
1   8   1   8   0.2759951287
1   8   2   7   0.0054032973
1   8   3   11   -0.0460061307
1   8   3   12   0.0000001464
1   8   4   11   0.0000001464
1   8   4   12   0.0460061806
1   8   5   9   -0.0025383114
1   8   5   10   0.0000000081
1   8   6   9   0.0000000081
1   8   6   10   0.0025465607
1   9   1   9   0.2847707405
1   9   1   10   -0.0000000444
1   9   2   11   -0.0021270725
1   9   2   12   0.0000000067
1   9   3   7   0.0591148406
1   9   4   7   -0.0000000598
1   9   5   8   -0.0016563085
1   9   6   8   0.0000000052
1   10   1   9   -0.0000000444
1   10   1   10   0.2710081985
1   10   2   11   0.0000000068
1   10   2   12   0.0021210727
1   10   3   7   -0.0000000598
1   10   4   7   0.0405977813
1   10   5   8   0.0000000053
1   10   6   8   0.0016504840
1   11   1   11   0.2561208311
1   11   1   12   -0.0000000015
1   11   2   9   -0.0031106643
1   11   2   10   0.0000000099
1   11   3   8   -0.0461308842
1   11   4   8   0.0000001468
1   11   5   7   0.0023188585
1   11   6   7   -0.0000000002
1   12   1   11   -0.0000000015
1   12   1   12   0.2889568015
1   12   2   9   0.0000000099
1   12   2   10   0.0031124965
1   12   3   8   0.0000001468
1   12   4   8   0.0461252589
1   12   5   7   -0.0000000002
1   12   6   7   0.0076147904
2   7   1   8   0.0054032973
2   7   2   7   0.2759951287
2   7   3   11   -0.0025383114
2   7   3   12   0.0000000081
2   7   4   11   0.0000000081
2   7   4   12   0.0025465607
2   7   5   9   -0.0460061307
2   7   5   10   0.0000001464
2   7   6   9   0.0000001464
2   7   6   10   0.0460061806
2   8   1   7   0.0039044008
2   8   2   8   0.3046784778
2   8   3   9   0.0030700943
2   8   3   10   0.0000000000
2   8   4   9   0.0000000000
2   8   4   10   0.0030748354
2   8   5   11   0.0823751658
2   8   5   12   -0.0000000000
2   8   6   11   -0.0000000000
2   8   6   12   0.0823685849
2   9   1   11   -0.0031106643
2   9   1   12   0.0000000099
2   9   2   9   0.2751058762
2   9   2   10   -0.0000000000
2   9   3   8   0.0046122385
2   9   4   8   0.0000000000
2   9   5   7   -0.0461308842
2   9   6   7   0.0000001468
2   10   1   11   0.0000000099
2   10   1   12   0.0031124965
2   10   2   9   -0.0000000000
2   10   2   10   0.2751031580
2   10   3   8   0.0000000000
2   10   4   8   0.0046138840
2   10   5   7   0.0000001468
2   10   6   7   0.0461252589
2   11   1   9   -0.0021270725
2   11   1   10   0.0000000068
2   11   2   11   0.2968636942
2   11   2   12   -0.0000000000
2   11   3   7   -0.0016563085
2   11   4   7   0.0000000053
2   11   5   8   0.0824574251
2   11   6   8   -0.0000000000
2   12   1   9   0.0000000067
2   12   1   10   0.0021210727
2   12   2   11   -0.0000000000
2   12   2   12   0.2968589598
2   12   3   7   0.0000000052
2   12   4   7   0.0016504840
2   12   5   8   -0.0000000000
2   12   6   8   0.0824496852
3   7   1   9   0.0591148406
3   7   1   10   -0.0000000598
3   7   2   11   -0.0016563085
3   7   2   12   0.0000000052
3   7   3   7   0.2847707405
3   7   4   7   -0.0000000444
3   7   5   8   -0.0021270725
3   7   6   8   0.0000000067
3   8   1   11   -0.0461308842
3   8   1   12   0.0000001468
3   8   2   9   0.0046122385
3   8   2   10   0.0000000000
3   8   3   8   0.2751058762
3   8   4   8   -0.0000000000
3   8   5   7   -0.0031106643
3   8   6   7   0.0000000099
3   9   1   7   0.0581260663
3   9   2   8   0.0030700943
3   9   3   9   0.2906226242
3   9   3   10   0.0000000001
3   9   4   9   0.0000000001
3   9   4   10   0.0094006051
3   9   5   11   0.0039310327
3   9   5   12   0.0000000052
3   9   6   11   0.0000000052
3   9   6   12   0.0023296380
3   10   1   7   -0.0000000605
3   10   2   8   0.0000000000
3   10   3   9   0.0000000001
3   10   3   10   0.2698738983
3   10   4   9   0.0113659119
3   10   4   10   0.0000000001
3   10   5   11   -0.0000000052
3   10   5   12   0.0007595009
3   10   6   11   0.0008354686
3   10   6   12   0.0000000052
3   11   1   8   -0.0460061307
3   11   2   7   -0.0025383114
3   11   3   11   0.2719657535
3   11   3   12   -0.0000000068
3   11   4   11   0.0000000068
3   11   4   12   -0.0014270688
3   11   5   9   0.0053621963
3   11   5   10   -0.0000000033
3   11   6   9   0.0000000033
3   11   6   10   0.0004951976
3   12   1   8   0.0000001464
3   12   2   7   0.0000000081
3   12   3   11   -0.0000000068
3   12   3   12   0.2740156106
3   12   4   11   -0.0006379391
3   12   4   12   -0.0000000067
3   12   5   9   0.0000000033
3   12   5   10   0.0005159808
3   12   6   9   0.0043366221
3   12   6   10   0.0000000034
4   7   1   9   -0.0000000598
4   7   1   10   0.0405977813
4   7   2   11   0.0000000053
4   7   2   12   0.0016504840
4   7   3   7   -0.0000000444
4   7   4   7   0.2710081985
4   7   5   8   0.0000000068
4   7   6   8   0.0021210727
4   8   1   11   0.0000001468
4   8   1   12   0.0461252589
4   8   2   9   0.0000000000
4   8   2   10   0.0046138840
4   8   3   8   -0.0000000000
4   8   4   8   0.2751031580
4   8   5   7   0.0000000099
4   8   6   7   0.0031124965
4   9   1   7   -0.0000000605
4   9   2   8   0.0000000000
4   9   3   9   0.0000000001
4   9   3   10   0.0113659119
4   9   4   9   0.2698738983
4   9   4   10   0.0000000001
4   9   5   11   -0.0000000052
4   9   5   12   0.0008354686
4   9   6   11   0.0007595009
4   9   6   12   0.0000000052
4   10   1   7   0.0393879824
4   10   2   8   0.0030748354
4   10   3   9   0.0094006051
4   10   3   10   0.0000000001
4   10   4   9   0.0000000001
4   10   4   10   0.2906758460
4   10   5   11   0.0023443023
4   10   5   12   -0.0000000052
4   10   6   11   -0.0000000052
4   10   6   12   0.0039280706
4   11   1   8   0.0000001464
4   11   2   7   0.0000000081
4   11   3   11   0.0000000068
4   11   3   12   -0.0006379391
4   11   4   11   0.2740527016
4   11   4   12   0.0000000068
4   11   5   9   -0.0000000033
4   11   5   10   0.0043725431
4   11   6   9   0.0005159808
4   11   6   10   -0.0000000033
4   12   1   8   0.0460061806
4   12   2   7   0.0025465607
4   12   3   11   -0.0014270688
4   12   3   12   -0.0000000067
4   12   4   11   0.0000000068
4   12   4   12   0.2719749191
4   12   5   9   0.0004951976
4   12   5   10   -0.0000000033
4   12   6   9   0.0000000034
4   12   6   10   0.0053698182
5   7   1   11   0.0023188585
5   7   1   12   -0.0000000002
5   7   2   9   -0.0461308842
5   7   2   10   0.0000001468
5   7   3   8   -0.0031106643
5   7   4   8   0.0000000099
5   7   5   7   0.2561208311
5   7   6   7   -0.0000000015
5   8   1   9   -0.0016563085
5   8   1   10   0.0000000053
5   8   2   11   0.0824574251
5   8   2   12   -0.0000000000
5   8   3   7   -0.0021270725
5   8   4   7   0.0000000068
5   8   5   8   0.2968636942
5   8   6   8   -0.0000000000
5   9   1   8   -0.0025383114
5   9   2   7   -0.0460061307
5   9   3   11   0.0053621963
5   9   3   12   0.0000000033
5   9   4   11   -0.0000000033
5   9   4   12   0.0004951976
5   9   5   9   0.2719657535
5   9   5   10   0.0000000068
5   9   6   9   -0.0000000068
5   9   6   10   -0.0014270688
5   10   1   8   0.0000000081
5   10   2   7   0.0000001464
5   10   3   11   -0.0000000033
5   10   3   12   0.0005159808
5   10   4   11   0.0043725431
5   10   4   12   -0.0000000033
5   10   5   9   0.0000000068
5   10   5   10   0.2740527016
5   10   6   9   -0.0006379391
5   10   6   10   0.0000000068
5   11   1   7   0.0010607988
5   11   2   8   0.0823751658
5   11   3   9   0.0039310327
5   11   3   10   -0.0000000052
5   11   4   9   -0.0000000052
5   11   4   10   0.0023443023
5   11   5   11   0.3150392522
5   11   6   12   0.0191445554
5   12   1   7   -0.0000000002
5   12   2   8   -0.0000000000
5   12   3   9   0.0000000052
5   12   3   10   0.0007595009
5   12   4   9   0.0008354686
5   12   4   10   -0.0000000052
5   12   5   12   0.2732022565
5   12   6   11   0.0226934898
5   12   6   12   -0.0000000000
6   7   1   11   -0.0000000002
6   7   1   12   0.0076147904
6   7   2   9   0.0000001468
6   7   2   10   0.0461252589
6   7   3   8   0.0000000099
6   7   4   8   0.0031124965
6   7   5   7   -0.0000000015
6   7   6   7   0.2889568015
6   8   1   9   0.0000000052
6   8   1   10   0.0016504840
6   8   2   11   -0.0000000000
6   8   2   12   0.0824496852
6   8   3   7   0.0000000067
6   8   4   7   0.0021210727
6   8   5   8   -0.0000000000
6   8   6   8   0.2968589598
6   9   1   8   0.0000000081
6   9   2   7   0.0000001464
6   9   3   11   0.0000000033
6   9   3   12   0.0043366221
6   9   4   11   0.0005159808
6   9   4   12   0.0000000034
6   9   5   9   -0.0000000068
6   9   5   10   -0.0006379391
6   9   6   9   0.2740156106
6   9   6   10   -0.0000000067
6   10   1   8   0.0025465607
6   10   2   7   0.0460061806
6   10   3   11   0.0004951976
6   10   3   12   0.0000000034
6   10   4   11   -0.0000000033
6   10   4   12   0.0053698182
6   10   5   9   -0.0014270688
6   10   5   10   0.0000000068
6   10   6   9   -0.0000000067
6   10   6   10   0.2719749191
6   11   1   7   -0.0000000002
6   11   2   8   -0.0000000000
6   11   3   9   0.0000000052
6   11   3   10   0.0008354686
6   11   4   9   0.0007595009
6   11   4   10   -0.0000000052
6   11   5   12   0.0226934898
6   11   6   11   0.2732022565
6   11   6   12   -0.0000000000
6   12   1   7   0.0057157353
6   12   2   8   0.0823685849
6   12   3   9   0.0023296380
6   12   3   10   0.0000000052
6   12   4   9   0.0000000052
6   12   4   10   0.0039280706
6   12   5   11   0.0191445554
6   12   5   12   -0.0000000000
6   12   6   11   -0.0000000000
6   12   6   12   0.3150413748

End IJKL Block
Begin IJAB Block
1   7   1   5   0.0055215849
1   7   1   6   0.0000000001
1   7   2   5   0.0000000001
1   7   2   6   0.0029184105
1   7   3   7   0.0091836721
1   7   4   8   0.0039722018
1   8   1   8   0.0014631772
1   8   2   8   0.0000000007
1   8   4   5   0.0034801638
1   8   4   6   0.0000000017
1   9   3   8   -0.0047677264
1   9   4   7   -0.0038169810
1   10   3   8   0.0000000174
1   10   4   7   0.0000000139
1   11   1   7   0.0008974147
1   11   2   7   -0.0000000001
1   11   3   5   0.0007776416
1   11   3   6   -0.0000000002
1   12   1   7   -0.0000000001
1   12   2   7   0.0009817279
1   12   3   5   -0.0000000001
1   12   3   6   0.0008951760
2   7   1   8   0.0034801638
2   7   2   8   0.0000000017
2   7   4   5   0.0014631772
2   7   4   6   0.0000000007
2   8   1   5   0.0365324931
2   8   1   6   0.0000000000
2   8   2   5   0.0000000000
2   8   2   6   0.0364980546
2   8   3   7   0.0025482429
2   8   4   8   0.0013172138
2   9   1   7   0.0008412706
2   9   2   7   -0.0000000030
2   9   3   5   -0.0012063691
2   9   3   6   0.0000000037
2   10   1   7   -0.0000000028
2   10   2   7   -0.0009671781
2   10   3   5   0.0000000038
2   10   3   6   0.0011384844
2   11   3   8   0.0016178284
2   11   4   7   0.0013275823
2   12   3   8   0.0000000008
2   12   4   7   0.0000000007
3   7   3   8   -0.0038169810
3   7   4   7   -0.0047677264
3   8   1   7   -0.0012063691
3   8   2   7   0.0000000037
3   8   3   5   0.0008412706
3   8   3   6   -0.0000000030
3   9   1   5   0.0052536665
3   9   1   6   -0.0000000036
3   9   2   5   -0.0000000036
3   9   2   6   0.0039915854
3   9   3   7   0.0074443011
3   9   4   8   0.0041280867
3   10   1   5   -0.0000000038
3   10   1   6   -0.0001690521
3   10   2   5   -0.0009507792
3   10   2   6   0.0000000035
3   10   3   7   0.0000000017
3   10   4   8   0.0000000120
3   11   1   8   -0.0003821561
3   11   2   8   0.0000000081
3   11   4   5   -0.0013078521
3   11   4   6   0.0000000178
3   12   1   8   0.0000000036
3   12   2   8   -0.0009465514
3   12   4   5   0.0000000029
3   12   4   6   -0.0030266805
4   7   3   8   0.0000000139
4   7   4   7   0.0000000174
4   8   1   7   0.0000000038
4   8   2   7   0.0011384844
4   8   3   5   -0.0000000028
4   8   3   6   -0.0009671781
4   9   1   5   -0.0000000038
4   9   1   6   -0.0009507792
4   9   2   5   -0.0001690521
4   9   2   6   0.0000000035
4   9   3   7   0.0000000017
4   9   4   8   0.0000000120
4   10   1   5   0.0040536138
4   10   1   6   0.0000000036
4   10   2   5   0.0000000036
4   10   2   6   0.0050784888
4   10   3   7   0.0079232802
4   10   4   8   0.0083202748
4   11   1   8   0.0000000015
4   11   2   8   0.0026956942
4   11   4   5   0.0000000052
4   11   4   6   0.0057039410
4   12   1   8   0.0014750651
4   12   2   8   0.0000000034
4   12   4   5   0.0016630169
4   12   4   6   0.0000000106
5   7   1   7   0.0007776416
5   7   2   7   -0.0000000002
5   7   3   5   0.0008974147
5   7   3   6   -0.0000000001
5   8   3   8   0.0013275823
5   8   4   7   0.0016178284
5   9   1   8   -0.0013078521
5   9   2   8   0.0000000178
5   9   4   5   -0.0003821561
5   9   4   6   0.0000000081
5   10   1   8   0.0000000052
5   10   2   8   0.0057039410
5   10   4   5   0.0000000015
5   10   4   6   0.0026956942
5   11   1   5   0.0353540086
5   11   1   6   -0.0000000021
5   11   2   5   -0.0000000021
5   11   2   6   0.0617544205
5   11   3   7   0.0020280361
5   11   4   8   0.0020899802
5   12   1   5   -0.0000000021
5   12   1   6   0.0355803377
5   12   2   5   -0.0092228825
5   12   2   6   0.0000000022
5   12   3   7   -0.0000000001
5   12   4   8   0.0000000007
6   7   1   7   -0.0000000001
6   7   2   7   0.0008951760
6   7   3   5   -0.0000000001
6   7   3   6   0.0009817279
6   8   3   8   0.0000000007
6   8   4   7   0.0000000008
6   9   1   8   0.0000000029
6   9   2   8   -0.0030266805
6   9   4   5   0.0000000036
6   9   4   6   -0.0009465514
6   10   1   8   0.0016630169
6   10   2   8   0.0000000106
6   10   4   5   0.0014750651
6   10   4   6   0.0000000034
6   11   1   5   -0.0000000021
6   11   1   6   -0.0092228825
6   11   2   5   0.0355803377
6   11   2   6   0.0000000022
6   11   3   7   -0.0000000001
6   11   4   8   0.0000000007
6   12   1   5   0.0617032745
6   12   1   6   0.0000000022
6   12   2   5   0.0000000022
6   12   2   6   0.0353778086
6   12   3   7   0.0021909499
6   12   4   8   0.0007633117

End IJAB Block
Begin ABCD Block
1   5   1   5   0.2825086595
1   5   2   6   0.0117592956
1   5   3   7   0.0015531110
1   5   4   8   0.0007373483
1   6   1   6   0.2572771323
1   6   2   5   0.0134509761
1   6   2   6   -0.0000000000
1   6   3   7   -0.0000000000
1   6   4   8   0.0000000003
1   7   1   7   0.1862255678
1   7   2   7   -0.0000000000
1   7   3   5   0.0018405150
1   8   1   8   0.1708722380
1   8   2   8   0.0000000044
1   8   4   5   0.0009303793
1   8   4   6   0.0000000004
2   5   1   6   0.0134509761
2   5   2   5   0.2572771323
2   5   2   6   -0.0000000000
2   5   3   7   -0.0000000000
2   5   4   8   0.0000000003
2   6   1   5   0.0117592956
2   6   1   6   -0.0000000000
2   6   2   5   -0.0000000000
2   6   2   6   0.2824740180
2   6   3   7   0.0015113113
2   6   4   8   0.0015155615
2   7   1   7   -0.0000000000
2   7   2   7   0.1862246659
2   7   3   6   0.0018411327
2   8   1   8   0.0000000044
2   8   2   8   0.1814896664
2   8   4   5   0.0000000004
2   8   4   6   0.0019322595
3   5   1   7   0.0018405150
3   5   3   5   0.1862255678
3   5   3   6   -0.0000000000
3   6   2   7   0.0018411327
3   6   3   5   -0.0000000000
3   6   3   6   0.1862246659
3   7   1   5   0.0015531110
3   7   1   6   -0.0000000000
3   7   2   5   -0.0000000000
3   7   2   6   0.0015113113
3   7   3   7   0.1715474002
3   7   4   8   0.0555265528
3   8   3   8   0.1674434002
3   8   4   7   0.0555399154
4   5   1   8   0.0009303793
4   5   2   8   0.0000000004
4   5   4   5   0.1708722380
4   5   4   6   0.0000000044
4   6   1   8   0.0000000004
4   6   2   8   0.0019322595
4   6   4   5   0.0000000044
4   6   4   6   0.1814896664
4   7   3   8   0.0555399154
4   7   4   7   0.1674434002
4   8   1   5   0.0007373483
4   8   1   6   0.0000000003
4   8   2   5   0.0000000003
4   8   2   6   0.0015155615
4   8   3   7   0.0555265528
4   8   4   8   0.1816435656

End ABCD Block
Begin AIJB Block
1   7   1   5   0.0061408586
1   7   1   6   0.0000000001
1   7   2   8   0.0035143138
1   7   5   7   0.0007937742
1   7   6   7   0.0000000001
1   8   1   8   0.0008922312
1   8   2   5   0.0331707962
1   8   2   6   0.0000000000
1   8   3   7   -0.0002794195
1   8   4   7   0.0000000009
1   9   2   7   0.0012692729
1   9   3   5   0.0063004014
1   9   3   6   -0.0000000061
1   9   4   5   -0.0000000061
1   9   4   6   -0.0013560366
1   9   5   8   -0.0013375101
1   9   6   8   0.0000000013
1   10   2   7   -0.0000000041
1   10   3   5   -0.0000000061
1   10   3   6   -0.0005440048
1   10   4   5   0.0043916522
1   10   4   6   0.0000000061
1   10   5   8   0.0000000053
1   10   6   8   0.0010710879
1   11   1   7   0.0004200057
1   11   3   8   -0.0001871241
1   11   4   8   0.0000000008
1   11   5   5   0.0390123098
1   11   5   6   -0.0000000014
1   11   6   5   -0.0000000014
1   11   6   6   -0.0128676809
1   12   1   7   0.0000000000
1   12   3   8   0.0000000012
1   12   4   8   0.0005595270
1   12   5   5   -0.0000000014
1   12   5   6   0.0300107266
1   12   6   5   0.0561367864
1   12   6   6   0.0000000014
2   7   1   5   0.0000000001
2   7   1   6   0.0031708033
2   7   2   8   0.0000000017
2   7   5   7   -0.0000000001
2   7   6   7   0.0007985900
2   8   1   8   0.0000000004
2   8   2   5   0.0000000000
2   8   2   6   0.0331581955
2   8   3   7   0.0000000009
2   8   4   7   0.0002765457
2   9   2   7   -0.0000000041
2   9   3   5   -0.0000000061
2   9   3   6   0.0043909682
2   9   4   5   -0.0005440048
2   9   4   6   0.0000000060
2   9   5   8   0.0000000162
2   9   6   8   -0.0027631311
2   10   2   7   -0.0012763768
2   10   3   5   -0.0013560366
2   10   3   6   0.0000000060
2   10   4   5   0.0000000061
2   10   4   6   0.0062831806
2   10   5   8   0.0051684093
2   10   6   8   0.0000000097
2   11   1   7   -0.0000000000
2   11   3   8   0.0000000044
2   11   4   8   0.0014236558
2   11   5   5   -0.0000000014
2   11   5   6   0.0561878182
2   11   6   5   0.0300107266
2   11   6   6   0.0000000014
2   12   1   7   0.0004215335
2   12   3   8   -0.0006809979
2   12   4   8   0.0000000024
2   12   5   5   -0.0128676809
2   12   5   6   0.0000000014
2   12   6   5   0.0000000014
2   12   6   6   0.0390274178
3   7   1   7   0.0074604817
3   7   3   8   -0.0031858657
3   7   4   8   0.0000000117
3   7   5   5   0.0004200057
3   7   5   6   -0.0000000000
3   7   6   5   0.0000000000
3   7   6   6   0.0004215335
3   8   2   7   0.0023222822
3   8   3   5   0.0012692729
3   8   3   6   -0.0000000041
3   8   4   5   -0.0000000041
3   8   4   6   -0.0012763768
3   8   5   8   0.0014397734
3   8   6   8   0.0000000007
3   9   1   8   -0.0040235256
3   9   2   5   -0.0002794195
3   9   2   6   0.0000000009
3   9   3   7   0.0061568978
3   9   4   7   0.0000000000
3   10   1   8   0.0000000148
3   10   2   5   0.0000000009
3   10   2   6   0.0002765457
3   10   3   7   0.0000000000
3   10   4   7   0.0061634717
3   11   1   5   0.0007937742
3   11   1   6   -0.0000000001
3   11   2   8   0.0017071618
3   11   5   7   0.0020709507
3   12   1   5   0.0000000001
3   12   1   6   0.0007985900
3   12   2   8   0.0000000008
3   12   6   7   0.0020713057
4   7   1   8   0.0030721698
4   7   2   5   0.0008922312
4   7   2   6   0.0000000004
4   7   3   7   -0.0040235256
4   7   4   7   0.0000000148
4   8   1   5   0.0035143138
4   8   1   6   0.0000000017
4   8   2   8   0.0013231418
4   8   5   7   0.0017071618
4   8   6   7   0.0000000008
4   9   1   7   -0.0031858657
4   9   3   8   0.0035803418
4   9   4   8   0.0000000088
4   9   5   5   -0.0001871241
4   9   5   6   0.0000000044
4   9   6   5   0.0000000012
4   9   6   6   -0.0006809979
4   10   1   7   0.0000000117
4   10   3   8   0.0000000088
4   10   4   8   0.0067582065
4   10   5   5   0.0000000008
4   10   5   6   0.0014236558
4   10   6   5   0.0005595270
4   10   6   6   0.0000000024
4   11   2   7   0.0014397734
4   11   3   5   -0.0013375101
4   11   3   6   0.0000000162
4   11   4   5   0.0000000053
4   11   4   6   0.0051684093
4   11   5   8   0.0022521833
4   11   6   8   0.0000000008
4   12   2   7   0.0000000007
4   12   3   5   0.0000000013
4   12   3   6   -0.0027631311
4   12   4   5   0.0010710879
4   12   4   6   0.0000000097
4   12   5   8   0.0000000008
4   12   6   8   0.0006851019

1   7   7   1   -0.2731109692
1   7   7   2   -0.0000000008
1   7   8   4   -0.0006763460
1   7   11   3   -0.0002328547
1   7   12   3   -0.0000000000
1   8   7   4   -0.0006576600
1   8   8   1   -0.2852318405
1   8   9   3   -0.0002899964
1   8   10   3   0.0000000009
1   9   8   3   -0.0000613275
1   9   9   1   -0.2671042164
1   9   9   2   0.0000000189
1   9   10   1   0.0000000190
1   9   10   2   0.0025263600
1   9   11   4   0.0001150841
1   9   12   4   -0.0000000010
1   10   8   3   0.0000000002
1   10   9   1   0.0000000190
1   10   9   2   0.0033966877
1   10   10   1   -0.2611631082
1   10   10   2   -0.0000000189
1   10   11   4   -0.0000000006
1   10   12   4   -0.0004795182
1   11   7   3   -0.0001664495
1   11   9   4   0.0000796535
1   11   10   4   -0.0000000005
1   11   11   1   -0.2699193534
1   11   11   2   0.0000000022
1   11   12   1   0.0000000022
1   11   12   2   -0.0144442615
1   12   9   4   -0.0000000007
1   12   10   4   -0.0003666496
1   12   11   1   0.0000000022
1   12   11   2   -0.0123671230
1   12   12   1   -0.2967364320
1   12   12   2   -0.0000000022
2   7   7   1   -0.0000000008
2   7   7   2   -0.2509118128
2   7   8   4   -0.0000000003
2   7   11   3   0.0000000000
2   7   12   3   -0.0002301316
2   8   7   4   -0.0000000003
2   8   8   2   -0.2852361809
2   8   9   3   0.0000000009
2   8   10   3   0.0002967915
2   9   8   3   0.0000000001
2   9   9   1   0.0000000189
2   9   9   2   -0.2611627461
2   9   10   1   0.0033966877
2   9   10   2   -0.0000000189
2   9   11   4   -0.0000000040
2   9   12   4   0.0007096981
2   10   8   3   0.0000461511
2   10   9   1   0.0025263600
2   10   9   2   -0.0000000189
2   10   10   1   -0.0000000189
2   10   10   2   -0.2670684042
2   10   11   4   -0.0013116393
2   10   12   4   -0.0000000024
2   11   7   3   0.0000000000
2   11   9   4   -0.0000000038
2   11   10   4   -0.0012070409
2   11   11   1   0.0000000022
2   11   11   2   -0.2967333453
2   11   12   1   -0.0123671230
2   11   12   2   -0.0000000022
2   12   7   3   -0.0001721703
2   12   9   4   0.0007691540
2   12   10   4   -0.0000000026
2   12   11   1   -0.0144442615
2   12   11   2   -0.0000000022
2   12   12   1   -0.0000000022
2   12   12   2   -0.2699206454
3   7   7   3   -0.1957055717
3   7   9   4   0.0324359165
3   7   10   4   -0.0000001194
3   7   11   1   -0.0001664495
3   7   11   2   0.0000000000
3   7   12   2   -0.0001721703
3   8   8   3   -0.1903462366
3   8   9   1   -0.0000613275
3   8   9   2   0.0000000001
3   8   10   1   0.0000000002
3   8   10   2   0.0000461511
3   8   11   4   -0.0391118258
3   8   12   4   -0.0000000194
3   9   7   4   0.0323596599
3   9   8   1   -0.0002899964
3   9   8   2   0.0000000009
3   9   9   3   -0.1957082310
3   9   10   3   -0.0000000000
3   10   7   4   -0.0000001191
3   10   8   1   0.0000000009
3   10   8   2   0.0002967915
3   10   9   3   -0.0000000000
3   10   10   3   -0.1957182441
3   11   7   1   -0.0002328547
3   11   7   2   0.0000000000
3   11   8   4   -0.0391080039
3   11   11   3   -0.1899364525
3   11   12   3   0.0000000000
3   12   7   1   -0.0000000000
3   12   7   2   -0.0002301316
3   12   8   4   -0.0000000194
3   12   11   3   0.0000000000
3   12   12   3   -0.1899386893
4   7   7   4   -0.1724876336
4   7   8   1   -0.0006576600
4   7   8   2   -0.0000000003
4   7   9   3   0.0323596599
4   7   10   3   -0.0000001191
4   8   7   1   -0.0006763460
4   8   7   2   -0.0000000003
4   8   8   4   -0.1780345029
4   8   11   3   -0.0391080039
4   8   12   3   -0.0000000194
4   9   7   3   0.0324359165
4   9   9   4   -0.1787769053
4   9   10   4   -0.0000000362
4   9   11   1   0.0000796535
4   9   11   2   -0.0000000038
4   9   12   1   -0.0000000007
4   9   12   2   0.0007691540
4   10   7   3   -0.0000001194
4   10   9   4   -0.0000000362
4   10   10   4   -0.1918182659
4   10   11   1   -0.0000000005
4   10   11   2   -0.0012070409
4   10   12   1   -0.0003666496
4   10   12   2   -0.0000000026
4   11   8   3   -0.0391118258
4   11   9   1   0.0001150841
4   11   9   2   -0.0000000040
4   11   10   1   -0.0000000006
4   11   10   2   -0.0013116393
4   11   11   4   -0.1866321510
4   11   12   4   -0.0000000082
4   12   8   3   -0.0000000194
4   12   9   1   -0.0000000010
4   12   9   2   0.0007096981
4   12   10   1   -0.0004795182
4   12   10   2   -0.0000000024
4   12   11   4   -0.0000000082
4   12   12   4   -0.1701410478

End AIJB Block
Begin IJKA Block
1   7   1   8   -0.0000000140
1   7   2   5   0.0000000001
1   7   2   6   -0.0030594809
1   7   3   7   0.0000000021
1   7   4   7   0.0006267107
1   8   1   5   0.0000000006
1   8   1   6   -0.0178173182
1   8   2   8   -0.0000000007
1   8   5   7   0.0000000001
1   8   6   7   -0.0011654584
1   9   1   7   0.0000000072
1   9   3   8   0.0000000015
1   9   4   8   0.0014328677
1   9   5   5   -0.0000000026
1   9   5   6   0.0004223178
1   9   6   5   0.0042525078
1   9   6   6   -0.0000000099
1   10   1   7   0.0022413206
1   10   3   8   -0.0004727168
1   10   4   8   -0.0000000044
1   10   5   5   -0.0007245577
1   10   5   6   -0.0000000012
1   10   6   5   -0.0000000137
1   10   6   6   -0.0031177504
1   11   2   7   0.0000000000
1   11   3   5   -0.0000000883
1   11   3   6   -0.0167114788
1   11   4   5   -0.0269475192
1   11   4   6   0.0000000544
1   11   5   8   -0.0000000002
1   11   6   8   -0.0009438420
1   12   2   7   -0.0005185241
1   12   3   5   0.0390874243
1   12   3   6   -0.0000000927
1   12   4   5   -0.0000001265
1   12   4   6   -0.0288773726
1   12   5   8   -0.0006068994
1   12   6   8   -0.0000000010
2   7   1   5   0.0000000001
2   7   1   6   -0.0030267006
2   7   2   8   -0.0000000137
2   7   5   7   0.0000000000
2   7   6   7   -0.0026629562
2   8   1   8   -0.0000000006
2   8   2   5   -0.0000000001
2   8   2   6   0.0000015013
2   8   3   7   -0.0000000001
2   8   4   7   -0.0000126563
2   9   2   7   0.0000000000
2   9   3   5   -0.0000000053
2   9   3   6   0.0008180340
2   9   4   5   -0.0008121833
2   9   4   6   -0.0000000053
2   9   5   8   0.0000000141
2   9   6   8   0.0037322990
2   10   2   7   -0.0000015607
2   10   3   5   -0.0008221975
2   10   3   6   -0.0000000053
2   10   4   5   0.0000000053
2   10   4   6   -0.0008250930
2   10   5   8   0.0039152011
2   10   6   8   -0.0000000135
2   11   1   7   0.0000000001
2   11   3   8   0.0000000019
2   11   4   8   0.0005158443
2   11   5   5   0.0000000029
2   11   5   6   0.0490919747
2   11   6   5   -0.0490642591
2   11   6   6   0.0000000028
2   12   1   7   -0.0004324083
2   12   3   8   0.0005229323
2   12   4   8   -0.0000000019
2   12   5   5   -0.0490488438
2   12   5   6   0.0000000029
2   12   6   5   -0.0000000029
2   12   6   6   -0.0490771368
3   7   1   7   0.0000000016
3   7   3   8   -0.0000000166
3   7   4   8   -0.0007221367
3   7   5   5   -0.0000000022
3   7   5   6   0.0006616627
3   7   6   5   0.0036494107
3   7   6   6   -0.0000000075
3   8   2   7   -0.0000000000
3   8   3   5   0.0000000098
3   8   3   6   -0.0015202473
3   8   4   5   0.0015293657
3   8   4   6   0.0000000098
3   8   5   8   0.0000000028
3   8   6   8   0.0006858396
3   9   1   8   0.0000000016
3   9   2   5   -0.0000000050
3   9   2   6   0.0007741138
3   9   3   7   0.0000000226
3   9   4   7   0.0023226190
3   10   1   8   -0.0004223047
3   10   2   5   -0.0007704553
3   10   2   6   -0.0000000050
3   10   3   7   0.0023391943
3   10   4   7   -0.0000000227
3   11   1   5   -0.0000000872
3   11   1   6   -0.0163368328
3   11   2   8   0.0000000022
3   11   5   7   0.0000000005
3   11   6   7   0.0000216950
3   12   1   5   0.0386894332
3   12   1   6   -0.0000000912
3   12   2   8   0.0005448814
3   12   5   7   0.0000287426
3   12   6   7   -0.0000000002
4   7   1   7   0.0005154954
4   7   3   8   -0.0007840794
4   7   4   8   -0.0000000077
4   7   5   5   -0.0006254059
4   7   5   6   -0.0000000020
4   7   6   5   -0.0000000117
4   7   6   6   -0.0023630644
4   8   2   7   0.0000001407
4   8   3   5   0.0015152233
4   8   3   6   0.0000000098
4   8   4   5   -0.0000000099
4   8   4   6   0.0015088227
4   8   5   8   0.0007715869
4   8   6   8   -0.0000000025
4   9   1   8   0.0014320132
4   9   2   5   -0.0007716462
4   9   2   6   -0.0000000050
4   9   3   7   0.0023431650
4   9   4   7   -0.0000000227
4   10   1   8   -0.0000000044
4   10   2   5   0.0000000050
4   10   2   6   -0.0007686574
4   10   3   7   -0.0000000228
4   10   4   7   -0.0023688724
4   11   1   5   -0.0266071924
4   11   1   6   0.0000000532
4   11   2   8   0.0005982419
4   11   5   7   0.0001647707
4   11   6   7   -0.0000000001
4   12   1   5   -0.0000001252
4   12   1   6   -0.0284123253
4   12   2   8   -0.0000000020
4   12   5   7   -0.0000000001
4   12   6   7   -0.0000681332
5   7   2   7   0.0000000000
5   7   3   5   -0.0000000026
5   7   3   6   0.0004191347
5   7   4   5   -0.0007534407
5   7   4   6   -0.0000000013
5   7   5   8   -0.0000000116
5   7   6   8   -0.0029421621
5   8   1   7   0.0000000001
5   8   3   8   0.0000000023
5   8   4   8   0.0006323294
5   8   5   5   0.0000000013
5   8   5   6   0.0226889427
5   8   6   5   -0.0227015728
5   8   6   6   0.0000000013
5   9   1   5   -0.0000000029
5   9   1   6   0.0003322578
5   9   2   8   0.0000000139
5   9   5   7   -0.0000000021
5   9   6   7   -0.0008636208
5   10   1   5   -0.0008293088
5   10   1   6   -0.0000000009
5   10   2   8   0.0038495025
5   10   5   7   -0.0006839900
5   10   6   7   0.0000000026
5   11   1   8   -0.0000000001
5   11   2   5   0.0000000029
5   11   2   6   0.0501582834
5   11   3   7   -0.0000000001
5   11   4   7   -0.0000316130
5   12   1   8   -0.0005833501
5   12   2   5   -0.0501150404
5   12   2   6   0.0000000029
5   12   3   7   -0.0000211389
5   12   4   7   0.0000000001
6   7   2   7   -0.0025658711
6   7   3   5   0.0035166569
6   7   3   6   -0.0000000075
6   7   4   5   -0.0000000113
6   7   4   6   -0.0023587694
6   7   5   8   -0.0031205411
6   7   6   8   -0.0000000148
6   8   1   7   -0.0010845392
6   8   3   8   0.0006458850
6   8   4   8   -0.0000000024
6   8   5   5   -0.0227000734
6   8   5   6   0.0000000013
6   8   6   5   -0.0000000014
6   8   6   6   -0.0226869278
6   9   1   5   0.0041615430
6   9   1   6   -0.0000000096
6   9   2   8   0.0037646105
6   9   5   7   -0.0009143496
6   9   6   7   0.0000000027
6   10   1   5   -0.0000000133
6   10   1   6   -0.0030023237
6   10   2   8   -0.0000000136
6   10   5   7   0.0000000029
6   10   6   7   0.0008256567
6   11   1   8   -0.0009396314
6   11   2   5   -0.0501311288
6   11   2   6   0.0000000029
6   11   3   7   -0.0000164502
6   11   4   7   0.0000000000
6   12   1   8   -0.0000000010
6   12   2   5   -0.0000000029
6   12   2   6   -0.0501408273
6   12   3   7   0.0000000000
6   12   4   7   0.0000144289

End IJKA Block
Begin IABC Block
1   5   1   8   -0.0000000006
1   5   2   8   -0.0006303763
1   5   4   5   -0.0000000122
1   5   4   6   -0.0022758456
1   6   1   8   -0.0006774076
1   6   2   8   -0.0000000002
1   6   4   5   -0.0021653646
1   6   4   6   -0.0000000106
1   7   3   8   0.0000000046
1   7   4   7   -0.0000000026
1   8   1   5   -0.0000000005
1   8   1   6   -0.0004895853
1   8   2   5   -0.0004569195
1   8   2   6   -0.0000000002
1   8   3   7   0.0000000046
1   8   4   8   -0.0000000006
2   5   1   5   0.0000000017
2   5   1   6   -0.0172523683
2   5   2   5   -0.0172436374
2   5   2   6   -0.0000000018
2   5   3   7   0.0000000001
2   5   4   8   -0.0000000008
2   6   1   5   -0.0172675418
2   6   1   6   -0.0000000018
2   6   2   5   -0.0000000018
2   6   2   6   0.0172387630
2   6   3   7   -0.0000931418
2   6   4   8   0.0008568867
2   7   1   7   -0.0000000000
2   7   2   7   -0.0000043304
2   7   3   5   -0.0000000000
2   7   3   6   -0.0000027476
2   8   1   8   -0.0000000086
2   8   2   8   0.0092195609
2   8   4   5   -0.0000000009
2   8   4   6   0.0009932770
3   5   1   7   -0.0000000035
3   5   2   7   0.0010813474
3   5   3   5   -0.0000000026
3   5   3   6   0.0007637024
3   6   1   7   0.0010629879
3   6   2   7   0.0000000032
3   6   3   5   0.0008083291
3   6   3   6   0.0000000021
3   7   1   5   -0.0000000033
3   7   1   6   0.0009897672
3   7   2   5   0.0009912165
3   7   2   6   0.0000000033
3   7   3   7   0.0000000001
3   7   4   8   -0.0000000195
3   8   3   8   -0.0000000234
3   8   4   7   -0.0000000194
4   5   1   7   -0.0010514637
4   5   2   7   -0.0000000035
4   5   3   5   -0.0007657576
4   5   3   6   -0.0000000024
4   6   1   7   -0.0000000035
4   6   2   7   0.0009531249
4   6   3   5   -0.0000000027
4   6   3   6   0.0006194237
4   7   1   5   -0.0009851330
4   7   1   6   -0.0000000033
4   7   2   5   -0.0000000033
4   7   2   6   0.0009861772
4   7   3   7   0.0000064003
4   7   4   8   -0.0047420370
4   8   3   8   -0.0056700989
4   8   4   7   -0.0047054803
5   5   3   8   -0.0000000004
5   5   4   7   -0.0000000004
5   6   3   8   0.0010370714
5   6   4   7   0.0009175541
5   7   1   8   -0.0000000113
5   7   2   8   0.0256799523
5   7   4   5   -0.0000000004
5   7   4   6   0.0009884552
5   8   1   7   -0.0000000112
5   8   2   7   0.0256085462
5   8   3   5   -0.0000000005
5   8   3   6   0.0011409394
6   5   3   8   -0.0011256375
6   5   4   7   -0.0010072004
6   6   3   8   -0.0000000005
6   6   4   7   -0.0000000005
6   7   1   8   -0.0256926886
6   7   2   8   -0.0000000113
6   7   4   5   -0.0009646232
6   7   4   6   -0.0000000004
6   8   1   7   -0.0256253386
6   8   2   7   -0.0000000112
6   8   3   5   -0.0011207259
6   8   3   6   -0.0000000005

End IABC Block
