Begin IJ Block
1   1   -4.6890058826
1   2   0.0000000232
1   3   0.2050799850
2   2   -4.5847257045
2   3   0.0000000169
3   3   -4.2326029925
4   4   -4.1383735410
4   5   0.0000000000
5   5   -4.1383735409

End IJ Block
Begin IA Block
1   3   0.0000000148
2   3   -0.2728004630
3   3   -0.0000000213
4   1   0.0000000049
4   2   0.0000000195
5   1   0.0000000195
5   2   -0.0000000049

End IA Block
Begin AB Block
1   1   -4.0359254131
2   2   -4.0359254131
3   3   -4.1233579115

End AB Block
Begin IJKL Block
1   6   1   6   0.4642747036
1   6   1   7   -0.0000000216
1   6   1   8   -0.0301860088
1   6   2   6   -0.0000000216
1   6   2   7   0.2121373132
1   6   2   8   -0.0000000044
1   6   3   6   -0.0301860088
1   6   3   7   -0.0000000044
1   6   3   8   0.0707881155
1   6   4   9   0.0621981445
1   6   5   10   0.0621981445
1   7   1   6   -0.0000000216
1   7   1   7   0.4537219747
1   7   1   8   -0.0000000083
1   7   2   6   0.2138276985
1   7   2   7   0.0000000202
1   7   2   8   0.0676620732
1   7   3   6   -0.0000000044
1   7   3   7   -0.0001717804
1   7   3   8   -0.0000000007
1   7   4   9   -0.0000000012
1   7   5   10   -0.0000000012
1   8   1   6   -0.0301860088
1   8   1   7   -0.0000000083
1   8   1   8   0.4500574444
1   8   2   6   -0.0000000044
1   8   2   7   0.0682001221
1   8   2   8   -0.0000000032
1   8   3   6   0.0721549921
1   8   3   7   -0.0000000008
1   8   3   8   -0.0192195495
1   8   4   9   0.0015215571
1   8   5   10   0.0015215571
1   9   1   9   0.4422599270
1   9   2   9   -0.0000000050
1   9   3   9   -0.0197056275
1   9   4   6   0.0639656071
1   9   4   7   -0.0000000012
1   9   4   8   0.0008859424
1   10   1   10   0.4422599270
1   10   2   10   -0.0000000050
1   10   3   10   -0.0197056275
1   10   5   6   0.0639656071
1   10   5   7   -0.0000000012
1   10   5   8   0.0008859424
2   6   1   6   -0.0000000216
2   6   1   7   0.2138276985
2   6   1   8   -0.0000000044
2   6   2   6   0.4537219747
2   6   2   7   0.0000000202
2   6   2   8   -0.0001717804
2   6   3   6   -0.0000000083
2   6   3   7   0.0676620732
2   6   3   8   -0.0000000007
2   6   4   9   -0.0000000012
2   6   5   10   -0.0000000012
2   7   1   6   0.2121373132
2   7   1   7   0.0000000202
2   7   1   8   0.0682001221
2   7   2   6   0.0000000202
2   7   2   7   0.4611820804
2   7   2   8   0.0000000064
2   7   3   6   0.0682001221
2   7   3   7   0.0000000064
2   7   3   8   0.0700015254
2   7   4   9   0.0560528197
2   7   5   10   0.0560528197
2   8   1   6   -0.0000000044
2   8   1   7   0.0676620732
2   8   1   8   -0.0000000032
2   8   2   6   -0.0001717804
2   8   2   7   0.0000000064
2   8   2   8   0.4435945264
2   8   3   6   -0.0000000008
2   8   3   7   0.0708960469
2   8   3   8   -0.0000000018
2   8   4   9   0.0000000001
2   8   5   10   0.0000000001
2   9   1   9   -0.0000000050
2   9   2   9   0.4365851966
2   9   3   9   -0.0000000024
2   9   4   6   -0.0000000012
2   9   4   7   0.0556011137
2   9   4   8   -0.0000000001
2   10   1   10   -0.0000000050
2   10   2   10   0.4365851966
2   10   3   10   -0.0000000024
2   10   5   6   -0.0000000012
2   10   5   7   0.0556011137
2   10   5   8   -0.0000000001
3   6   1   6   -0.0301860088
3   6   1   7   -0.0000000044
3   6   1   8   0.0721549921
3   6   2   6   -0.0000000083
3   6   2   7   0.0682001221
3   6   2   8   -0.0000000008
3   6   3   6   0.4500574444
3   6   3   7   -0.0000000032
3   6   3   8   -0.0192195495
3   6   4   9   0.0015215571
3   6   5   10   0.0015215571
3   7   1   6   -0.0000000044
3   7   1   7   -0.0001717804
3   7   1   8   -0.0000000008
3   7   2   6   0.0676620732
3   7   2   7   0.0000000064
3   7   2   8   0.0708960469
3   7   3   6   -0.0000000032
3   7   3   7   0.4435945264
3   7   3   8   -0.0000000018
3   7   4   9   0.0000000001
3   7   5   10   0.0000000001
3   8   1   6   0.0707881155
3   8   1   7   -0.0000000007
3   8   1   8   -0.0192195495
3   8   2   6   -0.0000000007
3   8   2   7   0.0700015254
3   8   2   8   -0.0000000018
3   8   3   6   -0.0192195495
3   8   3   7   -0.0000000018
3   8   3   8   0.4573359307
3   8   4   9   0.0138351314
3   8   5   10   0.0138351314
3   9   1   9   -0.0197056275
3   9   2   9   -0.0000000024
3   9   3   9   0.4229374827
3   9   4   6   0.0008859424
3   9   4   7   -0.0000000001
3   9   4   8   0.0131609245
3   10   1   10   -0.0197056275
3   10   2   10   -0.0000000024
3   10   3   10   0.4229374827
3   10   5   6   0.0008859424
3   10   5   7   -0.0000000001
3   10   5   8   0.0131609245
4   6   1   9   0.0639656071
4   6   2   9   -0.0000000012
4   6   3   9   0.0008859424
4   6   4   6   0.4422599270
4   6   4   7   -0.0000000050
4   6   4   8   -0.0197056275
4   7   1   9   -0.0000000012
4   7   2   9   0.0556011137
4   7   3   9   -0.0000000001
4   7   4   6   -0.0000000050
4   7   4   7   0.4365851966
4   7   4   8   -0.0000000024
4   8   1   9   0.0008859424
4   8   2   9   -0.0000000001
4   8   3   9   0.0131609245
4   8   4   6   -0.0197056275
4   8   4   7   -0.0000000024
4   8   4   8   0.4229374827
4   9   1   6   0.0621981445
4   9   1   7   -0.0000000012
4   9   1   8   0.0015215571
4   9   2   6   -0.0000000012
4   9   2   7   0.0560528197
4   9   2   8   0.0000000001
4   9   3   6   0.0015215571
4   9   3   7   0.0000000001
4   9   3   8   0.0138351314
4   9   4   9   0.4415459267
4   9   5   9   -0.0000000000
4   9   5   10   0.0129957550
4   10   4   10   0.4174490508
4   10   5   9   0.0111011210
4   10   5   10   -0.0000000000
5   6   1   10   0.0639656071
5   6   2   10   -0.0000000012
5   6   3   10   0.0008859424
5   6   5   6   0.4422599270
5   6   5   7   -0.0000000050
5   6   5   8   -0.0197056275
5   7   1   10   -0.0000000012
5   7   2   10   0.0556011137
5   7   3   10   -0.0000000001
5   7   5   6   -0.0000000050
5   7   5   7   0.4365851966
5   7   5   8   -0.0000000024
5   8   1   10   0.0008859424
5   8   2   10   -0.0000000001
5   8   3   10   0.0131609245
5   8   5   6   -0.0197056275
5   8   5   7   -0.0000000024
5   8   5   8   0.4229374827
5   9   4   9   -0.0000000000
5   9   4   10   0.0111011210
5   9   5   9   0.4174490508
5   10   1   6   0.0621981445
5   10   1   7   -0.0000000012
5   10   1   8   0.0015215571
5   10   2   6   -0.0000000012
5   10   2   7   0.0560528197
5   10   2   8   0.0000000001
5   10   3   6   0.0015215571
5   10   3   7   0.0000000001
5   10   3   8   0.0138351314
5   10   4   9   0.0129957550
5   10   4   10   -0.0000000000
5   10   5   10   0.4415459267

End IJKL Block
Begin IJAB Block
1   6   1   4   0.0590506820
1   6   2   5   0.0590506820
1   6   3   6   0.0665557991
1   7   1   4   0.0000000008
1   7   2   5   0.0000000008
1   7   3   6   0.0000000009
1   8   1   4   0.0094559215
1   8   2   5   0.0094559215
1   8   3   6   -0.0264853608
1   9   1   6   0.0035791605
1   9   2   6   0.0142086575
1   9   3   4   0.0068734459
1   9   3   5   0.0272864093
1   10   1   6   0.0142086575
1   10   2   6   -0.0035791605
1   10   3   4   0.0272864093
1   10   3   5   -0.0068734459
2   6   1   4   0.0000000008
2   6   2   5   0.0000000008
2   6   3   6   0.0000000009
2   7   1   4   0.0682904165
2   7   2   5   0.0682904165
2   7   3   6   0.0665023446
2   8   1   4   0.0000000008
2   8   2   5   0.0000000008
2   8   3   6   -0.0000000008
2   9   1   6   0.0000000001
2   9   2   6   0.0000000006
2   9   3   4   0.0000000003
2   9   3   5   0.0000000012
2   10   1   6   0.0000000006
2   10   2   6   -0.0000000001
2   10   3   4   0.0000000012
2   10   3   5   -0.0000000003
3   6   1   4   0.0094559215
3   6   2   5   0.0094559215
3   6   3   6   -0.0264853608
3   7   1   4   0.0000000008
3   7   2   5   0.0000000008
3   7   3   6   -0.0000000008
3   8   1   4   0.0224624417
3   8   2   5   0.0224624417
3   8   3   6   0.1881982760
3   9   1   6   -0.0043506323
3   9   2   6   -0.0172712692
3   9   3   4   -0.0391108833
3   9   3   5   -0.1552635440
3   10   1   6   -0.0172712692
3   10   2   6   0.0043506323
3   10   3   4   -0.1552635440
3   10   3   5   0.0391108833
4   6   1   6   0.0068734459
4   6   2   6   0.0272864093
4   6   3   4   0.0035791605
4   6   3   5   0.0142086575
4   7   1   6   0.0000000003
4   7   2   6   0.0000000012
4   7   3   4   0.0000000001
4   7   3   5   0.0000000006
4   8   1   6   -0.0391108833
4   8   2   6   -0.1552635440
4   8   3   4   -0.0043506323
4   8   3   5   -0.0172712692
4   9   1   4   0.0348804441
4   9   1   5   0.0461918712
4   9   2   4   0.0461918712
4   9   2   5   0.2066185722
4   9   3   6   0.0245138022
4   10   1   4   0.0461918712
4   10   1   5   0.0101651347
4   10   2   4   0.1615729934
4   10   2   5   -0.0461918712
5   6   1   6   0.0272864093
5   6   2   6   -0.0068734459
5   6   3   4   0.0142086575
5   6   3   5   -0.0035791605
5   7   1   6   0.0000000012
5   7   2   6   -0.0000000003
5   7   3   4   0.0000000006
5   7   3   5   -0.0000000001
5   8   1   6   -0.1552635440
5   8   2   6   0.0391108833
5   8   3   4   -0.0172712692
5   8   3   5   0.0043506323
5   9   1   4   0.0461918712
5   9   1   5   0.1615729934
5   9   2   4   0.0101651347
5   9   2   5   -0.0461918712
5   10   1   4   0.2066185722
5   10   1   5   -0.0461918712
5   10   2   4   -0.0461918712
5   10   2   5   0.0348804441
5   10   3   6   0.0245138022

End IJAB Block
Begin ABCD Block
1   4   1   4   0.4417359299
1   4   2   5   0.0168841635
1   4   3   6   0.0189489653
1   5   1   5   0.4087641159
1   5   2   4   0.0160876505
1   6   1   6   0.4242948626
1   6   3   4   0.0184404797
2   4   1   5   0.0160876505
2   4   2   4   0.4087641159
2   5   1   4   0.0168841635
2   5   2   5   0.4417359299
2   5   3   6   0.0189489653
2   6   2   6   0.4242948626
2   6   3   5   0.0184404797
3   4   1   6   0.0184404797
3   4   3   4   0.4242948626
3   5   2   6   0.0184404797
3   5   3   5   0.4242948626
3   6   1   4   0.0189489653
3   6   2   5   0.0189489653
3   6   3   6   0.4786082383

End ABCD Block
Begin AIJB Block
1   6   1   4   0.0569497585
1   6   2   4   0.0000000007
1   6   3   4   0.0089588339
1   6   4   6   0.0066898751
1   6   5   6   0.0265576643
1   7   1   4   0.0000000007
1   7   2   4   0.0678032164
1   7   3   4   0.0000000008
1   7   4   6   0.0000000003
1   7   5   6   0.0000000013
1   8   1   4   0.0089588339
1   8   2   4   0.0000000008
1   8   3   4   0.0219531127
1   8   4   6   -0.0396301865
1   8   5   6   -0.1573250893
1   9   1   6   0.0028580546
1   9   2   6   0.0000000001
1   9   3   6   -0.0039565431
1   9   4   4   0.0338301166
1   9   4   5   0.0454934194
1   9   5   4   0.0454934194
1   9   5   5   0.1619617940
1   10   1   6   0.0113459898
1   10   2   6   0.0000000005
1   10   3   6   -0.0157068023
1   10   4   4   0.0454934194
1   10   4   5   0.0071795397
1   10   5   4   0.2029714503
1   10   5   5   -0.0454934194
2   6   1   5   0.0569497585
2   6   2   5   0.0000000007
2   6   3   5   0.0089588339
2   6   4   6   0.0265576643
2   6   5   6   -0.0066898751
2   7   1   5   0.0000000007
2   7   2   5   0.0678032164
2   7   3   5   0.0000000008
2   7   4   6   0.0000000013
2   7   5   6   -0.0000000003
2   8   1   5   0.0089588339
2   8   2   5   0.0000000008
2   8   3   5   0.0219531127
2   8   4   6   -0.1573250893
2   8   5   6   0.0396301865
2   9   1   6   0.0113459898
2   9   2   6   0.0000000005
2   9   3   6   -0.0157068023
2   9   4   4   0.0454934194
2   9   4   5   0.2029714503
2   9   5   4   0.0071795397
2   9   5   5   -0.0454934194
2   10   1   6   -0.0028580546
2   10   2   6   -0.0000000001
2   10   3   6   0.0039565431
2   10   4   4   0.1619617940
2   10   4   5   -0.0454934194
2   10   5   4   -0.0454934194
2   10   5   5   0.0338301166
3   6   1   6   0.0621825687
3   6   2   6   0.0000000006
3   6   3   6   -0.0248841827
3   6   4   4   0.0028580546
3   6   4   5   0.0113459898
3   6   5   4   0.0113459898
3   6   5   5   -0.0028580546
3   7   1   6   0.0000000006
3   7   2   6   0.0651982988
3   7   3   6   -0.0000000008
3   7   4   4   0.0000000001
3   7   4   5   0.0000000005
3   7   5   4   0.0000000005
3   7   5   5   -0.0000000001
3   8   1   6   -0.0248841827
3   8   2   6   -0.0000000008
3   8   3   6   0.1891252551
3   8   4   4   -0.0039565431
3   8   4   5   -0.0157068023
3   8   5   4   -0.0157068023
3   8   5   5   0.0039565431
3   9   1   4   0.0066898751
3   9   1   5   0.0265576643
3   9   2   4   0.0000000003
3   9   2   5   0.0000000013
3   9   3   4   -0.0396301865
3   9   3   5   -0.1573250893
3   9   4   6   0.0233702689
3   10   1   4   0.0265576643
3   10   1   5   -0.0066898751
3   10   2   4   0.0000000013
3   10   2   5   -0.0000000003
3   10   3   4   -0.1573250893
3   10   3   5   0.0396301865
3   10   5   6   0.0233702689

1   6   6   1   -0.4410676460
1   6   7   1   -0.0000000038
1   6   8   1   0.0096724245
1   6   9   3   -0.0034655701
1   6   10   3   -0.0137577228
1   7   6   1   -0.0000000038
1   7   7   1   -0.4432309266
1   7   8   1   -0.0000000009
1   7   9   3   -0.0000000001
1   7   10   3   -0.0000000006
1   8   6   1   0.0096724245
1   8   7   1   -0.0000000009
1   8   8   1   -0.4255597559
1   8   9   3   0.0040716767
1   8   10   3   0.0161638629
1   9   6   3   -0.0035602577
1   9   7   3   -0.0000000002
1   9   8   3   0.0046929688
1   9   9   1   -0.4235804891
1   9   9   2   -0.0089569248
1   9   10   1   -0.0089569248
1   9   10   2   -0.0152676115
1   10   6   3   -0.0141336166
1   10   7   3   -0.0000000006
1   10   8   3   0.0186302866
1   10   9   1   -0.0089569248
1   10   9   2   -0.0180336051
1   10   10   1   -0.4568817057
1   10   10   2   0.0089569248
2   6   6   2   -0.4410676460
2   6   7   2   -0.0000000038
2   6   8   2   0.0096724245
2   6   9   3   -0.0137577228
2   6   10   3   0.0034655701
2   7   6   2   -0.0000000038
2   7   7   2   -0.4432309266
2   7   8   2   -0.0000000009
2   7   9   3   -0.0000000006
2   7   10   3   0.0000000001
2   8   6   2   0.0096724245
2   8   7   2   -0.0000000009
2   8   8   2   -0.4255597559
2   8   9   3   0.0161638629
2   8   10   3   -0.0040716767
2   9   6   3   -0.0141336166
2   9   7   3   -0.0000000006
2   9   8   3   0.0186302866
2   9   9   1   -0.0089569248
2   9   9   2   -0.4568817057
2   9   10   1   -0.0180336051
2   9   10   2   0.0089569248
2   10   6   3   0.0035602577
2   10   7   3   0.0000000002
2   10   8   3   -0.0046929688
2   10   9   1   -0.0152676115
2   10   9   2   0.0089569248
2   10   10   1   0.0089569248
2   10   10   2   -0.4235804891
3   6   6   3   -0.4636959352
3   6   7   3   -0.0000000026
3   6   8   3   0.0329931720
3   6   9   1   -0.0035602577
3   6   9   2   -0.0141336166
3   6   10   1   -0.0141336166
3   6   10   2   0.0035602577
3   7   6   3   -0.0000000026
3   7   7   3   -0.4556878176
3   7   8   3   0.0000000006
3   7   9   1   -0.0000000002
3   7   9   2   -0.0000000006
3   7   10   1   -0.0000000006
3   7   10   2   0.0000000002
3   8   6   3   0.0329931720
3   8   7   3   0.0000000006
3   8   8   3   -0.4768032788
3   8   9   1   0.0046929688
3   8   9   2   0.0186302866
3   8   10   1   0.0186302866
3   8   10   2   -0.0046929688
3   9   6   1   -0.0034655701
3   9   6   2   -0.0137577228
3   9   7   1   -0.0000000001
3   9   7   2   -0.0000000006
3   9   8   1   0.0040716767
3   9   8   2   0.0161638629
3   9   9   3   -0.4387011764
3   10   6   1   -0.0137577228
3   10   6   2   0.0034655701
3   10   7   1   -0.0000000006
3   10   7   2   0.0000000001
3   10   8   1   0.0161638629
3   10   8   2   -0.0040716767
3   10   10   3   -0.4387011764

End AIJB Block
Begin IJKA Block
1   6   1   6   -0.0000000045
1   6   2   6   0.0266234612
1   6   3   6   0.0000000056
1   6   4   4   -0.0000000015
1   6   4   5   -0.0000000059
1   6   5   4   -0.0000000059
1   6   5   5   0.0000000015
1   7   1   6   0.0380399273
1   7   2   6   0.0000000026
1   7   3   6   -0.0633080163
1   7   4   4   0.0153926845
1   7   4   5   0.0611063351
1   7   5   4   0.0611063351
1   7   5   5   -0.0153926845
1   8   1   6   0.0000000190
1   8   2   6   -0.1816809872
1   8   3   6   0.0000000022
1   8   4   4   -0.0000000001
1   8   4   5   -0.0000000003
1   8   5   4   -0.0000000003
1   8   5   5   0.0000000001
1   9   1   4   -0.0000000050
1   9   1   5   -0.0000000197
1   9   2   4   0.0476075298
1   9   2   5   0.1889937832
1   9   3   4   -0.0000000006
1   9   3   5   -0.0000000024
1   9   4   6   -0.0000000007
1   10   1   4   -0.0000000197
1   10   1   5   0.0000000050
1   10   2   4   0.1889937832
1   10   2   5   -0.0476075298
1   10   3   4   -0.0000000024
1   10   3   5   0.0000000006
1   10   5   6   -0.0000000007
2   6   1   6   0.0261628757
2   6   2   6   0.0000000022
2   6   3   6   -0.0442524553
2   6   4   4   0.0137683626
2   6   4   5   0.0546580540
2   6   5   4   0.0546580540
2   6   5   5   -0.0137683626
2   7   1   6   0.0000000026
2   7   2   6   0.0123099344
2   7   3   6   -0.0000000052
2   7   4   4   0.0000000014
2   7   4   5   0.0000000055
2   7   5   4   0.0000000055
2   7   5   5   -0.0000000014
2   8   1   6   -0.1820410188
2   8   2   6   -0.0000000176
2   8   3   6   -0.0600662739
2   8   4   4   0.0022045797
2   8   4   5   0.0087518057
2   8   5   4   0.0087518057
2   8   5   5   -0.0022045797
2   9   1   4   0.0475134800
2   9   1   5   0.1886204216
2   9   2   4   0.0000000046
2   9   2   5   0.0000000182
2   9   3   4   0.0146732921
2   9   3   5   0.0582504699
2   9   4   6   0.0073083148
2   10   1   4   0.1886204216
2   10   1   5   -0.0475134800
2   10   2   4   0.0000000182
2   10   2   5   -0.0000000046
2   10   3   4   0.0582504699
2   10   3   5   -0.0146732921
2   10   5   6   0.0073083148
3   6   1   6   0.0000000056
3   6   2   6   -0.0437566791
3   6   3   6   -0.0000000013
3   6   4   4   -0.0000000000
3   6   4   5   -0.0000000002
3   6   5   4   -0.0000000002
3   6   5   5   0.0000000000
3   7   1   6   -0.0626240128
3   7   2   6   -0.0000000051
3   7   3   6   0.0172050893
3   7   4   4   0.0013777411
3   7   4   5   0.0054693975
3   7   5   4   0.0054693975
3   7   5   5   -0.0013777411
3   8   1   6   0.0000000022
3   8   2   6   -0.0607944317
3   8   3   6   0.0000000027
3   8   4   4   -0.0000000000
3   8   4   5   -0.0000000002
3   8   5   4   -0.0000000002
3   8   5   5   0.0000000000
3   9   1   4   -0.0000000006
3   9   1   5   -0.0000000024
3   9   2   4   0.0145911360
3   9   2   5   0.0579243241
3   9   3   4   -0.0000000007
3   9   3   5   -0.0000000028
3   9   4   6   0.0000000003
3   10   1   4   -0.0000000024
3   10   1   5   0.0000000006
3   10   2   4   0.0579243241
3   10   2   5   -0.0145911360
3   10   3   4   -0.0000000028
3   10   3   5   0.0000000007
3   10   5   6   0.0000000003
4   6   1   4   -0.0000000015
4   6   1   5   -0.0000000059
4   6   2   4   0.0136736826
4   6   2   5   0.0542821907
4   6   3   4   -0.0000000001
4   6   3   5   -0.0000000004
4   6   4   6   -0.0000000021
4   7   1   4   0.0150838812
4   7   1   5   0.0598804387
4   7   2   4   0.0000000013
4   7   2   5   0.0000000053
4   7   3   4   0.0018752920
4   7   3   5   0.0074445898
4   7   4   6   0.0298769401
4   8   1   4   -0.0000000001
4   8   1   5   -0.0000000005
4   8   2   4   0.0025053753
4   8   2   5   0.0099459131
4   8   3   4   -0.0000000000
4   8   3   5   -0.0000000002
4   8   4   6   0.0000000043
4   9   1   6   -0.0000000008
4   9   2   6   0.0075513012
4   9   3   6   0.0000000004
4   9   4   4   -0.0000000014
4   9   4   5   -0.0000000055
4   9   5   4   -0.0000000005
4   9   5   5   0.0000000001
4   10   4   4   -0.0000000045
4   10   4   5   0.0000000011
4   10   5   4   -0.0000000001
4   10   5   5   -0.0000000005
5   6   1   4   -0.0000000059
5   6   1   5   0.0000000015
5   6   2   4   0.0542821907
5   6   2   5   -0.0136736826
5   6   3   4   -0.0000000004
5   6   3   5   0.0000000001
5   6   5   6   -0.0000000021
5   7   1   4   0.0598804387
5   7   1   5   -0.0150838812
5   7   2   4   0.0000000053
5   7   2   5   -0.0000000013
5   7   3   4   0.0074445898
5   7   3   5   -0.0018752920
5   7   5   6   0.0298769401
5   8   1   4   -0.0000000005
5   8   1   5   0.0000000001
5   8   2   4   0.0099459131
5   8   2   5   -0.0025053753
5   8   3   4   -0.0000000002
5   8   3   5   0.0000000000
5   8   5   6   0.0000000043
5   9   4   4   -0.0000000005
5   9   4   5   0.0000000001
5   9   5   4   -0.0000000011
5   9   5   5   -0.0000000045
5   10   1   6   -0.0000000008
5   10   2   6   0.0075513012
5   10   3   6   0.0000000004
5   10   4   4   -0.0000000001
5   10   4   5   -0.0000000005
5   10   5   4   -0.0000000055
5   10   5   5   0.0000000014

End IJKA Block
Begin IABC Block
1   4   1   6   -0.0000000004
1   4   3   4   -0.0000000007
1   5   2   6   -0.0000000004
1   5   3   5   -0.0000000007
1   6   1   4   -0.0000000002
1   6   2   5   -0.0000000002
1   6   3   6   -0.0000000015
2   4   1   6   0.0101246693
2   4   3   4   0.0259882386
2   5   2   6   0.0101246693
2   5   3   5   0.0259882386
2   6   1   4   0.0081517376
2   6   2   5   0.0081517376
2   6   3   6   0.0370255707
3   4   1   6   0.0000000000
3   4   3   4   -0.0000000029
3   5   3   5   -0.0000000029
3   6   1   4   -0.0000000002
3   6   2   5   -0.0000000002
3   6   3   6   -0.0000000013
4   4   1   4   0.0000000010
4   4   1   5   0.0000000002
4   4   2   4   0.0000000033
4   4   2   5   0.0000000001
4   4   3   6   0.0000000001
4   5   1   4   0.0000000004
4   5   1   5   0.0000000008
4   5   2   4   0.0000000000
4   5   2   5   0.0000000039
4   5   3   6   0.0000000002
4   6   1   6   0.0000000005
4   6   2   6   0.0000000018
4   6   3   4   -0.0000000000
4   6   3   5   -0.0000000001
5   4   1   4   0.0000000039
5   4   1   5   -0.0000000000
5   4   2   4   -0.0000000008
5   4   2   5   0.0000000004
5   4   3   6   0.0000000002
5   5   1   4   -0.0000000001
5   5   1   5   0.0000000033
5   5   2   4   0.0000000002
5   5   2   5   -0.0000000010
5   5   3   6   -0.0000000001
5   6   1   6   0.0000000018
5   6   2   6   -0.0000000005
5   6   3   4   -0.0000000001
5   6   3   5   0.0000000000

End IABC Block
