Begin IJ Block
1   1   -27.8129102696
1   3   0.4712036077
1   4   0.0000000000
1   5   -0.2564847918
2   2   -27.8139169615
2   3   0.0000000000
2   4   -0.4963574182
2   5   -0.0000000000
3   3   -9.9742772906
3   5   -0.9474344294
4   4   -7.6628337307
5   5   -7.8469979886
6   6   -8.0391792236
7   7   -8.0391792236

End IJ Block
Begin IA Block
1   3   -0.0000000000
1   4   0.0221011406
2   3   0.2673351432
3   4   0.7755451029
4   3   1.1467397819
5   4   1.3372261471
6   5   -0.7662433472
6   6   -1.7370274758
7   5   1.7370274758
7   6   -0.7662433472

End IA Block
Begin AB Block
1   1   -6.9134452761
2   2   -6.9134452761
3   3   -4.5410467367
4   4   -5.2110435700
5   5   -5.8565888372
6   6   -5.8565888372

End AB Block
Begin IJKL Block
1   8   1   8   2.3026915984
1   8   1   9   -0.0000000001
1   8   1   10   -0.1989049877
1   8   1   11   -0.0000000000
1   8   1   12   0.0725338864
1   8   2   8   -0.0000000001
1   8   2   9   1.8198932092
1   8   2   10   0.0000000000
1   8   2   11   0.1770140623
1   8   3   8   -0.1989049877
1   8   3   9   0.0000000000
1   8   3   10   0.0364382005
1   8   3   12   -0.0024567943
1   8   4   8   -0.0000000000
1   8   4   9   0.1770140623
1   8   4   11   0.0286848308
1   8   5   8   0.0725338864
1   8   5   10   -0.0024567943
1   8   5   12   0.0177329439
1   8   6   13   0.0124779907
1   8   7   14   0.0124779907
1   9   1   8   -0.0000000001
1   9   1   9   2.3036560139
1   9   1   10   0.0000000000
1   9   1   11   0.1849321419
1   9   2   8   1.8198932092
1   9   2   9   0.0000000001
1   9   2   10   -0.2094719926
1   9   2   11   0.0000000000
1   9   2   12   0.0556266008
1   9   3   8   0.0000000000
1   9   3   9   -0.1990717160
1   9   3   11   -0.0252115637
1   9   4   8   0.1770140623
1   9   4   9   0.0000000000
1   9   4   10   -0.0255545192
1   9   4   12   0.0153658933
1   9   5   9   0.0725602581
1   9   5   11   0.0159252171
1   10   1   8   -0.1989049877
1   10   1   9   0.0000000000
1   10   1   10   0.8402167774
1   10   1   11   0.0000000000
1   10   1   12   0.0980029635
1   10   2   8   0.0000000000
1   10   2   9   -0.2094719926
1   10   2   11   -0.1671334981
1   10   3   8   0.0364382005
1   10   3   10   0.0060103428
1   10   3   12   0.0090922295
1   10   4   9   -0.0255545192
1   10   4   11   -0.0036256375
1   10   5   8   -0.0024567943
1   10   5   10   0.0313155109
1   10   5   12   0.0163720032
1   10   6   13   0.0171306561
1   10   7   14   0.0171306561
1   11   1   8   -0.0000000000
1   11   1   9   0.1849321419
1   11   1   10   0.0000000000
1   11   1   11   0.6657569802
1   11   1   12   -0.0000000000
1   11   2   8   0.1770140623
1   11   2   9   0.0000000000
1   11   2   10   -0.1671334981
1   11   2   12   0.2523701943
1   11   3   9   -0.0252115637
1   11   3   11   -0.0131691860
1   11   4   8   0.0286848308
1   11   4   10   -0.0036256375
1   11   4   12   -0.0040252253
1   11   5   9   0.0159252171
1   11   5   11   -0.0062734898
1   12   1   8   0.0725338864
1   12   1   10   0.0980029635
1   12   1   11   -0.0000000000
1   12   1   12   0.6947093410
1   12   2   9   0.0556266008
1   12   2   11   0.2523701943
1   12   3   8   -0.0024567943
1   12   3   10   0.0090922295
1   12   3   12   -0.0083087061
1   12   4   9   0.0153658933
1   12   4   11   -0.0040252253
1   12   5   8   0.0177329439
1   12   5   10   0.0163720032
1   12   5   12   -0.0013605135
1   12   6   13   -0.0040484962
1   12   7   14   -0.0040484962
1   13   1   13   0.6859676053
1   13   3   13   0.0000814846
1   13   5   13   0.0106758683
1   13   6   8   0.0124779907
1   13   6   10   0.0171306561
1   13   6   12   -0.0040484962
1   14   1   14   0.6859676053
1   14   3   14   0.0000814846
1   14   5   14   0.0106758683
1   14   7   8   0.0124779907
1   14   7   10   0.0171306561
1   14   7   12   -0.0040484962
2   8   1   8   -0.0000000001
2   8   1   9   1.8198932092
2   8   1   10   0.0000000000
2   8   1   11   0.1770140623
2   8   2   8   2.3036560139
2   8   2   9   0.0000000001
2   8   2   10   -0.1990717160
2   8   2   11   0.0000000000
2   8   2   12   0.0725602581
2   8   3   8   0.0000000000
2   8   3   9   -0.2094719926
2   8   3   11   -0.0255545192
2   8   4   8   0.1849321419
2   8   4   9   0.0000000000
2   8   4   10   -0.0252115637
2   8   4   12   0.0159252171
2   8   5   9   0.0556266008
2   8   5   11   0.0153658933
2   9   1   8   1.8198932092
2   9   1   9   0.0000000001
2   9   1   10   -0.2094719926
2   9   1   11   0.0000000000
2   9   1   12   0.0556266008
2   9   2   8   0.0000000001
2   9   2   9   2.3046212917
2   9   2   10   -0.0000000000
2   9   2   11   0.1850591679
2   9   2   12   0.0000000000
2   9   3   8   -0.2094719926
2   9   3   9   -0.0000000000
2   9   3   10   0.0360391692
2   9   3   12   -0.0031990586
2   9   4   8   0.0000000000
2   9   4   9   0.1850591679
2   9   4   11   0.0289681857
2   9   5   8   0.0556266008
2   9   5   9   0.0000000000
2   9   5   10   -0.0031990586
2   9   5   12   0.0165289199
2   9   6   13   0.0118752888
2   9   7   14   0.0118752888
2   10   1   8   0.0000000000
2   10   1   9   -0.2094719926
2   10   1   11   -0.1671334981
2   10   2   8   -0.1990717160
2   10   2   9   -0.0000000000
2   10   2   10   0.8401376719
2   10   2   11   -0.0000000000
2   10   2   12   0.0979268948
2   10   3   9   0.0360391692
2   10   3   11   0.0088521444
2   10   4   8   -0.0252115637
2   10   4   10   0.0219393703
2   10   4   12   0.0077523847
2   10   5   9   -0.0031990586
2   10   5   11   0.0020805792
2   11   1   8   0.1770140623
2   11   1   9   0.0000000000
2   11   1   10   -0.1671334981
2   11   1   12   0.2523701943
2   11   2   8   0.0000000000
2   11   2   9   0.1850591679
2   11   2   10   -0.0000000000
2   11   2   11   0.6658284821
2   11   2   12   0.0000000000
2   11   3   8   -0.0255545192
2   11   3   10   0.0088521444
2   11   3   12   -0.0156253610
2   11   4   9   0.0289681857
2   11   4   11   0.0030483068
2   11   5   8   0.0153658933
2   11   5   10   0.0020805792
2   11   5   12   -0.0165999919
2   11   6   13   -0.0106088300
2   11   7   14   -0.0106088300
2   12   1   9   0.0556266008
2   12   1   11   0.2523701943
2   12   2   8   0.0725602581
2   12   2   9   0.0000000000
2   12   2   10   0.0979268948
2   12   2   11   0.0000000000
2   12   2   12   0.6947384327
2   12   3   9   -0.0031990586
2   12   3   11   -0.0156253610
2   12   4   8   0.0159252171
2   12   4   10   0.0077523847
2   12   4   12   0.0040429069
2   12   5   9   0.0165289199
2   12   5   11   -0.0165999919
2   13   2   13   0.6859625528
2   13   4   13   0.0086174151
2   13   6   9   0.0118752888
2   13   6   11   -0.0106088300
2   14   2   14   0.6859625528
2   14   4   14   0.0086174151
2   14   7   9   0.0118752888
2   14   7   11   -0.0106088300
3   8   1   8   -0.1989049877
3   8   1   9   0.0000000000
3   8   1   10   0.0364382005
3   8   1   12   -0.0024567943
3   8   2   8   0.0000000000
3   8   2   9   -0.2094719926
3   8   2   11   -0.0255545192
3   8   3   8   0.8402167774
3   8   3   10   0.0060103428
3   8   3   12   0.0313155109
3   8   4   8   0.0000000000
3   8   4   9   -0.1671334981
3   8   4   11   -0.0036256375
3   8   5   8   0.0980029635
3   8   5   10   0.0090922295
3   8   5   12   0.0163720032
3   8   6   13   0.0171306561
3   8   7   14   0.0171306561
3   9   1   8   0.0000000000
3   9   1   9   -0.1990717160
3   9   1   11   -0.0252115637
3   9   2   8   -0.2094719926
3   9   2   9   -0.0000000000
3   9   2   10   0.0360391692
3   9   2   12   -0.0031990586
3   9   3   9   0.8401376719
3   9   3   11   0.0219393703
3   9   4   8   -0.1671334981
3   9   4   9   -0.0000000000
3   9   4   10   0.0088521444
3   9   4   12   0.0020805792
3   9   5   9   0.0979268948
3   9   5   11   0.0077523847
3   10   1   8   0.0364382005
3   10   1   10   0.0060103428
3   10   1   12   0.0090922295
3   10   2   9   0.0360391692
3   10   2   11   0.0088521444
3   10   3   8   0.0060103428
3   10   3   10   0.8209248133
3   10   3   12   0.1433629179
3   10   4   9   0.0088521444
3   10   4   11   0.0535716267
3   10   5   8   0.0090922295
3   10   5   10   0.1433629179
3   10   5   12   0.0664977210
3   10   6   13   0.1008822953
3   10   7   14   0.1008822953
3   11   1   9   -0.0252115637
3   11   1   11   -0.0131691860
3   11   2   8   -0.0255545192
3   11   2   10   0.0088521444
3   11   2   12   -0.0156253610
3   11   3   9   0.0219393703
3   11   3   11   0.5202835557
3   11   4   8   -0.0036256375
3   11   4   10   0.0535716267
3   11   4   12   -0.0911237525
3   11   5   9   0.0077523847
3   11   5   11   0.0056986458
3   12   1   8   -0.0024567943
3   12   1   10   0.0090922295
3   12   1   12   -0.0083087061
3   12   2   9   -0.0031990586
3   12   2   11   -0.0156253610
3   12   3   8   0.0313155109
3   12   3   10   0.1433629179
3   12   3   12   0.5681969717
3   12   4   9   0.0020805792
3   12   4   11   -0.0911237525
3   12   5   8   0.0163720032
3   12   5   10   0.0664977210
3   12   5   12   0.0331309190
3   12   6   13   -0.0111450228
3   12   7   14   -0.0111450228
3   13   1   13   0.0000814846
3   13   3   13   0.6340790269
3   13   5   13   0.0621534834
3   13   6   8   0.0171306561
3   13   6   10   0.1008822953
3   13   6   12   -0.0111450228
3   14   1   14   0.0000814846
3   14   3   14   0.6340790269
3   14   5   14   0.0621534834
3   14   7   8   0.0171306561
3   14   7   10   0.1008822953
3   14   7   12   -0.0111450228
4   8   1   8   -0.0000000000
4   8   1   9   0.1770140623
4   8   1   11   0.0286848308
4   8   2   8   0.1849321419
4   8   2   9   0.0000000000
4   8   2   10   -0.0252115637
4   8   2   12   0.0159252171
4   8   3   8   0.0000000000
4   8   3   9   -0.1671334981
4   8   3   11   -0.0036256375
4   8   4   8   0.6657569802
4   8   4   10   -0.0131691860
4   8   4   12   -0.0062734898
4   8   5   8   -0.0000000000
4   8   5   9   0.2523701943
4   8   5   11   -0.0040252253
4   9   1   8   0.1770140623
4   9   1   9   0.0000000000
4   9   1   10   -0.0255545192
4   9   1   12   0.0153658933
4   9   2   8   0.0000000000
4   9   2   9   0.1850591679
4   9   2   11   0.0289681857
4   9   3   8   -0.1671334981
4   9   3   9   -0.0000000000
4   9   3   10   0.0088521444
4   9   3   12   0.0020805792
4   9   4   9   0.6658284821
4   9   4   11   0.0030483068
4   9   5   8   0.2523701943
4   9   5   9   0.0000000000
4   9   5   10   -0.0156253610
4   9   5   12   -0.0165999919
4   9   6   13   -0.0106088300
4   9   7   14   -0.0106088300
4   10   1   9   -0.0255545192
4   10   1   11   -0.0036256375
4   10   2   8   -0.0252115637
4   10   2   10   0.0219393703
4   10   2   12   0.0077523847
4   10   3   9   0.0088521444
4   10   3   11   0.0535716267
4   10   4   8   -0.0131691860
4   10   4   10   0.5202835557
4   10   4   12   0.0056986458
4   10   5   9   -0.0156253610
4   10   5   11   -0.0911237525
4   11   1   8   0.0286848308
4   11   1   10   -0.0036256375
4   11   1   12   -0.0040252253
4   11   2   9   0.0289681857
4   11   2   11   0.0030483068
4   11   3   8   -0.0036256375
4   11   3   10   0.0535716267
4   11   3   12   -0.0911237525
4   11   4   9   0.0030483068
4   11   4   11   0.5363074693
4   11   5   8   -0.0040252253
4   11   5   10   -0.0911237525
4   11   5   12   0.2088557942
4   11   6   13   0.0414925915
4   11   7   14   0.0414925915
4   12   1   9   0.0153658933
4   12   1   11   -0.0040252253
4   12   2   8   0.0159252171
4   12   2   10   0.0077523847
4   12   2   12   0.0040429069
4   12   3   9   0.0020805792
4   12   3   11   -0.0911237525
4   12   4   8   -0.0062734898
4   12   4   10   0.0056986458
4   12   4   12   0.5405944616
4   12   5   9   -0.0165999919
4   12   5   11   0.2088557942
4   13   2   13   0.0086174151
4   13   4   13   0.4929139464
4   13   6   9   -0.0106088300
4   13   6   11   0.0414925915
4   14   2   14   0.0086174151
4   14   4   14   0.4929139464
4   14   7   9   -0.0106088300
4   14   7   11   0.0414925915
5   8   1   8   0.0725338864
5   8   1   10   -0.0024567943
5   8   1   12   0.0177329439
5   8   2   9   0.0556266008
5   8   2   11   0.0153658933
5   8   3   8   0.0980029635
5   8   3   10   0.0090922295
5   8   3   12   0.0163720032
5   8   4   8   -0.0000000000
5   8   4   9   0.2523701943
5   8   4   11   -0.0040252253
5   8   5   8   0.6947093410
5   8   5   10   -0.0083087061
5   8   5   12   -0.0013605135
5   8   6   13   -0.0040484962
5   8   7   14   -0.0040484962
5   9   1   9   0.0725602581
5   9   1   11   0.0159252171
5   9   2   8   0.0556266008
5   9   2   9   0.0000000000
5   9   2   10   -0.0031990586
5   9   2   12   0.0165289199
5   9   3   9   0.0979268948
5   9   3   11   0.0077523847
5   9   4   8   0.2523701943
5   9   4   9   0.0000000000
5   9   4   10   -0.0156253610
5   9   4   12   -0.0165999919
5   9   5   9   0.6947384327
5   9   5   11   0.0040429069
5   10   1   8   -0.0024567943
5   10   1   10   0.0313155109
5   10   1   12   0.0163720032
5   10   2   9   -0.0031990586
5   10   2   11   0.0020805792
5   10   3   8   0.0090922295
5   10   3   10   0.1433629179
5   10   3   12   0.0664977210
5   10   4   9   -0.0156253610
5   10   4   11   -0.0911237525
5   10   5   8   -0.0083087061
5   10   5   10   0.5681969717
5   10   5   12   0.0331309190
5   10   6   13   -0.0111450228
5   10   7   14   -0.0111450228
5   11   1   9   0.0159252171
5   11   1   11   -0.0062734898
5   11   2   8   0.0153658933
5   11   2   10   0.0020805792
5   11   2   12   -0.0165999919
5   11   3   9   0.0077523847
5   11   3   11   0.0056986458
5   11   4   8   -0.0040252253
5   11   4   10   -0.0911237525
5   11   4   12   0.2088557942
5   11   5   9   0.0040429069
5   11   5   11   0.5405944616
5   12   1   8   0.0177329439
5   12   1   10   0.0163720032
5   12   1   12   -0.0013605135
5   12   2   9   0.0165289199
5   12   2   11   -0.0165999919
5   12   3   8   0.0163720032
5   12   3   10   0.0664977210
5   12   3   12   0.0331309190
5   12   4   9   -0.0165999919
5   12   4   11   0.2088557942
5   12   5   8   -0.0013605135
5   12   5   10   0.0331309190
5   12   5   12   0.5627641869
5   12   6   13   0.0236192604
5   12   7   14   0.0236192604
5   13   1   13   0.0106758683
5   13   3   13   0.0621534834
5   13   5   13   0.5045236471
5   13   6   8   -0.0040484962
5   13   6   10   -0.0111450228
5   13   6   12   0.0236192604
5   14   1   14   0.0106758683
5   14   3   14   0.0621534834
5   14   5   14   0.5045236471
5   14   7   8   -0.0040484962
5   14   7   10   -0.0111450228
5   14   7   12   0.0236192604
6   8   1   13   0.0124779907
6   8   3   13   0.0171306561
6   8   5   13   -0.0040484962
6   8   6   8   0.6859676053
6   8   6   10   0.0000814846
6   8   6   12   0.0106758683
6   9   2   13   0.0118752888
6   9   4   13   -0.0106088300
6   9   6   9   0.6859625528
6   9   6   11   0.0086174151
6   10   1   13   0.0171306561
6   10   3   13   0.1008822953
6   10   5   13   -0.0111450228
6   10   6   8   0.0000814846
6   10   6   10   0.6340790269
6   10   6   12   0.0621534834
6   11   2   13   -0.0106088300
6   11   4   13   0.0414925915
6   11   6   9   0.0086174151
6   11   6   11   0.4929139464
6   12   1   13   -0.0040484962
6   12   3   13   -0.0111450228
6   12   5   13   0.0236192604
6   12   6   8   0.0106758683
6   12   6   10   0.0621534834
6   12   6   12   0.5045236471
6   13   1   8   0.0124779907
6   13   1   10   0.0171306561
6   13   1   12   -0.0040484962
6   13   2   9   0.0118752888
6   13   2   11   -0.0106088300
6   13   3   8   0.0171306561
6   13   3   10   0.1008822953
6   13   3   12   -0.0111450228
6   13   4   9   -0.0106088300
6   13   4   11   0.0414925915
6   13   5   8   -0.0040484962
6   13   5   10   -0.0111450228
6   13   5   12   0.0236192604
6   13   6   13   0.5764829242
6   13   7   14   0.0232799509
6   14   6   14   0.5299230224
6   14   7   13   0.0232799509
7   8   1   14   0.0124779907
7   8   3   14   0.0171306561
7   8   5   14   -0.0040484962
7   8   7   8   0.6859676053
7   8   7   10   0.0000814846
7   8   7   12   0.0106758683
7   9   2   14   0.0118752888
7   9   4   14   -0.0106088300
7   9   7   9   0.6859625528
7   9   7   11   0.0086174151
7   10   1   14   0.0171306561
7   10   3   14   0.1008822953
7   10   5   14   -0.0111450228
7   10   7   8   0.0000814846
7   10   7   10   0.6340790269
7   10   7   12   0.0621534834
7   11   2   14   -0.0106088300
7   11   4   14   0.0414925915
7   11   7   9   0.0086174151
7   11   7   11   0.4929139464
7   12   1   14   -0.0040484962
7   12   3   14   -0.0111450228
7   12   5   14   0.0236192604
7   12   7   8   0.0106758683
7   12   7   10   0.0621534834
7   12   7   12   0.5045236471
7   13   6   14   0.0232799509
7   13   7   13   0.5299230224
7   14   1   8   0.0124779907
7   14   1   10   0.0171306561
7   14   1   12   -0.0040484962
7   14   2   9   0.0118752888
7   14   2   11   -0.0106088300
7   14   3   8   0.0171306561
7   14   3   10   0.1008822953
7   14   3   12   -0.0111450228
7   14   4   9   -0.0106088300
7   14   4   11   0.0414925915
7   14   5   8   -0.0040484962
7   14   5   10   -0.0111450228
7   14   5   12   0.0236192604
7   14   6   13   0.0232799509
7   14   7   14   0.5764829242

End IJKL Block
Begin IJAB Block
1   8   1   7   0.0114674747
1   8   2   8   0.0114674747
1   8   3   9   0.0112978352
1   8   4   10   0.0086842441
1   8   5   11   0.0176594809
1   8   6   12   0.0176594809
1   9   1   11   0.0136369047
1   9   1   12   0.0028526418
1   9   2   11   -0.0028526418
1   9   2   12   0.0136369047
1   9   3   10   -0.0026490477
1   9   4   9   -0.0026950795
1   9   5   7   0.0141107226
1   9   5   8   -0.0029517576
1   9   6   7   0.0029517576
1   9   6   8   0.0141107226
1   10   1   7   0.0096026879
1   10   2   8   0.0096026879
1   10   3   9   -0.0025569285
1   10   4   10   0.0069100770
1   10   5   11   0.0106929729
1   10   6   12   0.0106929729
1   11   1   11   -0.0058638056
1   11   1   12   -0.0012266227
1   11   2   11   0.0012266227
1   11   2   12   -0.0058638056
1   11   3   10   0.0008183026
1   11   4   9   0.0004280168
1   11   5   7   -0.0143180082
1   11   5   8   0.0029951187
1   11   6   7   -0.0029951187
1   11   6   8   -0.0143180082
1   12   1   7   -0.0065065324
1   12   2   8   -0.0065065324
1   12   3   9   0.0007523399
1   12   4   10   0.0039313733
1   12   5   11   0.0001871697
1   12   6   12   0.0001871697
1   13   1   9   0.0037715661
1   13   2   9   0.0052644822
1   13   3   7   -0.0015204903
1   13   3   8   -0.0021223528
1   13   4   11   -0.0011714111
1   13   4   12   -0.0026555182
1   13   5   10   0.0009156770
1   13   6   10   0.0020757846
1   14   1   9   -0.0052644822
1   14   2   9   0.0037715661
1   14   3   7   0.0021223528
1   14   3   8   -0.0015204903
1   14   4   11   0.0026555182
1   14   4   12   -0.0011714111
1   14   5   10   -0.0020757846
1   14   6   10   0.0009156770
2   8   1   11   0.0141107226
2   8   1   12   0.0029517576
2   8   2   11   -0.0029517576
2   8   2   12   0.0141107226
2   8   3   10   -0.0026950795
2   8   4   9   -0.0026490477
2   8   5   7   0.0136369047
2   8   5   8   -0.0028526418
2   8   6   7   0.0028526418
2   8   6   8   0.0136369047
2   9   1   7   0.0118477802
2   9   2   8   0.0118477802
2   9   3   9   0.0113134479
2   9   4   10   0.0080954209
2   9   5   11   0.0170432682
2   9   6   12   0.0170432682
2   10   1   11   0.0087723769
2   10   1   12   0.0018350534
2   10   2   11   -0.0018350534
2   10   2   12   0.0087723769
2   10   3   10   0.0007808883
2   10   4   9   -0.0006885350
2   10   5   7   0.0104824209
2   10   5   8   -0.0021927697
2   10   6   7   0.0021927697
2   10   6   8   0.0104824209
2   11   1   7   -0.0134939070
2   11   2   8   -0.0134939070
2   11   3   9   0.0021088859
2   11   4   10   -0.0015291498
2   11   5   11   -0.0066803833
2   11   6   12   -0.0066803833
2   12   1   11   -0.0001949902
2   12   1   12   -0.0000407891
2   12   2   11   0.0000407891
2   12   2   12   -0.0001949902
2   12   3   10   0.0015418357
2   12   4   9   -0.0018398717
2   12   5   7   -0.0063933177
2   12   5   8   0.0013373889
2   12   6   7   -0.0013373889
2   12   6   8   -0.0063933177
2   13   1   10   0.0013638971
2   13   2   10   0.0019037747
2   13   3   11   -0.0009556631
2   13   3   12   -0.0021664306
2   13   4   7   0.0025094537
2   13   4   8   0.0035027822
2   13   5   9   0.0029279471
2   13   6   9   0.0066374795
2   14   1   10   -0.0019037747
2   14   2   10   0.0013638971
2   14   3   11   0.0021664306
2   14   3   12   -0.0009556631
2   14   4   7   -0.0035027822
2   14   4   8   0.0025094537
2   14   5   9   -0.0066374795
2   14   6   9   0.0029279471
3   8   1   7   0.0096026879
3   8   2   8   0.0096026879
3   8   3   9   -0.0025569285
3   8   4   10   0.0069100770
3   8   5   11   0.0106929729
3   8   6   12   0.0106929729
3   9   1   11   0.0104824209
3   9   1   12   0.0021927697
3   9   2   11   -0.0021927697
3   9   2   12   0.0104824209
3   9   3   10   -0.0006885350
3   9   4   9   0.0007808883
3   9   5   7   0.0087723769
3   9   5   8   -0.0018350534
3   9   6   7   0.0018350534
3   9   6   8   0.0087723769
3   10   1   7   0.0313255079
3   10   2   8   0.0313255079
3   10   3   9   0.0267569701
3   10   4   10   0.0394137547
3   10   5   11   0.0279873147
3   10   6   12   0.0279873147
3   11   1   11   -0.0085507759
3   11   1   12   -0.0017886977
3   11   2   11   0.0017886977
3   11   2   12   -0.0085507759
3   11   3   10   -0.0070119458
3   11   4   9   0.0058640303
3   11   5   7   -0.0171089026
3   11   5   8   0.0035789331
3   11   6   7   -0.0035789331
3   11   6   8   -0.0171089026
3   12   1   7   -0.0218594668
3   12   2   8   -0.0218594668
3   12   3   9   -0.0012834972
3   12   4   10   0.0235512809
3   12   5   11   0.0038209129
3   12   6   12   0.0038209129
3   13   1   9   0.0112560397
3   13   2   9   0.0157115689
3   13   3   7   0.0283751629
3   13   3   8   0.0396070323
3   13   4   11   -0.0129874723
3   13   4   12   -0.0294418167
3   13   5   10   -0.0006352818
3   13   6   10   -0.0014401456
3   14   1   9   -0.0157115689
3   14   2   9   0.0112560397
3   14   3   7   -0.0396070323
3   14   3   8   0.0283751629
3   14   4   11   0.0294418167
3   14   4   12   -0.0129874723
3   14   5   10   0.0014401456
3   14   6   10   -0.0006352818
4   8   1   11   -0.0143180082
4   8   1   12   -0.0029951187
4   8   2   11   0.0029951187
4   8   2   12   -0.0143180082
4   8   3   10   0.0004280168
4   8   4   9   0.0008183026
4   8   5   7   -0.0058638056
4   8   5   8   0.0012266227
4   8   6   7   -0.0012266227
4   8   6   8   -0.0058638056
4   9   1   7   -0.0134939070
4   9   2   8   -0.0134939070
4   9   3   9   0.0021088859
4   9   4   10   -0.0015291498
4   9   5   11   -0.0066803833
4   9   6   12   -0.0066803833
4   10   1   11   -0.0171089026
4   10   1   12   -0.0035789331
4   10   2   11   0.0035789331
4   10   2   12   -0.0171089026
4   10   3   10   0.0058640303
4   10   4   9   -0.0070119458
4   10   5   7   -0.0085507759
4   10   5   8   0.0017886977
4   10   6   7   -0.0017886977
4   10   6   8   -0.0085507759
4   11   1   7   0.0717686553
4   11   2   8   0.0717686553
4   11   3   9   0.0344092052
4   11   4   10   0.0157205704
4   11   5   11   0.0120064775
4   11   6   12   0.0120064775
4   12   1   11   -0.0077272615
4   12   1   12   -0.0016164305
4   12   2   11   0.0016164305
4   12   2   12   -0.0077272615
4   12   3   10   0.0343769144
4   12   4   9   0.0174870172
4   12   5   7   0.0027953336
4   12   5   8   -0.0005847431
4   12   6   7   0.0005847431
4   12   6   8   0.0027953336
4   13   1   10   -0.0117493503
4   13   2   10   -0.0164001489
4   13   3   11   -0.0131127643
4   13   3   12   -0.0297258462
4   13   4   7   -0.0025014052
4   13   4   8   -0.0034915477
4   13   5   9   -0.0033017265
4   13   6   9   -0.0074848149
4   14   1   10   0.0164001489
4   14   2   10   -0.0117493503
4   14   3   11   0.0297258462
4   14   3   12   -0.0131127643
4   14   4   7   0.0034915477
4   14   4   8   -0.0025014052
4   14   5   9   0.0074848149
4   14   6   9   -0.0033017265
5   8   1   7   -0.0065065324
5   8   2   8   -0.0065065324
5   8   3   9   0.0007523399
5   8   4   10   0.0039313733
5   8   5   11   0.0001871697
5   8   6   12   0.0001871697
5   9   1   11   -0.0063933177
5   9   1   12   -0.0013373889
5   9   2   11   0.0013373889
5   9   2   12   -0.0063933177
5   9   3   10   -0.0018398717
5   9   4   9   0.0015418357
5   9   5   7   -0.0001949902
5   9   5   8   0.0000407891
5   9   6   7   -0.0000407891
5   9   6   8   -0.0001949902
5   10   1   7   -0.0218594668
5   10   2   8   -0.0218594668
5   10   3   9   -0.0012834972
5   10   4   10   0.0235512809
5   10   5   11   0.0038209129
5   10   6   12   0.0038209129
5   11   1   11   0.0027953336
5   11   1   12   0.0005847431
5   11   2   11   -0.0005847431
5   11   2   12   0.0027953336
5   11   3   10   0.0174870172
5   11   4   9   0.0343769144
5   11   5   7   -0.0077272615
5   11   5   8   0.0016164305
5   11   6   7   -0.0016164305
5   11   6   8   -0.0077272615
5   12   1   7   0.0359066497
5   12   2   8   0.0359066497
5   12   3   9   0.0231776058
5   12   4   10   0.0466175630
5   12   5   11   0.0120034211
5   12   6   12   0.0120034211
5   13   1   9   -0.0058157111
5   13   2   9   -0.0081177704
5   13   3   7   0.0051330222
5   13   3   8   0.0071648497
5   13   4   11   -0.0160541799
5   13   4   12   -0.0363938580
5   13   5   10   0.0009293772
5   13   6   10   0.0021068420
5   14   1   9   0.0081177704
5   14   2   9   -0.0058157111
5   14   3   7   -0.0071648497
5   14   3   8   0.0051330222
5   14   4   11   0.0363938580
5   14   4   12   -0.0160541799
5   14   5   10   -0.0021068420
5   14   6   10   0.0009293772
6   8   1   9   -0.0015204903
6   8   2   9   -0.0021223528
6   8   3   7   0.0037715661
6   8   3   8   0.0052644822
6   8   4   11   0.0009156770
6   8   4   12   0.0020757846
6   8   5   10   -0.0011714111
6   8   6   10   -0.0026555182
6   9   1   10   0.0025094537
6   9   2   10   0.0035027822
6   9   3   11   0.0029279471
6   9   3   12   0.0066374795
6   9   4   7   0.0013638971
6   9   4   8   0.0019037747
6   9   5   9   -0.0009556631
6   9   6   9   -0.0021664306
6   10   1   9   0.0283751629
6   10   2   9   0.0396070323
6   10   3   7   0.0112560397
6   10   3   8   0.0157115689
6   10   4   11   -0.0006352818
6   10   4   12   -0.0014401456
6   10   5   10   -0.0129874723
6   10   6   10   -0.0294418167
6   11   1   10   -0.0025014052
6   11   2   10   -0.0034915477
6   11   3   11   -0.0033017265
6   11   3   12   -0.0074848149
6   11   4   7   -0.0117493503
6   11   4   8   -0.0164001489
6   11   5   9   -0.0131127643
6   11   6   9   -0.0297258462
6   12   1   9   0.0051330222
6   12   2   9   0.0071648497
6   12   3   7   -0.0058157111
6   12   3   8   -0.0081177704
6   12   4   11   0.0009293772
6   12   4   12   0.0021068420
6   12   5   10   -0.0160541799
6   12   6   10   -0.0363938580
6   13   1   7   0.0554112899
6   13   1   8   0.0583019426
6   13   2   7   0.0583019426
6   13   2   8   0.0950226349
6   13   3   9   0.0141375881
6   13   4   10   0.0198462843
6   13   5   11   0.0193077403
6   13   5   12   0.0251953294
6   13   6   11   0.0251953294
6   13   6   12   0.0653097855
6   14   1   7   -0.0583019426
6   14   1   8   0.0281257499
6   14   2   7   -0.0677370949
6   14   2   8   0.0583019426
6   14   5   11   -0.0251953294
6   14   5   12   0.0029207549
6   14   6   11   -0.0489228001
6   14   6   12   0.0251953294
7   8   1   9   0.0021223528
7   8   2   9   -0.0015204903
7   8   3   7   -0.0052644822
7   8   3   8   0.0037715661
7   8   4   11   -0.0020757846
7   8   4   12   0.0009156770
7   8   5   10   0.0026555182
7   8   6   10   -0.0011714111
7   9   1   10   -0.0035027822
7   9   2   10   0.0025094537
7   9   3   11   -0.0066374795
7   9   3   12   0.0029279471
7   9   4   7   -0.0019037747
7   9   4   8   0.0013638971
7   9   5   9   0.0021664306
7   9   6   9   -0.0009556631
7   10   1   9   -0.0396070323
7   10   2   9   0.0283751629
7   10   3   7   -0.0157115689
7   10   3   8   0.0112560397
7   10   4   11   0.0014401456
7   10   4   12   -0.0006352818
7   10   5   10   0.0294418167
7   10   6   10   -0.0129874723
7   11   1   10   0.0034915477
7   11   2   10   -0.0025014052
7   11   3   11   0.0074848149
7   11   3   12   -0.0033017265
7   11   4   7   0.0164001489
7   11   4   8   -0.0117493503
7   11   5   9   0.0297258462
7   11   6   9   -0.0131127643
7   12   1   9   -0.0071648497
7   12   2   9   0.0051330222
7   12   3   7   0.0081177704
7   12   3   8   -0.0058157111
7   12   4   11   -0.0021068420
7   12   4   12   0.0009293772
7   12   5   10   0.0363938580
7   12   6   10   -0.0160541799
7   13   1   7   -0.0583019426
7   13   1   8   -0.0677370949
7   13   2   7   0.0281257499
7   13   2   8   0.0583019426
7   13   5   11   -0.0251953294
7   13   5   12   -0.0489228001
7   13   6   11   0.0029207549
7   13   6   12   0.0251953294
7   14   1   7   0.0950226349
7   14   1   8   -0.0583019426
7   14   2   7   -0.0583019426
7   14   2   8   0.0554112899
7   14   3   9   0.0141375881
7   14   4   10   0.0198462843
7   14   5   11   0.0653097855
7   14   5   12   -0.0251953294
7   14   6   11   -0.0251953294
7   14   6   12   0.0193077403

End IJAB Block
Begin ABCD Block
1   7   1   7   0.4788219070
1   7   2   8   0.0182330074
1   7   3   9   0.0174799119
1   7   4   10   0.0071440892
1   7   5   11   0.0431866853
1   7   5   12   0.0076709986
1   7   6   11   0.0076709986
1   7   6   12   0.0081205389
1   8   1   8   0.4423558922
1   8   2   7   0.0182330074
1   8   5   11   -0.0076709986
1   8   5   12   0.0301549298
1   8   6   11   0.0049112166
1   8   6   12   0.0076709986
1   9   1   9   0.3438212174
1   9   3   7   0.0174799119
1   9   4   11   -0.0028796306
1   9   4   12   -0.0006023768
1   9   5   10   -0.0119766634
1   9   6   10   -0.0025053435
1   10   1   10   0.3845330154
1   10   3   11   -0.0097804594
1   10   3   12   -0.0020459296
1   10   4   7   0.0071440892
1   10   5   9   -0.0119766634
1   10   6   9   -0.0025053435
1   11   1   11   0.4303589333
1   11   1   12   0.0054477773
1   11   2   11   -0.0054477773
1   11   2   12   0.0124516095
1   11   3   10   -0.0097804594
1   11   4   9   -0.0028796306
1   11   5   7   0.0431866853
1   11   5   8   -0.0076709986
1   11   6   7   0.0076709986
1   11   6   8   0.0049112166
1   12   1   11   0.0054477773
1   12   1   12   0.4054557143
1   12   2   11   0.0124516095
1   12   2   12   0.0054477773
1   12   3   10   -0.0020459296
1   12   4   9   -0.0006023768
1   12   5   7   0.0076709986
1   12   5   8   0.0301549298
1   12   6   7   0.0081205389
1   12   6   8   0.0076709986
2   7   1   8   0.0182330074
2   7   2   7   0.4423558922
2   7   5   11   -0.0076709986
2   7   5   12   0.0049112166
2   7   6   11   0.0301549298
2   7   6   12   0.0076709986
2   8   1   7   0.0182330074
2   8   2   8   0.4788219070
2   8   3   9   0.0174799119
2   8   4   10   0.0071440892
2   8   5   11   0.0081205389
2   8   5   12   -0.0076709986
2   8   6   11   -0.0076709986
2   8   6   12   0.0431866853
2   9   2   9   0.3438212174
2   9   3   8   0.0174799119
2   9   4   11   0.0006023768
2   9   4   12   -0.0028796306
2   9   5   10   0.0025053435
2   9   6   10   -0.0119766634
2   10   2   10   0.3845330154
2   10   3   11   0.0020459296
2   10   3   12   -0.0097804594
2   10   4   8   0.0071440892
2   10   5   9   0.0025053435
2   10   6   9   -0.0119766634
2   11   1   11   -0.0054477773
2   11   1   12   0.0124516095
2   11   2   11   0.4054557143
2   11   2   12   -0.0054477773
2   11   3   10   0.0020459296
2   11   4   9   0.0006023768
2   11   5   7   -0.0076709986
2   11   5   8   0.0081205389
2   11   6   7   0.0301549298
2   11   6   8   -0.0076709986
2   12   1   11   0.0124516095
2   12   1   12   0.0054477773
2   12   2   11   -0.0054477773
2   12   2   12   0.4303589333
2   12   3   10   -0.0097804594
2   12   4   9   -0.0028796306
2   12   5   7   0.0049112166
2   12   5   8   -0.0076709986
2   12   6   7   0.0076709986
2   12   6   8   0.0431866853
3   7   1   9   0.0174799119
3   7   3   7   0.3438212174
3   7   4   11   -0.0119766634
3   7   4   12   -0.0025053435
3   7   5   10   -0.0028796306
3   7   6   10   -0.0006023768
3   8   2   9   0.0174799119
3   8   3   8   0.3438212174
3   8   4   11   0.0025053435
3   8   4   12   -0.0119766634
3   8   5   10   0.0006023768
3   8   6   10   -0.0028796306
3   9   1   7   0.0174799119
3   9   2   8   0.0174799119
3   9   3   9   0.3489771198
3   9   4   10   0.0864959512
3   9   5   11   0.0094369887
3   9   6   12   0.0094369887
3   10   1   11   -0.0097804594
3   10   1   12   -0.0020459296
3   10   2   11   0.0020459296
3   10   2   12   -0.0097804594
3   10   3   10   0.3371927337
3   10   4   9   0.0864959512
3   10   5   7   -0.0028796306
3   10   5   8   0.0006023768
3   10   6   7   -0.0006023768
3   10   6   8   -0.0028796306
3   11   1   10   -0.0097804594
3   11   2   10   0.0020459296
3   11   3   11   0.3154723663
3   11   4   7   -0.0119766634
3   11   4   8   0.0025053435
3   11   5   9   0.0094369887
3   12   1   10   -0.0020459296
3   12   2   10   -0.0097804594
3   12   3   12   0.3154723663
3   12   4   7   -0.0025053435
3   12   4   8   -0.0119766634
3   12   6   9   0.0094369887
4   7   1   10   0.0071440892
4   7   3   11   -0.0119766634
4   7   3   12   -0.0025053435
4   7   4   7   0.3845330154
4   7   5   9   -0.0097804594
4   7   6   9   -0.0020459296
4   8   2   10   0.0071440892
4   8   3   11   0.0025053435
4   8   3   12   -0.0119766634
4   8   4   8   0.3845330154
4   8   5   9   0.0020459296
4   8   6   9   -0.0097804594
4   9   1   11   -0.0028796306
4   9   1   12   -0.0006023768
4   9   2   11   0.0006023768
4   9   2   12   -0.0028796306
4   9   3   10   0.0864959512
4   9   4   9   0.3371927337
4   9   5   7   -0.0097804594
4   9   5   8   0.0020459296
4   9   6   7   -0.0020459296
4   9   6   8   -0.0097804594
4   10   1   7   0.0071440892
4   10   2   8   0.0071440892
4   10   3   9   0.0864959512
4   10   4   10   0.3712035325
4   10   5   11   0.0183986312
4   10   6   12   0.0183986312
4   11   1   9   -0.0028796306
4   11   2   9   0.0006023768
4   11   3   7   -0.0119766634
4   11   3   8   0.0025053435
4   11   4   11   0.3682203095
4   11   5   10   0.0183986312
4   12   1   9   -0.0006023768
4   12   2   9   -0.0028796306
4   12   3   7   -0.0025053435
4   12   3   8   -0.0119766634
4   12   4   12   0.3682203095
4   12   6   10   0.0183986312
5   7   1   11   0.0431866853
5   7   1   12   0.0076709986
5   7   2   11   -0.0076709986
5   7   2   12   0.0049112166
5   7   3   10   -0.0028796306
5   7   4   9   -0.0097804594
5   7   5   7   0.4303589333
5   7   5   8   -0.0054477773
5   7   6   7   0.0054477773
5   7   6   8   0.0124516095
5   8   1   11   -0.0076709986
5   8   1   12   0.0301549298
5   8   2   11   0.0081205389
5   8   2   12   -0.0076709986
5   8   3   10   0.0006023768
5   8   4   9   0.0020459296
5   8   5   7   -0.0054477773
5   8   5   8   0.4054557143
5   8   6   7   0.0124516095
5   8   6   8   -0.0054477773
5   9   1   10   -0.0119766634
5   9   2   10   0.0025053435
5   9   3   11   0.0094369887
5   9   4   7   -0.0097804594
5   9   4   8   0.0020459296
5   9   5   9   0.3154723663
5   10   1   9   -0.0119766634
5   10   2   9   0.0025053435
5   10   3   7   -0.0028796306
5   10   3   8   0.0006023768
5   10   4   11   0.0183986312
5   10   5   10   0.3682203095
5   11   1   7   0.0431866853
5   11   1   8   -0.0076709986
5   11   2   7   -0.0076709986
5   11   2   8   0.0081205389
5   11   3   9   0.0094369887
5   11   4   10   0.0183986312
5   11   5   11   0.4210513170
5   11   6   12   0.0164262267
5   12   1   7   0.0076709986
5   12   1   8   0.0301549298
5   12   2   7   0.0049112166
5   12   2   8   -0.0076709986
5   12   5   12   0.3881988635
5   12   6   11   0.0164262267
6   7   1   11   0.0076709986
6   7   1   12   0.0081205389
6   7   2   11   0.0301549298
6   7   2   12   0.0076709986
6   7   3   10   -0.0006023768
6   7   4   9   -0.0020459296
6   7   5   7   0.0054477773
6   7   5   8   0.0124516095
6   7   6   7   0.4054557143
6   7   6   8   0.0054477773
6   8   1   11   0.0049112166
6   8   1   12   0.0076709986
6   8   2   11   -0.0076709986
6   8   2   12   0.0431866853
6   8   3   10   -0.0028796306
6   8   4   9   -0.0097804594
6   8   5   7   0.0124516095
6   8   5   8   -0.0054477773
6   8   6   7   0.0054477773
6   8   6   8   0.4303589333
6   9   1   10   -0.0025053435
6   9   2   10   -0.0119766634
6   9   3   12   0.0094369887
6   9   4   7   -0.0020459296
6   9   4   8   -0.0097804594
6   9   6   9   0.3154723663
6   10   1   9   -0.0025053435
6   10   2   9   -0.0119766634
6   10   3   7   -0.0006023768
6   10   3   8   -0.0028796306
6   10   4   12   0.0183986312
6   10   6   10   0.3682203095
6   11   1   7   0.0076709986
6   11   1   8   0.0049112166
6   11   2   7   0.0301549298
6   11   2   8   -0.0076709986
6   11   5   12   0.0164262267
6   11   6   11   0.3881988635
6   12   1   7   0.0081205389
6   12   1   8   0.0076709986
6   12   2   7   0.0076709986
6   12   2   8   0.0431866853
6   12   3   9   0.0094369887
6   12   4   10   0.0183986312
6   12   5   11   0.0164262267
6   12   6   12   0.4210513170

End ABCD Block
Begin AIJB Block
1   8   1   7   0.0114674747
1   8   2   11   0.0141107226
1   8   2   12   0.0029517576
1   8   3   7   0.0096026879
1   8   4   11   -0.0143180082
1   8   4   12   -0.0029951187
1   8   5   7   -0.0065065324
1   8   6   9   -0.0015204903
1   8   7   9   0.0021223528
1   9   1   11   0.0136369047
1   9   1   12   0.0028526418
1   9   2   7   0.0118477802
1   9   3   11   0.0104824209
1   9   3   12   0.0021927697
1   9   4   7   -0.0134939070
1   9   5   11   -0.0063933177
1   9   5   12   -0.0013373889
1   9   6   10   0.0025094537
1   9   7   10   -0.0035027822
1   10   1   7   0.0096026879
1   10   2   11   0.0087723769
1   10   2   12   0.0018350534
1   10   3   7   0.0313255079
1   10   4   11   -0.0171089026
1   10   4   12   -0.0035789331
1   10   5   7   -0.0218594668
1   10   6   9   0.0283751629
1   10   7   9   -0.0396070323
1   11   1   11   -0.0058638056
1   11   1   12   -0.0012266227
1   11   2   7   -0.0134939070
1   11   3   11   -0.0085507759
1   11   3   12   -0.0017886977
1   11   4   7   0.0717686553
1   11   5   11   0.0027953336
1   11   5   12   0.0005847431
1   11   6   10   -0.0025014052
1   11   7   10   0.0034915477
1   12   1   7   -0.0065065324
1   12   2   11   -0.0001949902
1   12   2   12   -0.0000407891
1   12   3   7   -0.0218594668
1   12   4   11   -0.0077272615
1   12   4   12   -0.0016164305
1   12   5   7   0.0359066497
1   12   6   9   0.0051330222
1   12   7   9   -0.0071648497
1   13   1   9   0.0037715661
1   13   2   10   0.0013638971
1   13   3   9   0.0112560397
1   13   4   10   -0.0117493503
1   13   5   9   -0.0058157111
1   13   6   7   0.0554112899
1   13   6   8   0.0583019426
1   13   7   7   -0.0583019426
1   13   7   8   -0.0677370949
1   14   1   9   -0.0052644822
1   14   2   10   -0.0019037747
1   14   3   9   -0.0157115689
1   14   4   10   0.0164001489
1   14   5   9   0.0081177704
1   14   6   7   -0.0583019426
1   14   6   8   0.0281257499
1   14   7   7   0.0950226349
1   14   7   8   -0.0583019426
2   8   1   8   0.0114674747
2   8   2   11   -0.0029517576
2   8   2   12   0.0141107226
2   8   3   8   0.0096026879
2   8   4   11   0.0029951187
2   8   4   12   -0.0143180082
2   8   5   8   -0.0065065324
2   8   6   9   -0.0021223528
2   8   7   9   -0.0015204903
2   9   1   11   -0.0028526418
2   9   1   12   0.0136369047
2   9   2   8   0.0118477802
2   9   3   11   -0.0021927697
2   9   3   12   0.0104824209
2   9   4   8   -0.0134939070
2   9   5   11   0.0013373889
2   9   5   12   -0.0063933177
2   9   6   10   0.0035027822
2   9   7   10   0.0025094537
2   10   1   8   0.0096026879
2   10   2   11   -0.0018350534
2   10   2   12   0.0087723769
2   10   3   8   0.0313255079
2   10   4   11   0.0035789331
2   10   4   12   -0.0171089026
2   10   5   8   -0.0218594668
2   10   6   9   0.0396070323
2   10   7   9   0.0283751629
2   11   1   11   0.0012266227
2   11   1   12   -0.0058638056
2   11   2   8   -0.0134939070
2   11   3   11   0.0017886977
2   11   3   12   -0.0085507759
2   11   4   8   0.0717686553
2   11   5   11   -0.0005847431
2   11   5   12   0.0027953336
2   11   6   10   -0.0034915477
2   11   7   10   -0.0025014052
2   12   1   8   -0.0065065324
2   12   2   11   0.0000407891
2   12   2   12   -0.0001949902
2   12   3   8   -0.0218594668
2   12   4   11   0.0016164305
2   12   4   12   -0.0077272615
2   12   5   8   0.0359066497
2   12   6   9   0.0071648497
2   12   7   9   0.0051330222
2   13   1   9   0.0052644822
2   13   2   10   0.0019037747
2   13   3   9   0.0157115689
2   13   4   10   -0.0164001489
2   13   5   9   -0.0081177704
2   13   6   7   0.0583019426
2   13   6   8   0.0950226349
2   13   7   7   0.0281257499
2   13   7   8   0.0583019426
2   14   1   9   0.0037715661
2   14   2   10   0.0013638971
2   14   3   9   0.0112560397
2   14   4   10   -0.0117493503
2   14   5   9   -0.0058157111
2   14   6   7   -0.0677370949
2   14   6   8   0.0583019426
2   14   7   7   -0.0583019426
2   14   7   8   0.0554112899
3   8   1   9   0.0112978352
3   8   2   10   -0.0026950795
3   8   3   9   -0.0025569285
3   8   4   10   0.0004280168
3   8   5   9   0.0007523399
3   8   6   7   0.0037715661
3   8   6   8   0.0052644822
3   8   7   7   -0.0052644822
3   8   7   8   0.0037715661
3   9   1   10   -0.0026490477
3   9   2   9   0.0113134479
3   9   3   10   -0.0006885350
3   9   4   9   0.0021088859
3   9   5   10   -0.0018398717
3   9   6   11   0.0029279471
3   9   6   12   0.0066374795
3   9   7   11   -0.0066374795
3   9   7   12   0.0029279471
3   10   1   9   -0.0025569285
3   10   2   10   0.0007808883
3   10   3   9   0.0267569701
3   10   4   10   0.0058640303
3   10   5   9   -0.0012834972
3   10   6   7   0.0112560397
3   10   6   8   0.0157115689
3   10   7   7   -0.0157115689
3   10   7   8   0.0112560397
3   11   1   10   0.0008183026
3   11   2   9   0.0021088859
3   11   3   10   -0.0070119458
3   11   4   9   0.0344092052
3   11   5   10   0.0174870172
3   11   6   11   -0.0033017265
3   11   6   12   -0.0074848149
3   11   7   11   0.0074848149
3   11   7   12   -0.0033017265
3   12   1   9   0.0007523399
3   12   2   10   0.0015418357
3   12   3   9   -0.0012834972
3   12   4   10   0.0343769144
3   12   5   9   0.0231776058
3   12   6   7   -0.0058157111
3   12   6   8   -0.0081177704
3   12   7   7   0.0081177704
3   12   7   8   -0.0058157111
3   13   1   7   -0.0015204903
3   13   1   8   -0.0021223528
3   13   2   11   -0.0009556631
3   13   2   12   -0.0021664306
3   13   3   7   0.0283751629
3   13   3   8   0.0396070323
3   13   4   11   -0.0131127643
3   13   4   12   -0.0297258462
3   13   5   7   0.0051330222
3   13   5   8   0.0071648497
3   13   6   9   0.0141375881
3   14   1   7   0.0021223528
3   14   1   8   -0.0015204903
3   14   2   11   0.0021664306
3   14   2   12   -0.0009556631
3   14   3   7   -0.0396070323
3   14   3   8   0.0283751629
3   14   4   11   0.0297258462
3   14   4   12   -0.0131127643
3   14   5   7   -0.0071648497
3   14   5   8   0.0051330222
3   14   7   9   0.0141375881
4   8   1   10   0.0086842441
4   8   2   9   -0.0026490477
4   8   3   10   0.0069100770
4   8   4   9   0.0008183026
4   8   5   10   0.0039313733
4   8   6   11   0.0009156770
4   8   6   12   0.0020757846
4   8   7   11   -0.0020757846
4   8   7   12   0.0009156770
4   9   1   9   -0.0026950795
4   9   2   10   0.0080954209
4   9   3   9   0.0007808883
4   9   4   10   -0.0015291498
4   9   5   9   0.0015418357
4   9   6   7   0.0013638971
4   9   6   8   0.0019037747
4   9   7   7   -0.0019037747
4   9   7   8   0.0013638971
4   10   1   10   0.0069100770
4   10   2   9   -0.0006885350
4   10   3   10   0.0394137547
4   10   4   9   -0.0070119458
4   10   5   10   0.0235512809
4   10   6   11   -0.0006352818
4   10   6   12   -0.0014401456
4   10   7   11   0.0014401456
4   10   7   12   -0.0006352818
4   11   1   9   0.0004280168
4   11   2   10   -0.0015291498
4   11   3   9   0.0058640303
4   11   4   10   0.0157205704
4   11   5   9   0.0343769144
4   11   6   7   -0.0117493503
4   11   6   8   -0.0164001489
4   11   7   7   0.0164001489
4   11   7   8   -0.0117493503
4   12   1   10   0.0039313733
4   12   2   9   -0.0018398717
4   12   3   10   0.0235512809
4   12   4   9   0.0174870172
4   12   5   10   0.0466175630
4   12   6   11   0.0009293772
4   12   6   12   0.0021068420
4   12   7   11   -0.0021068420
4   12   7   12   0.0009293772
4   13   1   11   -0.0011714111
4   13   1   12   -0.0026555182
4   13   2   7   0.0025094537
4   13   2   8   0.0035027822
4   13   3   11   -0.0129874723
4   13   3   12   -0.0294418167
4   13   4   7   -0.0025014052
4   13   4   8   -0.0034915477
4   13   5   11   -0.0160541799
4   13   5   12   -0.0363938580
4   13   6   10   0.0198462843
4   14   1   11   0.0026555182
4   14   1   12   -0.0011714111
4   14   2   7   -0.0035027822
4   14   2   8   0.0025094537
4   14   3   11   0.0294418167
4   14   3   12   -0.0129874723
4   14   4   7   0.0034915477
4   14   4   8   -0.0025014052
4   14   5   11   0.0363938580
4   14   5   12   -0.0160541799
4   14   7   10   0.0198462843
5   8   1   11   0.0176594809
5   8   2   7   0.0136369047
5   8   2   8   -0.0028526418
5   8   3   11   0.0106929729
5   8   4   7   -0.0058638056
5   8   4   8   0.0012266227
5   8   5   11   0.0001871697
5   8   6   10   -0.0011714111
5   8   7   10   0.0026555182
5   9   1   7   0.0141107226
5   9   1   8   -0.0029517576
5   9   2   11   0.0170432682
5   9   3   7   0.0087723769
5   9   3   8   -0.0018350534
5   9   4   11   -0.0066803833
5   9   5   7   -0.0001949902
5   9   5   8   0.0000407891
5   9   6   9   -0.0009556631
5   9   7   9   0.0021664306
5   10   1   11   0.0106929729
5   10   2   7   0.0104824209
5   10   2   8   -0.0021927697
5   10   3   11   0.0279873147
5   10   4   7   -0.0085507759
5   10   4   8   0.0017886977
5   10   5   11   0.0038209129
5   10   6   10   -0.0129874723
5   10   7   10   0.0294418167
5   11   1   7   -0.0143180082
5   11   1   8   0.0029951187
5   11   2   11   -0.0066803833
5   11   3   7   -0.0171089026
5   11   3   8   0.0035789331
5   11   4   11   0.0120064775
5   11   5   7   -0.0077272615
5   11   5   8   0.0016164305
5   11   6   9   -0.0131127643
5   11   7   9   0.0297258462
5   12   1   11   0.0001871697
5   12   2   7   -0.0063933177
5   12   2   8   0.0013373889
5   12   3   11   0.0038209129
5   12   4   7   0.0027953336
5   12   4   8   -0.0005847431
5   12   5   11   0.0120034211
5   12   6   10   -0.0160541799
5   12   7   10   0.0363938580
5   13   1   10   0.0009156770
5   13   2   9   0.0029279471
5   13   3   10   -0.0006352818
5   13   4   9   -0.0033017265
5   13   5   10   0.0009293772
5   13   6   11   0.0193077403
5   13   6   12   0.0251953294
5   13   7   11   -0.0251953294
5   13   7   12   -0.0489228001
5   14   1   10   -0.0020757846
5   14   2   9   -0.0066374795
5   14   3   10   0.0014401456
5   14   4   9   0.0074848149
5   14   5   10   -0.0021068420
5   14   6   11   -0.0251953294
5   14   6   12   0.0029207549
5   14   7   11   0.0653097855
5   14   7   12   -0.0251953294
6   8   1   12   0.0176594809
6   8   2   7   0.0028526418
6   8   2   8   0.0136369047
6   8   3   12   0.0106929729
6   8   4   7   -0.0012266227
6   8   4   8   -0.0058638056
6   8   5   12   0.0001871697
6   8   6   10   -0.0026555182
6   8   7   10   -0.0011714111
6   9   1   7   0.0029517576
6   9   1   8   0.0141107226
6   9   2   12   0.0170432682
6   9   3   7   0.0018350534
6   9   3   8   0.0087723769
6   9   4   12   -0.0066803833
6   9   5   7   -0.0000407891
6   9   5   8   -0.0001949902
6   9   6   9   -0.0021664306
6   9   7   9   -0.0009556631
6   10   1   12   0.0106929729
6   10   2   7   0.0021927697
6   10   2   8   0.0104824209
6   10   3   12   0.0279873147
6   10   4   7   -0.0017886977
6   10   4   8   -0.0085507759
6   10   5   12   0.0038209129
6   10   6   10   -0.0294418167
6   10   7   10   -0.0129874723
6   11   1   7   -0.0029951187
6   11   1   8   -0.0143180082
6   11   2   12   -0.0066803833
6   11   3   7   -0.0035789331
6   11   3   8   -0.0171089026
6   11   4   12   0.0120064775
6   11   5   7   -0.0016164305
6   11   5   8   -0.0077272615
6   11   6   9   -0.0297258462
6   11   7   9   -0.0131127643
6   12   1   12   0.0001871697
6   12   2   7   -0.0013373889
6   12   2   8   -0.0063933177
6   12   3   12   0.0038209129
6   12   4   7   0.0005847431
6   12   4   8   0.0027953336
6   12   5   12   0.0120034211
6   12   6   10   -0.0363938580
6   12   7   10   -0.0160541799
6   13   1   10   0.0020757846
6   13   2   9   0.0066374795
6   13   3   10   -0.0014401456
6   13   4   9   -0.0074848149
6   13   5   10   0.0021068420
6   13   6   11   0.0251953294
6   13   6   12   0.0653097855
6   13   7   11   0.0029207549
6   13   7   12   0.0251953294
6   14   1   10   0.0009156770
6   14   2   9   0.0029279471
6   14   3   10   -0.0006352818
6   14   4   9   -0.0033017265
6   14   5   10   0.0009293772
6   14   6   11   -0.0489228001
6   14   6   12   0.0251953294
6   14   7   11   -0.0251953294
6   14   7   12   0.0193077403

1   8   8   1   -0.6161230955
1   8   8   5   0.0000000000
1   8   8   6   0.0000000000
1   8   9   5   -0.1379885362
1   8   9   6   -0.0288651911
1   8   10   1   0.0042450106
1   8   11   5   -0.0046929015
1   8   11   6   -0.0009816866
1   8   12   1   -0.0026737049
1   8   13   3   -0.0042238955
1   8   14   3   0.0058958592
1   9   8   5   -0.1379885362
1   9   8   6   -0.0288651911
1   9   9   1   -0.6161508048
1   9   9   5   -0.0000000000
1   9   9   6   -0.0000000000
1   9   10   5   0.0060436751
1   9   10   6   0.0012642488
1   9   11   1   -0.0047208978
1   9   12   5   -0.0013839788
1   9   12   6   -0.0002895082
1   9   13   4   -0.0005157856
1   9   14   4   0.0007199514
1   10   8   1   0.0042450106
1   10   9   5   0.0060436751
1   10   9   6   0.0012642488
1   10   10   1   -0.5301510127
1   10   11   5   0.0220083512
1   10   11   6   0.0046038264
1   10   12   1   -0.0257292396
1   10   13   3   -0.0187091236
1   10   14   3   0.0261148409
1   11   8   5   -0.0046929015
1   11   8   6   -0.0009816866
1   11   9   1   -0.0047208978
1   11   10   5   0.0220083512
1   11   10   6   0.0046038264
1   11   11   1   -0.4786539883
1   11   12   5   -0.0235517836
1   11   12   6   -0.0049266900
1   11   13   4   0.0029524232
1   11   14   4   -0.0041210943
1   12   8   1   -0.0026737049
1   12   9   5   -0.0013839788
1   12   9   6   -0.0002895082
1   12   10   1   -0.0257292396
1   12   11   5   -0.0235517836
1   12   11   6   -0.0049266900
1   12   12   1   -0.4808649306
1   12   13   3   0.0031245505
1   12   14   3   -0.0043613554
1   13   8   3   -0.0042238955
1   13   9   4   -0.0005157856
1   13   10   3   -0.0187091236
1   13   11   4   0.0029524232
1   13   12   3   0.0031245505
1   13   13   1   -0.4841894249
1   13   13   2   -0.0169164762
1   13   14   1   0.0169164762
1   13   14   2   0.0057466728
1   14   8   3   0.0058958592
1   14   9   4   0.0007199514
1   14   10   3   0.0261148409
1   14   11   4   -0.0041210943
1   14   12   3   -0.0043613554
1   14   13   1   0.0169164762
1   14   13   2   0.0057466728
1   14   14   1   -0.4956827705
1   14   14   2   0.0169164762
2   8   8   2   -0.6161230955
2   8   8   5   -0.0000000000
2   8   8   6   0.0000000000
2   8   9   5   0.0288651911
2   8   9   6   -0.1379885362
2   8   10   2   0.0042450106
2   8   11   5   0.0009816866
2   8   11   6   -0.0046929015
2   8   12   2   -0.0026737049
2   8   13   3   -0.0058958592
2   8   14   3   -0.0042238955
2   9   8   5   0.0288651911
2   9   8   6   -0.1379885362
2   9   9   2   -0.6161508048
2   9   9   5   0.0000000000
2   9   9   6   -0.0000000000
2   9   10   5   -0.0012642488
2   9   10   6   0.0060436751
2   9   11   2   -0.0047208978
2   9   12   5   0.0002895082
2   9   12   6   -0.0013839788
2   9   13   4   -0.0007199514
2   9   14   4   -0.0005157856
2   10   8   2   0.0042450106
2   10   9   5   -0.0012642488
2   10   9   6   0.0060436751
2   10   10   2   -0.5301510127
2   10   11   5   -0.0046038264
2   10   11   6   0.0220083512
2   10   12   2   -0.0257292396
2   10   13   3   -0.0261148409
2   10   14   3   -0.0187091236
2   11   8   5   0.0009816866
2   11   8   6   -0.0046929015
2   11   9   2   -0.0047208978
2   11   10   5   -0.0046038264
2   11   10   6   0.0220083512
2   11   11   2   -0.4786539883
2   11   12   5   0.0049266900
2   11   12   6   -0.0235517836
2   11   13   4   0.0041210943
2   11   14   4   0.0029524232
2   12   8   2   -0.0026737049
2   12   9   5   0.0002895082
2   12   9   6   -0.0013839788
2   12   10   2   -0.0257292396
2   12   11   5   0.0049266900
2   12   11   6   -0.0235517836
2   12   12   2   -0.4808649306
2   12   13   3   0.0043613554
2   12   14   3   0.0031245505
2   13   8   3   -0.0058958592
2   13   9   4   -0.0007199514
2   13   10   3   -0.0261148409
2   13   11   4   0.0041210943
2   13   12   3   0.0043613554
2   13   13   1   -0.0169164762
2   13   13   2   -0.4956827705
2   13   14   1   0.0057466728
2   13   14   2   -0.0169164762
2   14   8   3   -0.0042238955
2   14   9   4   -0.0005157856
2   14   10   3   -0.0187091236
2   14   11   4   0.0029524232
2   14   12   3   0.0031245505
2   14   13   1   0.0057466728
2   14   13   2   -0.0169164762
2   14   14   1   0.0169164762
2   14   14   2   -0.4841894249
3   8   8   3   -0.4125488096
3   8   8   4   0.0000000000
3   8   9   4   -0.0467294079
3   8   10   3   0.0028277401
3   8   11   4   0.0037228561
3   8   12   3   -0.0015867793
3   8   13   1   -0.0042238955
3   8   13   2   -0.0058958592
3   8   14   1   0.0058958592
3   8   14   2   -0.0042238955
3   9   8   4   -0.0467294079
3   9   9   3   -0.4125634702
3   9   9   4   -0.0000000000
3   9   10   4   0.0028240127
3   9   11   3   -0.0030369248
3   9   12   4   0.0066536226
3   9   13   5   -0.0021220908
3   9   13   6   -0.0048106520
3   9   14   5   0.0048106520
3   9   14   6   -0.0021220908
3   10   8   3   0.0028277401
3   10   9   4   0.0028240127
3   10   10   3   -0.3710597808
3   10   11   4   0.0351256966
3   10   12   3   -0.0084995446
3   10   13   1   -0.0187091236
3   10   13   2   -0.0261148409
3   10   14   1   0.0261148409
3   10   14   2   -0.0187091236
3   11   8   4   0.0037228561
3   11   9   3   -0.0030369248
3   11   10   4   0.0351256966
3   11   11   3   -0.3670060996
3   11   12   4   -0.0884430247
3   11   13   5   0.0055670573
3   11   13   6   0.0126201834
3   11   14   5   -0.0126201834
3   11   14   6   0.0055670573
3   12   8   3   -0.0015867793
3   12   9   4   0.0066536226
3   12   10   3   -0.0084995446
3   12   11   4   -0.0884430247
3   12   12   3   -0.3733536352
3   12   13   1   0.0031245505
3   12   13   2   0.0043613554
3   12   14   1   -0.0043613554
3   12   14   2   0.0031245505
3   13   8   1   -0.0042238955
3   13   8   2   -0.0058958592
3   13   9   5   -0.0021220908
3   13   9   6   -0.0048106520
3   13   10   1   -0.0187091236
3   13   10   2   -0.0261148409
3   13   11   5   0.0055670573
3   13   11   6   0.0126201834
3   13   12   1   0.0031245505
3   13   12   2   0.0043613554
3   13   13   3   -0.3497240353
3   14   8   1   0.0058958592
3   14   8   2   -0.0042238955
3   14   9   5   0.0048106520
3   14   9   6   -0.0021220908
3   14   10   1   0.0261148409
3   14   10   2   -0.0187091236
3   14   11   5   -0.0126201834
3   14   11   6   0.0055670573
3   14   12   1   -0.0043613554
3   14   12   2   0.0031245505
3   14   14   3   -0.3497240353
4   8   8   3   0.0000000000
4   8   8   4   -0.4924085078
4   8   9   3   -0.0467294079
4   8   10   4   -0.0004108532
4   8   11   3   0.0037228561
4   8   12   4   -0.0075281902
4   8   13   5   0.0010261405
4   8   13   6   0.0023261987
4   8   14   5   -0.0023261987
4   8   14   6   0.0010261405
4   9   8   3   -0.0467294079
4   9   9   3   -0.0000000000
4   9   9   4   -0.4923925224
4   9   10   3   0.0028240127
4   9   11   4   -0.0059069675
4   9   12   3   0.0066536226
4   9   13   1   -0.0005157856
4   9   13   2   -0.0007199514
4   9   14   1   0.0007199514
4   9   14   2   -0.0005157856
4   10   8   4   -0.0004108532
4   10   9   3   0.0028240127
4   10   10   4   -0.4687170048
4   10   11   3   0.0351256966
4   10   12   4   -0.0377717777
4   10   13   5   0.0100490833
4   10   13   6   0.0227806659
4   10   14   5   -0.0227806659
4   10   14   6   0.0100490833
4   11   8   3   0.0037228561
4   11   9   4   -0.0059069675
4   11   10   3   0.0351256966
4   11   11   4   -0.3961221092
4   11   12   3   -0.0884430247
4   11   13   1   0.0029524232
4   11   13   2   0.0041210943
4   11   14   1   -0.0041210943
4   11   14   2   0.0029524232
4   12   8   4   -0.0075281902
4   12   9   3   0.0066536226
4   12   10   4   -0.0377717777
4   12   11   3   -0.0884430247
4   12   12   4   -0.4117927900
4   12   13   5   0.0005428960
4   12   13   6   0.0012307125
4   12   14   5   -0.0012307125
4   12   14   6   0.0005428960
4   13   8   5   0.0010261405
4   13   8   6   0.0023261987
4   13   9   1   -0.0005157856
4   13   9   2   -0.0007199514
4   13   10   5   0.0100490833
4   13   10   6   0.0227806659
4   13   11   1   0.0029524232
4   13   11   2   0.0041210943
4   13   12   5   0.0005428960
4   13   12   6   0.0012307125
4   13   13   4   -0.4163117358
4   14   8   5   -0.0023261987
4   14   8   6   0.0010261405
4   14   9   1   0.0007199514
4   14   9   2   -0.0005157856
4   14   10   5   -0.0227806659
4   14   10   6   0.0100490833
4   14   11   1   -0.0041210943
4   14   11   2   0.0029524232
4   14   12   5   -0.0012307125
4   14   12   6   0.0005428960
4   14   14   4   -0.4163117358
5   8   8   1   0.0000000000
5   8   8   2   -0.0000000000
5   8   8   5   -0.5885899109
5   8   9   1   -0.1379885362
5   8   9   2   0.0288651911
5   8   10   5   0.0034708064
5   8   11   1   -0.0046929015
5   8   11   2   0.0009816866
5   8   12   5   -0.0084790130
5   8   13   4   0.0010261405
5   8   14   4   -0.0023261987
5   9   8   1   -0.1379885362
5   9   8   2   0.0288651911
5   9   9   1   -0.0000000000
5   9   9   2   0.0000000000
5   9   9   5   -0.5886075650
5   9   10   1   0.0060436751
5   9   10   2   -0.0012642488
5   9   11   5   -0.0090142541
5   9   12   1   -0.0013839788
5   9   12   2   0.0002895082
5   9   13   3   -0.0021220908
5   9   14   3   0.0048106520
5   10   8   5   0.0034708064
5   10   9   1   0.0060436751
5   10   9   2   -0.0012642488
5   10   10   5   -0.5102348762
5   10   11   1   0.0220083512
5   10   11   2   -0.0046038264
5   10   12   5   -0.0417366270
5   10   13   4   0.0100490833
5   10   14   4   -0.0227806659
5   11   8   1   -0.0046929015
5   11   8   2   0.0009816866
5   11   9   5   -0.0090142541
5   11   10   1   0.0220083512
5   11   10   2   -0.0046038264
5   11   11   5   -0.4187050095
5   11   12   1   -0.0235517836
5   11   12   2   0.0049266900
5   11   13   3   0.0055670573
5   11   14   3   -0.0126201834
5   12   8   5   -0.0084790130
5   12   9   1   -0.0013839788
5   12   9   2   0.0002895082
5   12   10   5   -0.0417366270
5   12   11   1   -0.0235517836
5   12   11   2   0.0049266900
5   12   12   5   -0.4278346004
5   12   13   4   0.0005428960
5   12   14   4   -0.0012307125
5   13   8   4   0.0010261405
5   13   9   3   -0.0021220908
5   13   10   4   0.0100490833
5   13   11   3   0.0055670573
5   13   12   4   0.0005428960
5   13   13   5   -0.4472512209
5   13   13   6   -0.0115611360
5   13   14   5   0.0115611360
5   13   14   6   0.0105542558
5   14   8   4   -0.0023261987
5   14   9   3   0.0048106520
5   14   10   4   -0.0227806659
5   14   11   3   -0.0126201834
5   14   12   4   -0.0012307125
5   14   13   5   0.0115611360
5   14   13   6   0.0105542558
5   14   14   5   -0.4683597325
5   14   14   6   0.0115611360
6   8   8   1   0.0000000000
6   8   8   2   0.0000000000
6   8   8   6   -0.5885899109
6   8   9   1   -0.0288651911
6   8   9   2   -0.1379885362
6   8   10   6   0.0034708064
6   8   11   1   -0.0009816866
6   8   11   2   -0.0046929015
6   8   12   6   -0.0084790130
6   8   13   4   0.0023261987
6   8   14   4   0.0010261405
6   9   8   1   -0.0288651911
6   9   8   2   -0.1379885362
6   9   9   1   -0.0000000000
6   9   9   2   -0.0000000000
6   9   9   6   -0.5886075650
6   9   10   1   0.0012642488
6   9   10   2   0.0060436751
6   9   11   6   -0.0090142541
6   9   12   1   -0.0002895082
6   9   12   2   -0.0013839788
6   9   13   3   -0.0048106520
6   9   14   3   -0.0021220908
6   10   8   6   0.0034708064
6   10   9   1   0.0012642488
6   10   9   2   0.0060436751
6   10   10   6   -0.5102348762
6   10   11   1   0.0046038264
6   10   11   2   0.0220083512
6   10   12   6   -0.0417366270
6   10   13   4   0.0227806659
6   10   14   4   0.0100490833
6   11   8   1   -0.0009816866
6   11   8   2   -0.0046929015
6   11   9   6   -0.0090142541
6   11   10   1   0.0046038264
6   11   10   2   0.0220083512
6   11   11   6   -0.4187050095
6   11   12   1   -0.0049266900
6   11   12   2   -0.0235517836
6   11   13   3   0.0126201834
6   11   14   3   0.0055670573
6   12   8   6   -0.0084790130
6   12   9   1   -0.0002895082
6   12   9   2   -0.0013839788
6   12   10   6   -0.0417366270
6   12   11   1   -0.0049266900
6   12   11   2   -0.0235517836
6   12   12   6   -0.4278346004
6   12   13   4   0.0012307125
6   12   14   4   0.0005428960
6   13   8   4   0.0023261987
6   13   9   3   -0.0048106520
6   13   10   4   0.0227806659
6   13   11   3   0.0126201834
6   13   12   4   0.0012307125
6   13   13   5   -0.0115611360
6   13   13   6   -0.4683597325
6   13   14   5   0.0105542558
6   13   14   6   -0.0115611360
6   14   8   4   0.0010261405
6   14   9   3   -0.0021220908
6   14   10   4   0.0100490833
6   14   11   3   0.0055670573
6   14   12   4   0.0005428960
6   14   13   5   0.0105542558
6   14   13   6   -0.0115611360
6   14   14   5   0.0115611360
6   14   14   6   -0.4472512209

End AIJB Block
Begin IJKA Block
1   8   1   9   0.0000000000
1   8   1   10   0.0116321094
1   8   2   9   -0.1170661693
1   8   3   10   -0.0084975012
1   8   4   9   -0.0162117417
1   8   5   10   -0.0101910317
1   8   6   11   0.0059728659
1   8   6   12   0.0135401270
1   8   7   11   -0.0135401270
1   8   7   12   0.0059728659
1   9   1   9   -0.1159482388
1   9   2   9   -0.0000000000
1   9   2   10   0.0229742408
1   9   3   9   0.0197562658
1   9   4   10   -0.0024367781
1   9   5   9   -0.0044382804
1   9   6   7   0.0070700928
1   9   6   8   0.0098686797
1   9   7   7   -0.0098686797
1   9   7   8   0.0070700928
1   10   1   9   -0.0000000000
1   10   1   10   -0.1047510443
1   10   2   9   0.1263464385
1   10   3   10   -0.0027101730
1   10   4   9   0.0055247977
1   10   5   10   -0.0107342743
1   10   6   11   0.0039733339
1   10   6   12   0.0090073084
1   10   7   11   -0.0090073084
1   10   7   12   0.0039733339
1   11   1   9   -0.1382380757
1   11   1   10   0.0000000000
1   11   2   10   -0.0300814511
1   11   3   9   0.0034947816
1   11   4   10   -0.0003675413
1   11   5   9   -0.0028943004
1   11   6   7   -0.0080720350
1   11   6   8   -0.0112672252
1   11   7   7   0.0112672252
1   11   7   8   -0.0080720350
1   12   1   10   -0.1641289409
1   12   2   9   -0.0010912670
1   12   3   10   0.0004257232
1   12   4   9   0.0000756762
1   12   5   10   -0.0074798632
1   12   6   11   0.0001105215
1   12   6   12   0.0002505455
1   12   7   11   -0.0002505455
1   12   7   12   0.0001105215
1   13   1   7   -0.0000000000
1   13   1   8   -0.0000000000
1   13   1   11   0.0957177039
1   13   1   12   0.2169862645
1   13   2   7   0.1365938121
1   13   2   8   0.1906623602
1   13   3   11   -0.0011932871
1   13   3   12   -0.0027051099
1   13   4   7   0.0009388017
1   13   4   8   0.0013104118
1   13   5   11   0.0028557956
1   13   5   12   0.0064739164
1   13   6   10   0.0023299332
1   14   1   7   0.0000000000
1   14   1   8   -0.0000000000
1   14   1   11   -0.2169862645
1   14   1   12   0.0957177039
1   14   2   7   -0.1906623602
1   14   2   8   0.1365938121
1   14   3   11   0.0027051099
1   14   3   12   -0.0011932871
1   14   4   7   -0.0013104118
1   14   4   8   0.0009388017
1   14   5   11   -0.0064739164
1   14   5   12   0.0028557956
1   14   7   10   0.0023299332
2   8   1   9   -0.1170661693
2   8   2   9   -0.0000000000
2   8   2   10   0.0116602034
2   8   3   9   0.0197114797
2   8   4   10   -0.0028265565
2   8   5   9   -0.0045054250
2   8   6   7   0.0067897577
2   8   6   8   0.0094773782
2   8   7   7   -0.0094773782
2   8   7   8   0.0067897577
2   9   1   9   -0.0000000000
2   9   1   10   0.0229742408
2   9   2   9   -0.1160397976
2   9   2   10   0.0000000000
2   9   3   10   -0.0079915449
2   9   4   9   -0.0161981120
2   9   5   10   -0.0093485947
2   9   6   11   0.0057268692
2   9   6   12   0.0129824672
2   9   7   11   -0.0129824672
2   9   7   12   0.0057268692
2   10   1   9   0.1263464385
2   10   2   9   0.0000000000
2   10   2   10   -0.1047169928
2   10   3   9   -0.0047548904
2   10   4   10   -0.0070697629
2   10   5   9   0.0033609993
2   10   6   7   0.0057851710
2   10   6   8   0.0080751415
2   10   7   7   -0.0080751415
2   10   7   8   0.0057851710
2   11   1   10   -0.0300814511
2   11   2   9   -0.1382556859
2   11   2   10   -0.0000000000
2   11   3   10   0.0024085934
2   11   4   9   -0.0045474534
2   11   5   10   0.0013661747
2   11   6   11   -0.0024438670
2   11   6   12   -0.0055400992
2   11   7   11   0.0055400992
2   11   7   12   -0.0024438670
2   12   1   9   -0.0010912670
2   12   2   10   -0.1641165101
2   12   3   9   0.0022515048
2   12   4   10   -0.0063841265
2   12   5   9   0.0018544318
2   12   6   7   -0.0036250055
2   12   6   8   -0.0050599079
2   12   7   7   0.0050599079
2   12   7   8   -0.0036250055
2   13   1   7   0.1365938121
2   13   1   8   0.1906623602
2   13   2   7   0.0000000000
2   13   2   8   0.0000000000
2   13   2   11   0.0957237611
2   13   2   12   0.2169999957
2   13   3   7   -0.0049811304
2   13   3   8   -0.0069528339
2   13   4   11   0.0030420007
2   13   4   12   0.0068960323
2   13   5   7   -0.0023744653
2   13   5   8   -0.0033143607
2   13   6   9   0.0066886520
2   14   1   7   -0.1906623602
2   14   1   8   0.1365938121
2   14   2   7   -0.0000000000
2   14   2   8   0.0000000000
2   14   2   11   -0.2169999957
2   14   2   12   0.0957237611
2   14   3   7   0.0069528339
2   14   3   8   -0.0049811304
2   14   4   11   -0.0068960323
2   14   4   12   0.0030420007
2   14   5   7   0.0033143607
2   14   5   8   -0.0023744653
2   14   7   9   0.0066886520
3   8   1   10   -0.0084975012
3   8   2   9   0.0197114797
3   8   3   10   -0.0183497597
3   8   4   9   0.0036708724
3   8   5   10   -0.0112900644
3   8   6   11   0.0073090179
3   8   6   12   0.0165691029
3   8   7   11   -0.0165691029
3   8   7   12   0.0073090179
3   9   1   9   0.0197562658
3   9   2   10   -0.0079915449
3   9   3   9   -0.0028467459
3   9   4   10   -0.0032232447
3   9   5   9   0.0014002009
3   9   6   7   0.0091191517
3   9   6   8   0.0127288269
3   9   7   7   -0.0127288269
3   9   7   8   0.0091191517
3   10   1   10   -0.0027101730
3   10   2   9   -0.0047548904
3   10   3   10   -0.0898892795
3   10   4   9   -0.0320994274
3   10   5   10   -0.0406757491
3   10   6   11   0.0158868781
3   10   6   12   0.0360145950
3   10   7   11   -0.0360145950
3   10   7   12   0.0158868781
3   11   1   9   0.0034947816
3   11   2   10   0.0024085934
3   11   3   9   -0.0987463272
3   11   4   10   0.0019751251
3   11   5   9   -0.0170251462
3   11   6   7   -0.0370640707
3   11   6   8   -0.0517353099
3   11   7   7   0.0517353099
3   11   7   8   -0.0370640707
3   12   1   10   0.0004257232
3   12   2   9   0.0022515048
3   12   3   10   -0.1303461818
3   12   4   9   -0.0062305060
3   12   5   10   -0.0392661858
3   12   6   11   0.0071400026
3   12   6   12   0.0161859555
3   12   7   11   -0.0161859555
3   12   7   12   0.0071400026
3   13   1   11   -0.0011932871
3   13   1   12   -0.0027051099
3   13   2   7   -0.0049811304
3   13   2   8   -0.0069528339
3   13   3   11   0.0647945899
3   13   3   12   0.1468854293
3   13   4   7   -0.0465826584
3   13   4   8   -0.0650216833
3   13   5   11   0.0148725096
3   13   5   12   0.0337150828
3   13   6   10   0.0244979593
3   14   1   11   0.0027051099
3   14   1   12   -0.0011932871
3   14   2   7   0.0069528339
3   14   2   8   -0.0049811304
3   14   3   11   -0.1468854293
3   14   3   12   0.0647945899
3   14   4   7   0.0650216833
3   14   4   8   -0.0465826584
3   14   5   11   -0.0337150828
3   14   5   12   0.0148725096
3   14   7   10   0.0244979593
4   8   1   9   -0.0162117417
4   8   2   10   -0.0028265565
4   8   3   9   0.0036708724
4   8   4   10   0.0065555210
4   8   5   9   -0.0046371339
4   8   6   7   -0.0061523551
4   8   6   8   -0.0085876697
4   8   7   7   0.0085876697
4   8   7   8   -0.0061523551
4   9   1   10   -0.0024367781
4   9   2   9   -0.0161981120
4   9   3   10   -0.0032232447
4   9   4   9   -0.0054649705
4   9   5   10   0.0123446237
4   9   6   11   -0.0045818746
4   9   6   12   -0.0103868334
4   9   7   11   0.0103868334
4   9   7   12   -0.0045818746
4   10   1   9   0.0055247977
4   10   2   10   -0.0070697629
4   10   3   9   -0.0320994274
4   10   4   10   -0.0232057846
4   10   5   9   0.0380712922
4   10   6   7   -0.0194669049
4   10   6   8   -0.0271725782
4   10   7   7   0.0271725782
4   10   7   8   -0.0194669049
4   11   1   10   -0.0003675413
4   11   2   9   -0.0045474534
4   11   3   10   0.0019751251
4   11   4   9   -0.0539740262
4   11   5   10   0.0072157684
4   11   6   11   0.0037181832
4   11   6   12   0.0084288972
4   11   7   11   -0.0084288972
4   11   7   12   0.0037181832
4   12   1   9   0.0000756762
4   12   2   10   -0.0063841265
4   12   3   9   -0.0062305060
4   12   4   10   -0.0490844593
4   12   5   9   0.0213198275
4   12   6   7   0.0197443741
4   12   6   8   0.0275598792
4   12   7   7   -0.0275598792
4   12   7   8   0.0197443741
4   13   1   7   0.0009388017
4   13   1   8   0.0013104118
4   13   2   11   0.0030420007
4   13   2   12   0.0068960323
4   13   3   7   -0.0465826584
4   13   3   8   -0.0650216833
4   13   4   11   0.0364878589
4   13   4   12   0.0827157766
4   13   5   7   0.0775719919
4   13   5   8   0.1082776653
4   13   6   9   -0.0195557040
4   14   1   7   -0.0013104118
4   14   1   8   0.0009388017
4   14   2   11   -0.0068960323
4   14   2   12   0.0030420007
4   14   3   7   0.0650216833
4   14   3   8   -0.0465826584
4   14   4   11   -0.0827157766
4   14   4   12   0.0364878589
4   14   5   7   -0.1082776653
4   14   5   8   0.0775719919
4   14   7   9   -0.0195557040
5   8   1   10   -0.0101910317
5   8   2   9   -0.0045054250
5   8   3   10   -0.0112900644
5   8   4   9   -0.0046371339
5   8   5   10   0.0023601229
5   8   6   11   -0.0017002204
5   8   6   12   -0.0038542972
5   8   7   11   0.0038542972
5   8   7   12   -0.0017002204
5   9   1   9   -0.0044382804
5   9   2   10   -0.0093485947
5   9   3   9   0.0014002009
5   9   4   10   0.0123446237
5   9   5   9   -0.0041338424
5   9   6   7   -0.0025895013
5   9   6   8   -0.0036145153
5   9   7   7   0.0036145153
5   9   7   8   -0.0025895013
5   10   1   10   -0.0107342743
5   10   2   9   0.0033609993
5   10   3   10   -0.0406757491
5   10   4   9   0.0380712922
5   10   5   10   -0.0455482280
5   10   6   11   0.0015398159
5   10   6   12   0.0034906699
5   10   7   11   -0.0034906699
5   10   7   12   0.0015398159
5   11   1   9   -0.0028943004
5   11   2   10   0.0013661747
5   11   3   9   -0.0170251462
5   11   4   10   0.0072157684
5   11   5   9   -0.0533299610
5   11   6   7   0.0192074296
5   11   6   8   0.0268103936
5   11   7   7   -0.0268103936
5   11   7   8   0.0192074296
5   12   1   10   -0.0074798632
5   12   2   9   0.0018544318
5   12   3   10   -0.0392661858
5   12   4   9   0.0213198275
5   12   5   10   -0.0624604619
5   12   6   11   0.0008695141
5   12   6   12   0.0019711361
5   12   7   11   -0.0019711361
5   12   7   12   0.0008695141
5   13   1   11   0.0028557956
5   13   1   12   0.0064739164
5   13   2   7   -0.0023744653
5   13   2   8   -0.0033143607
5   13   3   11   0.0148725096
5   13   3   12   0.0337150828
5   13   4   7   0.0775719919
5   13   4   8   0.1082776653
5   13   5   11   0.0412866994
5   13   5   12   0.0935944586
5   13   6   10   -0.0101261639
5   14   1   11   -0.0064739164
5   14   1   12   0.0028557956
5   14   2   7   0.0033143607
5   14   2   8   -0.0023744653
5   14   3   11   -0.0337150828
5   14   3   12   0.0148725096
5   14   4   7   -0.1082776653
5   14   4   8   0.0775719919
5   14   5   11   -0.0935944586
5   14   5   12   0.0412866994
5   14   7   10   -0.0101261639
6   8   1   11   0.0059728659
6   8   1   12   0.0135401270
6   8   2   7   0.0067897577
6   8   2   8   0.0094773782
6   8   3   11   0.0073090179
6   8   3   12   0.0165691029
6   8   4   7   -0.0061523551
6   8   4   8   -0.0085876697
6   8   5   11   -0.0017002204
6   8   5   12   -0.0038542972
6   8   6   10   -0.0052772238
6   9   1   7   0.0070700928
6   9   1   8   0.0098686797
6   9   2   11   0.0057268692
6   9   2   12   0.0129824672
6   9   3   7   0.0091191517
6   9   3   8   0.0127288269
6   9   4   11   -0.0045818746
6   9   4   12   -0.0103868334
6   9   5   7   -0.0025895013
6   9   5   8   -0.0036145153
6   9   6   9   -0.0014111319
6   10   1   11   0.0039733339
6   10   1   12   0.0090073084
6   10   2   7   0.0057851710
6   10   2   8   0.0080751415
6   10   3   11   0.0158868781
6   10   3   12   0.0360145950
6   10   4   7   -0.0194669049
6   10   4   8   -0.0271725782
6   10   5   11   0.0015398159
6   10   5   12   0.0034906699
6   10   6   10   -0.0334989780
6   11   1   7   -0.0080720350
6   11   1   8   -0.0112672252
6   11   2   11   -0.0024438670
6   11   2   12   -0.0055400992
6   11   3   7   -0.0370640707
6   11   3   8   -0.0517353099
6   11   4   11   0.0037181832
6   11   4   12   0.0084288972
6   11   5   7   0.0192074296
6   11   5   8   0.0268103936
6   11   6   9   -0.0794816295
6   12   1   11   0.0001105215
6   12   1   12   0.0002505455
6   12   2   7   -0.0036250055
6   12   2   8   -0.0050599079
6   12   3   11   0.0071400026
6   12   3   12   0.0161859555
6   12   4   7   0.0197443741
6   12   4   8   0.0275598792
6   12   5   11   0.0008695141
6   12   5   12   0.0019711361
6   12   6   10   -0.0831663589
6   13   1   10   0.0023299332
6   13   2   9   0.0066886520
6   13   3   10   0.0244979593
6   13   4   9   -0.0195557040
6   13   5   10   -0.0101261639
6   13   6   11   0.0460830096
6   13   6   12   0.1044674048
6   13   7   11   -0.0035602730
6   13   7   12   0.0015705195
6   14   6   11   -0.0973468587
6   14   6   12   0.0429419706
6   14   7   11   0.0015705195
6   14   7   12   0.0035602730
7   8   1   11   -0.0135401270
7   8   1   12   0.0059728659
7   8   2   7   -0.0094773782
7   8   2   8   0.0067897577
7   8   3   11   -0.0165691029
7   8   3   12   0.0073090179
7   8   4   7   0.0085876697
7   8   4   8   -0.0061523551
7   8   5   11   0.0038542972
7   8   5   12   -0.0017002204
7   8   7   10   -0.0052772238
7   9   1   7   -0.0098686797
7   9   1   8   0.0070700928
7   9   2   11   -0.0129824672
7   9   2   12   0.0057268692
7   9   3   7   -0.0127288269
7   9   3   8   0.0091191517
7   9   4   11   0.0103868334
7   9   4   12   -0.0045818746
7   9   5   7   0.0036145153
7   9   5   8   -0.0025895013
7   9   7   9   -0.0014111319
7   10   1   11   -0.0090073084
7   10   1   12   0.0039733339
7   10   2   7   -0.0080751415
7   10   2   8   0.0057851710
7   10   3   11   -0.0360145950
7   10   3   12   0.0158868781
7   10   4   7   0.0271725782
7   10   4   8   -0.0194669049
7   10   5   11   -0.0034906699
7   10   5   12   0.0015398159
7   10   7   10   -0.0334989780
7   11   1   7   0.0112672252
7   11   1   8   -0.0080720350
7   11   2   11   0.0055400992
7   11   2   12   -0.0024438670
7   11   3   7   0.0517353099
7   11   3   8   -0.0370640707
7   11   4   11   -0.0084288972
7   11   4   12   0.0037181832
7   11   5   7   -0.0268103936
7   11   5   8   0.0192074296
7   11   7   9   -0.0794816295
7   12   1   11   -0.0002505455
7   12   1   12   0.0001105215
7   12   2   7   0.0050599079
7   12   2   8   -0.0036250055
7   12   3   11   -0.0161859555
7   12   3   12   0.0071400026
7   12   4   7   -0.0275598792
7   12   4   8   0.0197443741
7   12   5   11   -0.0019711361
7   12   5   12   0.0008695141
7   12   7   10   -0.0831663589
7   13   6   11   -0.0035602730
7   13   6   12   0.0015705195
7   13   7   11   0.0429419706
7   13   7   12   0.0973468587
7   14   1   10   0.0023299332
7   14   2   9   0.0066886520
7   14   3   10   0.0244979593
7   14   4   9   -0.0195557040
7   14   5   10   -0.0101261639
7   14   6   11   0.0015705195
7   14   6   12   0.0035602730
7   14   7   11   -0.1044674048
7   14   7   12   0.0460830096

End IJKA Block
Begin IABC Block
1   7   1   10   0.0010028951
1   7   3   11   -0.0026316620
1   7   3   12   -0.0005505053
1   7   4   7   -0.0001092648
1   7   5   9   0.0076135589
1   7   6   9   0.0015926456
1   8   2   10   0.0010028951
1   8   3   11   0.0005505053
1   8   3   12   -0.0026316620
1   8   4   8   -0.0001092648
1   8   5   9   -0.0015926456
1   8   6   9   0.0076135589
1   9   1   11   0.0049911250
1   9   1   12   0.0010440706
1   9   2   11   -0.0010440706
1   9   2   12   0.0049911250
1   9   3   10   -0.0002442151
1   9   4   9   -0.0002679617
1   9   5   7   0.0076135589
1   9   5   8   -0.0015926456
1   9   6   7   0.0015926456
1   9   6   8   0.0076135589
1   10   1   7   0.0010028951
1   10   2   8   0.0010028951
1   10   3   9   -0.0002442151
1   10   4   10   -0.0042776311
1   10   5   11   -0.0026742009
1   10   6   12   -0.0026742009
1   11   1   9   0.0049911250
1   11   2   9   -0.0010440706
1   11   3   7   -0.0026316620
1   11   3   8   0.0005505053
1   11   4   11   -0.0033948129
1   11   5   10   -0.0026742009
1   12   1   9   0.0010440706
1   12   2   9   0.0049911250
1   12   3   7   -0.0005505053
1   12   3   8   -0.0026316620
1   12   4   12   -0.0033948129
1   12   6   10   -0.0026742009
2   7   1   9   0.0068491493
2   7   3   7   -0.0021284796
2   7   4   11   0.0009128114
2   7   4   12   0.0001909468
2   7   5   10   0.0008764154
2   7   6   10   0.0001833333
2   8   2   9   0.0068491493
2   8   3   8   -0.0021284796
2   8   4   11   -0.0001909468
2   8   4   12   0.0009128114
2   8   5   10   -0.0001833333
2   8   6   10   0.0008764154
2   9   1   7   0.0068491493
2   9   2   8   0.0068491493
2   9   3   9   -0.0017235212
2   9   4   10   0.0041261861
2   9   5   11   0.0057723075
2   9   6   12   0.0057723075
2   10   1   11   -0.0020291193
2   10   1   12   -0.0004244622
2   10   2   11   0.0004244622
2   10   2   12   -0.0020291193
2   10   3   10   -0.0012448433
2   10   4   9   0.0041261861
2   10   5   7   0.0008764154
2   10   5   8   -0.0001833333
2   10   6   7   0.0001833333
2   10   6   8   0.0008764154
2   11   1   10   -0.0020291193
2   11   2   10   0.0004244622
2   11   3   11   -0.0028147839
2   11   4   7   0.0009128114
2   11   4   8   -0.0001909468
2   11   5   9   0.0057723075
2   12   1   10   -0.0004244622
2   12   2   10   -0.0020291193
2   12   3   12   -0.0028147839
2   12   4   7   0.0001909468
2   12   4   8   0.0009128114
2   12   6   9   0.0057723075
3   7   1   10   0.0037719277
3   7   3   11   0.0220043055
3   7   3   12   0.0046029801
3   7   4   7   -0.0227073418
3   7   5   9   0.0137187031
3   7   6   9   0.0028697528
3   8   2   10   0.0037719277
3   8   3   11   -0.0046029801
3   8   3   12   0.0220043055
3   8   4   8   -0.0227073418
3   8   5   9   -0.0028697528
3   8   6   9   0.0137187031
3   9   1   11   0.0123093766
3   9   1   12   0.0025749422
3   9   2   11   -0.0025749422
3   9   2   12   0.0123093766
3   9   3   10   0.0061934475
3   9   4   9   -0.0177881629
3   9   5   7   0.0137187031
3   9   5   8   -0.0028697528
3   9   6   7   0.0028697528
3   9   6   8   0.0137187031
3   10   1   7   0.0037719277
3   10   2   8   0.0037719277
3   10   3   9   0.0061934475
3   10   4   10   -0.0253182515
3   10   5   11   -0.0046811315
3   10   6   12   -0.0046811315
3   11   1   9   0.0123093766
3   11   2   9   -0.0025749422
3   11   3   7   0.0220043055
3   11   3   8   -0.0046029801
3   11   4   11   -0.0246173052
3   11   5   10   -0.0046811315
3   12   1   9   0.0025749422
3   12   2   9   0.0123093766
3   12   3   7   0.0046029801
3   12   3   8   0.0220043055
3   12   4   12   -0.0246173052
3   12   6   10   -0.0046811315
4   7   1   9   -0.0209873935
4   7   3   7   -0.0597554786
4   7   4   11   -0.0109782965
4   7   4   12   -0.0022964997
4   7   5   10   -0.0032693385
4   7   6   10   -0.0006838980
4   8   2   9   -0.0209873935
4   8   3   8   -0.0597554786
4   8   4   11   0.0022964997
4   8   4   12   -0.0109782965
4   8   5   10   0.0006838980
4   8   6   10   -0.0032693385
4   9   1   7   -0.0209873935
4   9   2   8   -0.0209873935
4   9   3   9   -0.0015291215
4   9   4   10   0.0238816436
4   9   5   11   -0.0038996521
4   9   6   12   -0.0038996521
4   10   1   11   0.0087457544
4   10   1   12   0.0018294844
4   10   2   11   -0.0018294844
4   10   2   12   0.0087457544
4   10   3   10   -0.0274653369
4   10   4   9   0.0238816436
4   10   5   7   -0.0032693385
4   10   5   8   0.0006838980
4   10   6   7   -0.0006838980
4   10   6   8   -0.0032693385
4   11   1   10   0.0087457544
4   11   2   10   -0.0018294844
4   11   3   11   -0.0548867820
4   11   4   7   -0.0109782965
4   11   4   8   0.0022964997
4   11   5   9   -0.0038996521
4   12   1   10   0.0018294844
4   12   2   10   0.0087457544
4   12   3   12   -0.0548867820
4   12   4   7   -0.0022964997
4   12   4   8   -0.0109782965
4   12   6   9   -0.0038996521
5   7   1   10   -0.0022602724
5   7   3   11   -0.0089347091
5   7   3   12   -0.0018690110
5   7   4   7   -0.0567575064
5   7   5   9   0.0001156650
5   7   6   9   0.0000241954
5   8   2   10   -0.0022602724
5   8   3   11   0.0018690110
5   8   3   12   -0.0089347091
5   8   4   8   -0.0567575064
5   8   5   9   -0.0000241954
5   8   6   9   0.0001156650
5   9   1   11   -0.0100828454
5   9   1   12   -0.0021091843
5   9   2   11   0.0021091843
5   9   2   12   -0.0100828454
5   9   3   10   0.0357418355
5   9   4   9   -0.0022748895
5   9   5   7   0.0001156650
5   9   5   8   -0.0000241954
5   9   6   7   0.0000241954
5   9   6   8   0.0001156650
5   10   1   7   -0.0022602724
5   10   2   8   -0.0022602724
5   10   3   9   0.0357418355
5   10   4   10   -0.0366565299
5   10   5   11   -0.0074544612
5   10   6   12   -0.0074544612
5   11   1   9   -0.0100828454
5   11   2   9   0.0021091843
5   11   3   7   -0.0089347091
5   11   3   8   0.0018690110
5   11   4   11   -0.0599658005
5   11   5   10   -0.0074544612
5   12   1   9   -0.0021091843
5   12   2   9   -0.0100828454
5   12   3   7   -0.0018690110
5   12   3   8   -0.0089347091
5   12   4   12   -0.0599658005
5   12   6   10   -0.0074544612
6   7   1   11   0.0192622280
6   7   1   12   0.0060136052
6   7   2   11   0.0233549848
6   7   2   12   0.0063070577
6   7   3   10   0.0031913532
6   7   4   9   0.0062704556
6   7   5   7   0.0359288728
6   7   5   8   0.0013402953
6   7   6   7   0.0768002079
6   7   6   8   0.0014592737
6   8   1   11   -0.0016417277
6   8   1   12   0.0173336908
6   8   2   11   -0.0043785205
6   8   2   12   0.0277268624
6   8   3   10   0.0044546010
6   8   4   9   0.0087525184
6   8   5   7   0.0013402953
6   8   5   8   0.0330103254
6   8   6   7   0.0014592737
6   8   6   8   0.0794807985
6   9   1   10   0.0310608226
6   9   2   10   0.0433557689
6   9   3   11   0.0022916398
6   9   3   12   0.0051950094
6   9   4   7   0.0062704556
6   9   4   8   0.0087525184
6   9   5   9   0.0158766571
6   9   6   9   0.0359914245
6   10   1   9   0.0310608226
6   10   2   9   0.0433557689
6   10   3   7   0.0031913532
6   10   3   8   0.0044546010
6   10   4   11   -0.0050536152
6   10   4   12   -0.0114562410
6   10   5   10   0.0210500958
6   10   6   10   0.0477192982
6   11   1   7   0.0192622280
6   11   1   8   -0.0016417277
6   11   2   7   0.0233549848
6   11   2   8   -0.0043785205
6   11   3   9   0.0022916398
6   11   4   10   -0.0050536152
6   11   5   11   0.0289939679
6   11   5   12   -0.0006302187
6   11   6   11   0.0669880147
6   11   6   12   -0.0002780042
6   12   1   7   0.0060136052
6   12   1   8   0.0173336908
6   12   2   7   0.0063070577
6   12   2   8   0.0277268624
6   12   3   9   0.0051950094
6   12   4   10   -0.0114562410
6   12   5   11   -0.0006302187
6   12   5   12   0.0295499762
6   12   6   11   -0.0002780042
6   12   6   12   0.0657275773
7   7   1   11   -0.0277268624
7   7   1   12   -0.0043785205
7   7   2   11   0.0173336908
7   7   2   12   0.0016417277
7   7   3   10   -0.0044546010
7   7   4   9   -0.0087525184
7   7   5   7   -0.0794807985
7   7   5   8   0.0014592737
7   7   6   7   0.0330103254
7   7   6   8   -0.0013402953
7   8   1   11   0.0063070577
7   8   1   12   -0.0233549848
7   8   2   11   -0.0060136052
7   8   2   12   0.0192622280
7   8   3   10   0.0031913532
7   8   4   9   0.0062704556
7   8   5   7   0.0014592737
7   8   5   8   -0.0768002079
7   8   6   7   -0.0013402953
7   8   6   8   0.0359288728
7   9   1   10   -0.0433557689
7   9   2   10   0.0310608226
7   9   3   11   -0.0051950094
7   9   3   12   0.0022916398
7   9   4   7   -0.0087525184
7   9   4   8   0.0062704556
7   9   5   9   -0.0359914245
7   9   6   9   0.0158766571
7   10   1   9   -0.0433557689
7   10   2   9   0.0310608226
7   10   3   7   -0.0044546010
7   10   3   8   0.0031913532
7   10   4   11   0.0114562410
7   10   4   12   -0.0050536152
7   10   5   10   -0.0477192982
7   10   6   10   0.0210500958
7   11   1   7   -0.0277268624
7   11   1   8   0.0063070577
7   11   2   7   0.0173336908
7   11   2   8   -0.0060136052
7   11   3   9   -0.0051950094
7   11   4   10   0.0114562410
7   11   5   11   -0.0657275773
7   11   5   12   -0.0002780042
7   11   6   11   0.0295499762
7   11   6   12   0.0006302187
7   12   1   7   -0.0043785205
7   12   1   8   -0.0233549848
7   12   2   7   0.0016417277
7   12   2   8   0.0192622280
7   12   3   9   0.0022916398
7   12   4   10   -0.0050536152
7   12   5   11   -0.0002780042
7   12   5   12   -0.0669880147
7   12   6   11   0.0006302187
7   12   6   12   0.0289939679

End IABC Block
