Begin IJ Block
1   1   -1.9140088270
2   2   -1.7791037346
2   3   -0.0000000123
3   3   -1.7740106107

End IJ Block
Begin IA Block
1   3   0.0023463128
1   6   0.0000002394

End IA Block
Begin AB Block
1   1   -1.3831011134
1   2   -0.0000000238
2   2   -1.3930543647
3   3   -0.9469134895
3   6   -0.0000000777
4   4   -0.8571963445
4   5   0.0000000496
5   5   -0.8342552955
6   6   -0.7839997927

End AB Block
Begin IJKL Block
1   4   1   4   0.2907062132
1   4   2   5   0.0023541400
1   4   2   6   -0.0000000038
1   4   3   5   -0.0000000038
1   4   3   6   0.0039501089
1   5   1   5   0.2740650710
1   5   1   6   0.0000000051
1   5   2   4   0.0043799732
1   5   3   4   -0.0000000024
1   6   1   5   0.0000000051
1   6   1   6   0.2719784659
1   6   2   4   -0.0000000024
1   6   3   4   0.0053713209
2   4   1   5   0.0043799732
2   4   1   6   -0.0000000024
2   4   2   4   0.2740650710
2   4   3   4   0.0000000051
2   5   1   4   0.0023541400
2   5   2   5   0.3150409275
2   5   2   6   -0.0000000000
2   5   3   5   -0.0000000000
2   5   3   6   0.0191515996
2   6   1   4   -0.0000000038
2   6   2   5   -0.0000000000
2   6   2   6   0.2732080975
2   6   3   5   0.0226983701
2   6   3   6   -0.0000000000
3   4   1   5   -0.0000000024
3   4   1   6   0.0053713209
3   4   2   4   0.0000000051
3   4   3   4   0.2719784659
3   5   1   4   -0.0000000038
3   5   2   5   -0.0000000000
3   5   2   6   0.0226983701
3   5   3   5   0.2732080975
3   5   3   6   -0.0000000000
3   6   1   4   0.0039501089
3   6   2   5   0.0191515996
3   6   2   6   -0.0000000000
3   6   3   5   -0.0000000000
3   6   3   6   0.3150630839

End IJKL Block
Begin IJAB Block
1   4   1   7   0.0037535577
1   4   1   8   0.0000000027
1   4   2   7   0.0000000027
1   4   2   8   0.0048881372
1   4   3   9   0.0078097228
1   4   3   12   0.0000000101
1   4   4   10   0.0083019056
1   4   4   11   -0.0000000088
1   4   5   10   -0.0000000088
1   4   5   11   0.0045277584
1   4   6   9   0.0000000101
1   4   6   12   0.0032426969
1   5   1   10   -0.0000000010
1   5   1   11   0.0009891783
1   5   2   10   -0.0027424836
1   5   2   11   0.0000000026
1   5   4   7   -0.0000000035
1   5   4   8   -0.0056834416
1   5   5   7   0.0030632761
1   5   5   8   0.0000000020
1   6   1   10   -0.0014053356
1   6   1   11   0.0000000064
1   6   2   10   -0.0000000025
1   6   2   11   0.0003845775
1   6   4   7   -0.0015170771
1   6   4   8   -0.0000000079
1   6   5   7   0.0000000137
1   6   5   8   0.0011488685
2   4   1   10   -0.0000000035
2   4   1   11   0.0030632761
2   4   2   10   -0.0056834416
2   4   2   11   0.0000000020
2   4   4   7   -0.0000000010
2   4   4   8   -0.0027424836
2   4   5   7   0.0009891783
2   4   5   8   0.0000000026
2   5   1   7   0.0330344349
2   5   1   8   -0.0000000007
2   5   2   7   -0.0000000007
2   5   2   8   0.0594017452
2   5   3   9   0.0020568955
2   5   3   12   -0.0000000000
2   5   4   10   0.0022259965
2   5   4   11   0.0000000004
2   5   5   10   0.0000000004
2   5   5   11   0.0007041496
2   5   6   9   -0.0000000000
2   5   6   12   0.0014300928
2   6   1   7   -0.0000000007
2   6   1   8   0.0355460824
2   6   2   7   -0.0092036564
2   6   2   8   0.0000000009
2   6   3   9   -0.0000000000
2   6   3   12   0.0012462565
2   6   4   10   0.0000000004
2   6   4   11   -0.0009986159
2   6   5   10   -0.0007208031
2   6   5   11   -0.0000000005
2   6   6   9   0.0012420932
2   6   6   12   -0.0000000000
3   4   1   10   -0.0015170771
3   4   1   11   0.0000000137
3   4   2   10   -0.0000000079
3   4   2   11   0.0011488685
3   4   4   7   -0.0014053356
3   4   4   8   -0.0000000025
3   4   5   7   0.0000000064
3   4   5   8   0.0003845775
3   5   1   7   -0.0000000007
3   5   1   8   -0.0092036564
3   5   2   7   0.0355460824
3   5   2   8   0.0000000009
3   5   3   9   -0.0000000000
3   5   3   12   0.0012420932
3   5   4   10   0.0000000004
3   5   4   11   -0.0007208031
3   5   5   10   -0.0009986159
3   5   5   11   -0.0000000005
3   5   6   9   0.0012462565
3   5   6   12   -0.0000000000
3   6   1   7   0.0593364403
3   6   1   8   0.0000000009
3   6   2   7   0.0000000009
3   6   2   8   0.0330271738
3   6   3   9   0.0021205294
3   6   3   12   0.0000000001
3   6   4   10   0.0007647208
3   6   4   11   -0.0000000004
3   6   5   10   -0.0000000004
3   6   5   11   0.0023483992
3   6   6   9   0.0000000001
3   6   6   12   0.0034995976

End IJAB Block
Begin ABCD Block
1   7   1   7   0.2809184200
1   7   1   8   0.0000000000
1   7   2   7   0.0000000000
1   7   2   8   0.0101818211
1   7   3   9   0.0013433019
1   7   3   12   0.0000000000
1   7   4   10   0.0006365592
1   7   4   11   -0.0000000002
1   7   5   10   -0.0000000002
1   7   5   11   0.0014159119
1   7   6   9   0.0000000000
1   7   6   12   0.0027730897
1   8   1   7   0.0000000000
1   8   1   8   0.2572901676
1   8   2   7   0.0134530201
1   8   2   8   0.0000000000
1   8   3   9   0.0000000000
1   8   3   12   0.0010799495
1   8   4   10   0.0000000002
1   8   4   11   -0.0005029781
1   8   5   10   -0.0002939951
1   8   5   11   -0.0000000002
1   8   6   9   0.0010800455
1   8   6   12   0.0000000000
1   9   1   9   0.1862239406
1   9   1   12   -0.0000000002
1   9   2   9   -0.0000000000
1   9   2   12   0.0070155845
1   9   3   7   0.0018416292
1   9   3   8   0.0000000000
1   9   6   7   -0.0000000000
1   9   6   8   0.0011394381
1   10   1   10   0.1708633326
1   10   1   11   -0.0000000025
1   10   2   10   0.0000000025
1   10   2   11   -0.0052568706
1   10   4   7   0.0009179993
1   10   4   8   0.0000000003
1   10   5   7   -0.0000000003
1   10   5   8   -0.0003693643
1   11   1   10   -0.0000000025
1   11   1   11   0.1814323863
1   11   2   10   -0.0053382703
1   11   2   11   -0.0000000025
1   11   4   7   -0.0000000003
1   11   4   8   -0.0006216424
1   11   5   7   0.0018887527
1   11   5   8   -0.0000000002
1   12   1   9   -0.0000000002
1   12   1   12   0.1779320025
1   12   2   9   0.0070164222
1   12   2   12   0.0000000001
1   12   3   7   -0.0000000000
1   12   3   8   0.0011401324
1   12   6   7   0.0031256507
1   12   6   8   0.0000000000
2   7   1   7   0.0000000000
2   7   1   8   0.0134530201
2   7   2   7   0.2572901676
2   7   2   8   0.0000000000
2   7   3   9   0.0000000000
2   7   3   12   0.0010800455
2   7   4   10   0.0000000002
2   7   4   11   -0.0002939951
2   7   5   10   -0.0005029781
2   7   5   11   -0.0000000002
2   7   6   9   0.0010799495
2   7   6   12   0.0000000000
2   8   1   7   0.0101818211
2   8   1   8   0.0000000000
2   8   2   7   0.0000000000
2   8   2   8   0.2809311793
2   8   3   9   0.0013559230
2   8   3   12   0.0000000001
2   8   4   10   0.0014474985
2   8   4   11   0.0000000001
2   8   5   10   0.0000000001
2   8   5   11   0.0006249703
2   8   6   9   0.0000000001
2   8   6   12   0.0012002196
2   9   1   9   -0.0000000000
2   9   1   12   0.0070164222
2   9   2   9   0.1862233205
2   9   2   12   0.0000000002
2   9   3   7   0.0000000000
2   9   3   8   0.0018424949
2   9   6   7   0.0011401324
2   9   6   8   0.0000000000
2   10   1   10   0.0000000025
2   10   1   11   -0.0053382703
2   10   2   10   0.1814705461
2   10   2   11   0.0000000024
2   10   4   7   0.0000000003
2   10   4   8   0.0019245788
2   10   5   7   -0.0006216424
2   10   5   8   0.0000000002
2   11   1   10   -0.0052568706
2   11   1   11   -0.0000000025
2   11   2   10   0.0000000024
2   11   2   11   0.1708554388
2   11   4   7   -0.0003693643
2   11   4   8   0.0000000002
2   11   5   7   -0.0000000002
2   11   5   8   0.0009124214
2   12   1   9   0.0070155845
2   12   1   12   0.0000000001
2   12   2   9   0.0000000002
2   12   2   12   0.1693624473
2   12   3   7   0.0011394381
2   12   3   8   0.0000000000
2   12   6   7   0.0000000000
2   12   6   8   0.0014786123
3   7   1   9   0.0018416292
3   7   1   12   -0.0000000000
3   7   2   9   0.0000000000
3   7   2   12   0.0011394381
3   7   3   7   0.1862239406
3   7   3   8   -0.0000000000
3   7   6   7   -0.0000000002
3   7   6   8   0.0070155845
3   8   1   9   0.0000000000
3   8   1   12   0.0011401324
3   8   2   9   0.0018424949
3   8   2   12   0.0000000000
3   8   3   7   -0.0000000000
3   8   3   8   0.1862233205
3   8   6   7   0.0070164222
3   8   6   8   0.0000000002
3   9   1   7   0.0013433019
3   9   1   8   0.0000000000
3   9   2   7   0.0000000000
3   9   2   8   0.0013559230
3   9   3   9   0.1713960989
3   9   3   12   0.0000000001
3   9   4   10   0.0554575482
3   9   4   11   -0.0000000001
3   9   5   10   -0.0000000001
3   9   5   11   0.0554306325
3   9   6   9   0.0000000001
3   9   6   12   0.0292859259
3   10   3   10   0.1673975810
3   10   3   11   -0.0000000000
3   10   4   9   0.0554914991
3   10   4   12   0.0000000192
3   10   5   9   0.0000000000
3   10   5   12   -0.0387312857
3   10   6   10   0.0000000109
3   10   6   11   -0.0220530881
3   11   3   10   -0.0000000000
3   11   3   11   0.1673964226
3   11   4   9   0.0000000000
3   11   4   12   -0.0387307917
3   11   5   9   0.0554951383
3   11   5   12   -0.0000000192
3   11   6   10   -0.0220541094
3   11   6   11   -0.0000000109
3   12   1   7   0.0000000000
3   12   1   8   0.0010799495
3   12   2   7   0.0010800455
3   12   2   8   0.0000000001
3   12   3   9   0.0000000001
3   12   3   12   0.1666247971
3   12   4   10   0.0000000193
3   12   4   11   -0.0387493424
3   12   5   10   -0.0387508626
3   12   5   11   -0.0000000192
3   12   6   9   0.0294311414
3   12   6   12   0.0000000002
4   7   1   10   0.0009179993
4   7   1   11   -0.0000000003
4   7   2   10   0.0000000003
4   7   2   11   -0.0003693643
4   7   4   7   0.1708633326
4   7   4   8   0.0000000025
4   7   5   7   -0.0000000025
4   7   5   8   -0.0052568706
4   8   1   10   0.0000000003
4   8   1   11   -0.0006216424
4   8   2   10   0.0019245788
4   8   2   11   0.0000000002
4   8   4   7   0.0000000025
4   8   4   8   0.1814705461
4   8   5   7   -0.0053382703
4   8   5   8   0.0000000024
4   9   3   10   0.0554914991
4   9   3   11   0.0000000000
4   9   4   9   0.1673975810
4   9   4   12   0.0000000109
4   9   5   9   -0.0000000000
4   9   5   12   -0.0220530881
4   9   6   10   0.0000000192
4   9   6   11   -0.0387312857
4   10   1   7   0.0006365592
4   10   1   8   0.0000000002
4   10   2   7   0.0000000002
4   10   2   8   0.0014474985
4   10   3   9   0.0554575482
4   10   3   12   0.0000000193
4   10   4   10   0.1816127291
4   10   4   11   -0.0000000001
4   10   5   10   -0.0000000001
4   10   5   11   0.0167677150
4   10   6   9   0.0000000193
4   10   6   12   0.0294926166
4   11   1   7   -0.0000000002
4   11   1   8   -0.0005029781
4   11   2   7   -0.0002939951
4   11   2   8   0.0000000001
4   11   3   9   -0.0000000001
4   11   3   12   -0.0387493424
4   11   4   10   -0.0000000001
4   11   4   11   0.1480472552
4   11   5   10   0.0167735763
4   11   5   11   -0.0000000000
4   11   6   9   -0.0387508626
4   11   6   12   -0.0000000049
4   12   3   10   0.0000000192
4   12   3   11   -0.0387307917
4   12   4   9   0.0000000109
4   12   4   12   0.1526047041
4   12   5   9   -0.0220541094
4   12   5   12   -0.0000000060
4   12   6   10   0.0295435858
4   12   6   11   -0.0000000048
5   7   1   10   -0.0000000003
5   7   1   11   0.0018887527
5   7   2   10   -0.0006216424
5   7   2   11   -0.0000000002
5   7   4   7   -0.0000000025
5   7   4   8   -0.0053382703
5   7   5   7   0.1814323863
5   7   5   8   -0.0000000025
5   8   1   10   -0.0003693643
5   8   1   11   -0.0000000002
5   8   2   10   0.0000000002
5   8   2   11   0.0009124214
5   8   4   7   -0.0052568706
5   8   4   8   0.0000000024
5   8   5   7   -0.0000000025
5   8   5   8   0.1708554388
5   9   3   10   0.0000000000
5   9   3   11   0.0554951383
5   9   4   9   -0.0000000000
5   9   4   12   -0.0220541094
5   9   5   9   0.1673964226
5   9   5   12   -0.0000000109
5   9   6   10   -0.0387307917
5   9   6   11   -0.0000000192
5   10   1   7   -0.0000000002
5   10   1   8   -0.0002939951
5   10   2   7   -0.0005029781
5   10   2   8   0.0000000001
5   10   3   9   -0.0000000001
5   10   3   12   -0.0387508626
5   10   4   10   -0.0000000001
5   10   4   11   0.0167735763
5   10   5   10   0.1480472552
5   10   5   11   -0.0000000000
5   10   6   9   -0.0387493424
5   10   6   12   -0.0000000049
5   11   1   7   0.0014159119
5   11   1   8   -0.0000000002
5   11   2   7   -0.0000000002
5   11   2   8   0.0006249703
5   11   3   9   0.0554306325
5   11   3   12   -0.0000000192
5   11   4   10   0.0167677150
5   11   4   11   -0.0000000000
5   11   5   10   -0.0000000000
5   11   5   11   0.1815678474
5   11   6   9   -0.0000000192
5   11   6   12   0.0486853200
5   12   3   10   -0.0387312857
5   12   3   11   -0.0000000192
5   12   4   9   -0.0220530881
5   12   4   12   -0.0000000060
5   12   5   9   -0.0000000109
5   12   5   12   0.1763811586
5   12   6   10   -0.0000000048
5   12   6   11   0.0487347825
6   7   1   9   -0.0000000000
6   7   1   12   0.0031256507
6   7   2   9   0.0011401324
6   7   2   12   0.0000000000
6   7   3   7   -0.0000000002
6   7   3   8   0.0070164222
6   7   6   7   0.1779320025
6   7   6   8   0.0000000001
6   8   1   9   0.0011394381
6   8   1   12   0.0000000000
6   8   2   9   0.0000000000
6   8   2   12   0.0014786123
6   8   3   7   0.0070155845
6   8   3   8   0.0000000002
6   8   6   7   0.0000000001
6   8   6   8   0.1693624473
6   9   1   7   0.0000000000
6   9   1   8   0.0010800455
6   9   2   7   0.0010799495
6   9   2   8   0.0000000001
6   9   3   9   0.0000000001
6   9   3   12   0.0294311414
6   9   4   10   0.0000000193
6   9   4   11   -0.0387508626
6   9   5   10   -0.0387493424
6   9   5   11   -0.0000000192
6   9   6   9   0.1666247971
6   9   6   12   0.0000000002
6   10   3   10   0.0000000109
6   10   3   11   -0.0220541094
6   10   4   9   0.0000000192
6   10   4   12   0.0295435858
6   10   5   9   -0.0387307917
6   10   5   12   -0.0000000048
6   10   6   10   0.1526047041
6   10   6   11   -0.0000000060
6   11   3   10   -0.0220530881
6   11   3   11   -0.0000000109
6   11   4   9   -0.0387312857
6   11   4   12   -0.0000000048
6   11   5   9   -0.0000000192
6   11   5   12   0.0487347825
6   11   6   10   -0.0000000060
6   11   6   11   0.1763811586
6   12   1   7   0.0027730897
6   12   1   8   0.0000000000
6   12   2   7   0.0000000000
6   12   2   8   0.0012002196
6   12   3   9   0.0292859259
6   12   3   12   0.0000000002
6   12   4   10   0.0294926166
6   12   4   11   -0.0000000049
6   12   5   10   -0.0000000049
6   12   5   11   0.0486853200
6   12   6   9   0.0000000002
6   12   6   12   0.1764691020

End ABCD Block
Begin AIJB Block
1   4   1   7   0.0043852132
1   4   1   8   0.0000000045
1   4   2   10   -0.0000000040
1   4   2   11   0.0027500221
1   4   3   10   -0.0010588831
1   4   3   11   0.0000000124
1   5   1   10   -0.0000000006
1   5   1   11   0.0006779210
1   5   2   7   0.0390320905
1   5   2   8   -0.0000000005
1   5   3   7   -0.0000000004
1   5   3   8   -0.0128163639
1   6   1   10   -0.0005597392
1   6   1   11   0.0000000033
1   6   2   7   -0.0000000004
1   6   2   8   0.0299598326
1   6   3   7   0.0561414385
1   6   3   8   0.0000000005
2   4   1   7   0.0000000045
2   4   1   8   0.0062777179
2   4   2   10   -0.0051561917
2   4   2   11   0.0000000012
2   4   3   10   -0.0000000073
2   4   3   11   0.0013354110
2   5   1   10   -0.0014221551
2   5   1   11   0.0000000010
2   5   2   7   -0.0000000005
2   5   2   8   0.0561930883
2   5   3   7   0.0299598326
2   5   3   8   0.0000000006
2   6   1   10   -0.0000000017
2   6   1   11   0.0001852251
2   6   2   7   -0.0128163639
2   6   2   8   0.0000000006
2   6   3   7   0.0000000005
2   6   3   8   0.0390153247
3   4   1   9   0.0061582085
3   4   1   12   0.0000000080
3   5   2   9   0.0020723559
3   5   2   12   -0.0000000000
3   5   3   12   0.0011283319
3   6   2   12   0.0011284747
3   6   3   9   0.0020723946
3   6   3   12   0.0000000000
4   4   1   10   0.0067583172
4   4   1   11   -0.0000000068
4   4   2   7   -0.0000000006
4   4   2   8   -0.0014221551
4   4   3   7   -0.0005597392
4   4   3   8   -0.0000000017
4   5   1   7   -0.0000000040
4   5   1   8   -0.0051561917
4   5   2   10   0.0022528106
4   5   2   11   0.0000000004
4   5   3   10   0.0000000004
4   5   3   11   -0.0006720537
4   6   1   7   -0.0010588831
4   6   1   8   -0.0000000073
4   6   2   10   0.0000000004
4   6   2   11   -0.0009039970
4   6   3   10   0.0006899493
4   6   3   11   -0.0000000004
5   4   1   10   -0.0000000068
5   4   1   11   0.0035728456
5   4   2   7   0.0006779210
5   4   2   8   0.0000000010
5   4   3   7   0.0000000033
5   4   3   8   0.0001852251
5   5   1   7   0.0027500221
5   5   1   8   0.0000000012
5   5   2   10   0.0000000004
5   5   2   11   0.0006870836
5   5   3   10   -0.0009039970
5   5   3   11   -0.0000000004
5   6   1   7   0.0000000124
5   6   1   8   0.0013354110
5   6   2   10   -0.0006720537
5   6   2   11   -0.0000000004
5   6   3   10   -0.0000000004
5   6   3   11   0.0022739471
6   4   1   9   0.0000000080
6   4   1   12   0.0026353853
6   5   2   9   -0.0000000000
6   5   2   12   0.0012696983
6   5   3   9   0.0011284747
6   5   3   12   -0.0000000000
6   6   2   9   0.0011283319
6   6   2   12   -0.0000000000
6   6   3   9   0.0000000000
6   6   3   12   0.0030126866

1   4   4   1   -0.2611112333
1   4   4   2   -0.0000000142
1   4   5   4   0.0000000004
1   4   5   5   -0.0007111306
1   4   6   4   0.0004839818
1   4   6   5   -0.0000000031
1   5   4   4   0.0000000004
1   5   4   5   -0.0007663191
1   5   5   1   -0.2699384286
1   5   5   2   0.0000000008
1   5   6   1   0.0000000008
1   5   6   2   -0.0145413827
1   6   4   4   0.0003648821
1   6   4   5   -0.0000000029
1   6   5   1   0.0000000008
1   6   5   2   -0.0124123984
1   6   6   1   -0.2968934266
1   6   6   2   -0.0000000008
2   4   4   1   -0.0000000142
2   4   4   2   -0.2670277927
2   4   5   4   0.0013103750
2   4   5   5   -0.0000000009
2   4   6   4   0.0000000018
2   4   6   5   -0.0001169374
2   5   4   4   0.0012082021
2   5   4   5   -0.0000000006
2   5   5   1   0.0000000008
2   5   5   2   -0.2968936910
2   5   6   1   -0.0124123984
2   5   6   2   -0.0000000008
2   6   4   4   0.0000000019
2   6   4   5   -0.0000806001
2   6   5   1   -0.0145413827
2   6   5   2   -0.0000000008
2   6   6   1   -0.0000000008
2   6   6   2   -0.2699405319
3   4   4   3   -0.1957244340
3   4   4   6   -0.0000000428
3   5   5   3   -0.1899418781
3   5   5   6   0.0000000003
3   5   6   6   -0.0099009700
3   6   5   6   -0.0098984854
3   6   6   3   -0.1899412985
3   6   6   6   -0.0000000003
4   4   4   4   -0.1918193422
4   4   4   5   0.0000000281
4   4   5   1   0.0000000004
4   4   5   2   0.0012082021
4   4   6   1   0.0003648821
4   4   6   2   0.0000000019
4   5   4   1   0.0000000004
4   5   4   2   0.0013103750
4   5   5   4   -0.1866347592
4   5   5   5   -0.0000000044
4   5   6   4   -0.0000000043
4   5   6   5   0.0082892921
4   6   4   1   0.0004839818
4   6   4   2   0.0000000018
4   6   5   4   -0.0000000043
4   6   5   5   0.0082175534
4   6   6   4   -0.1701489118
4   6   6   5   0.0000000043
5   4   4   4   0.0000000281
5   4   4   5   -0.1787818116
5   4   5   1   -0.0007663191
5   4   5   2   -0.0000000006
5   4   6   1   -0.0000000029
5   4   6   2   -0.0000806001
5   5   4   1   -0.0007111306
5   5   4   2   -0.0000000009
5   5   5   4   -0.0000000044
5   5   5   5   -0.1701405215
5   5   6   4   0.0082175534
5   5   6   5   0.0000000044
5   6   4   1   -0.0000000031
5   6   4   2   -0.0001169374
5   6   5   4   0.0082892921
5   6   5   5   0.0000000044
5   6   6   4   0.0000000043
5   6   6   5   -0.1866676127
6   4   4   3   -0.0000000428
6   4   4   6   -0.1776497705
6   5   5   3   0.0000000003
6   5   5   6   -0.1695336875
6   5   6   3   -0.0098984854
6   5   6   6   0.0000000002
6   6   5   3   -0.0099009700
6   6   5   6   0.0000000002
6   6   6   3   -0.0000000003
6   6   6   6   -0.1810344054

End AIJB Block
Begin IJKA Block
1   4   1   9   -0.0023404413
1   4   1   12   -0.0000000504
1   5   2   9   0.0001671287
1   5   2   12   -0.0000000020
1   5   3   9   -0.0000000004
1   5   3   12   0.0001068996
1   6   2   9   -0.0000000004
1   6   2   12   -0.0006442605
1   6   3   9   -0.0001674030
1   6   3   12   -0.0000000033
2   4   2   9   -0.0007498248
2   4   2   12   -0.0000000477
2   4   3   9   0.0000000017
2   4   3   12   -0.0013362976
2   5   1   9   -0.0000146224
2   5   1   12   -0.0000000021
2   6   1   9   0.0000000002
2   6   1   12   -0.0006054417
3   4   2   9   0.0000000017
3   4   2   12   -0.0010523850
3   4   3   9   0.0007504878
3   4   3   12   -0.0000000536
3   5   1   9   0.0000000002
3   5   1   12   0.0003266632
3   6   1   9   0.0000332518
3   6   1   12   -0.0000000026

End IJKA Block
Begin IABC Block
1   7   1   9   -0.0010131729
1   7   1   12   -0.0000000023
1   7   2   9   -0.0000000025
1   7   2   12   0.0012384228
1   7   3   7   -0.0007051588
1   7   3   8   -0.0000000018
1   7   6   7   -0.0000000454
1   7   6   8   0.0002598477
1   8   1   9   -0.0000000025
1   8   1   12   -0.0006431432
1   8   2   9   0.0010147468
1   8   2   12   -0.0000000037
1   8   3   7   -0.0000000018
1   8   3   8   0.0007064022
1   8   6   7   -0.0000855979
1   8   6   8   -0.0000000458
1   9   1   7   -0.0009979984
1   9   1   8   -0.0000000024
1   9   2   7   -0.0000000024
1   9   2   8   0.0009737980
1   9   3   9   -0.0000166715
1   9   3   12   0.0000000178
1   9   4   10   -0.0047528952
1   9   4   11   -0.0000000134
1   9   5   10   -0.0000000133
1   9   5   11   0.0047499947
1   9   6   9   -0.0000000105
1   9   6   12   0.0035770111
1   10   3   10   -0.0056437142
1   10   3   11   -0.0000000162
1   10   4   9   -0.0047057277
1   10   4   12   0.0000000095
1   10   5   9   -0.0000000132
1   10   5   12   -0.0034593699
1   10   6   10   -0.0000000119
1   10   6   11   -0.0023648666
1   11   3   10   -0.0000000161
1   11   3   11   0.0056600170
1   11   4   9   -0.0000000132
1   11   4   12   -0.0004788172
1   11   5   9   0.0047054610
1   11   5   12   0.0000000167
1   11   6   10   -0.0023257775
1   11   6   11   -0.0000000031
1   12   1   7   -0.0000000023
1   12   1   8   -0.0005427478
1   12   2   7   0.0011125102
1   12   2   8   -0.0000000035
1   12   3   9   0.0000000176
1   12   3   12   0.0047840846
1   12   4   10   0.0000000094
1   12   4   11   -0.0004700079
1   12   5   10   -0.0034115161
1   12   5   11   0.0000000166
1   12   6   9   0.0035426100
1   12   6   12   -0.0000000015
2   7   3   10   0.0000000002
2   7   3   11   -0.0009302048
2   7   4   9   0.0000000002
2   7   4   12   0.0005833997
2   7   5   9   -0.0008246182
2   7   5   12   0.0000000002
2   7   6   10   0.0006142382
2   7   6   11   0.0000000002
2   8   3   10   -0.0009709585
2   8   3   11   -0.0000000002
2   8   4   9   -0.0008704134
2   8   4   12   0.0000000001
2   8   5   9   -0.0000000002
2   8   5   12   -0.0006873504
2   8   6   10   0.0000000002
2   8   6   11   -0.0006820083
2   9   1   10   0.0000000063
2   9   1   11   -0.0256764368
2   9   2   10   -0.0256666731
2   9   2   11   -0.0000000063
2   9   4   7   0.0000000002
2   9   4   8   -0.0009867272
2   9   5   7   -0.0009755198
2   9   5   8   -0.0000000003
2   10   1   9   0.0000000063
2   10   1   12   0.0167935373
2   10   2   9   -0.0256025013
2   10   2   12   -0.0000000024
2   10   3   7   0.0000000003
2   10   3   8   -0.0011384481
2   10   6   7   0.0007164816
2   10   6   8   0.0000000002
2   11   1   9   -0.0256047302
2   11   1   12   0.0000000045
2   11   2   9   -0.0000000063
2   11   2   12   0.0093961773
2   11   3   7   -0.0011289304
2   11   3   8   -0.0000000003
2   11   6   7   0.0000000002
2   11   6   8   -0.0007495724
2   12   1   10   0.0168497556
2   12   1   11   0.0000000046
2   12   2   10   -0.0000000026
2   12   2   11   0.0093996738
2   12   4   7   0.0007020155
2   12   4   8   0.0000000001
2   12   5   7   0.0000000002
2   12   5   8   -0.0007820242
3   7   3   10   0.0009364836
3   7   3   11   0.0000000002
3   7   4   9   0.0008331491
3   7   4   12   0.0000000005
3   7   5   9   0.0000000002
3   7   5   12   -0.0018921237
3   7   6   10   0.0000000005
3   7   6   11   -0.0018875642
3   8   3   10   0.0000000002
3   8   3   11   -0.0009709434
3   8   4   9   0.0000000002
3   8   4   12   0.0006370289
3   8   5   9   -0.0008655881
3   8   5   12   0.0000000001
3   8   6   10   0.0006061552
3   8   6   11   0.0000000001
3   9   1   10   0.0256755795
3   9   1   11   0.0000000064
3   9   2   10   0.0000000063
3   9   2   11   -0.0256803614
3   9   4   7   0.0009589912
3   9   4   8   0.0000000002
3   9   5   7   0.0000000002
3   9   5   8   -0.0009730854
3   10   1   9   0.0256142663
3   10   1   12   0.0000000058
3   10   2   9   0.0000000063
3   10   2   12   0.0160296471
3   10   3   7   0.0011152571
3   10   3   8   0.0000000003
3   10   6   7   0.0000000005
3   10   6   8   0.0006422733
3   11   1   9   0.0000000064
3   11   1   12   -0.0234335389
3   11   2   9   -0.0256130113
3   11   2   12   0.0000000038
3   11   3   7   0.0000000002
3   11   3   8   -0.0011256716
3   11   6   7   -0.0021028859
3   11   6   8   0.0000000001
3   12   1   10   0.0000000058
3   12   1   11   -0.0235192221
3   12   2   10   0.0160703790
3   12   2   11   0.0000000038
3   12   4   7   0.0000000005
3   12   4   8   0.0006770645
3   12   5   7   -0.0021481479
3   12   5   8   0.0000000001

End IABC Block
