Begin IJ Block
1   1   -25.8404822621
1   3   0.4842796499
1   4   -0.0000000001
1   5   0.0611855126
2   2   -25.8403530362
2   3   0.0000000001
2   4   0.4942174124
2   5   0.0000000000
3   3   -6.7336747844
3   5   0.1053865829
4   4   -6.7347907063
5   5   -6.0823801731
6   6   -5.9740401854
7   7   -5.9740401854

End IJ Block
Begin IA Block
1   3   -0.0000000000
1   4   0.2370435350
2   3   0.0439557913
2   4   0.0000000000
3   4   -0.7266784895
4   3   -0.3352975254
5   4   1.0110921866
6   1   0.0000000000
6   5   -1.4907103873
6   6   -0.0236899441
7   2   -0.0000000000
7   5   0.0236899441
7   6   -1.4907103873

End IA Block
Begin AB Block
1   1   -6.0389032314
1   5   0.0000000000
1   6   -0.0000000000
2   2   -6.0389032314
2   5   0.0000000000
2   6   -0.0000000000
3   3   -6.2280650577
3   4   -0.0000000000
3   6   0.0000000000
4   4   -5.3354262047
5   5   -4.8907282856
6   6   -4.8907282856

End AB Block
Begin IJKL Block
1   8   1   8   2.1642429437
1   8   1   9   -0.0000000005
1   8   1   10   -0.2002924633
1   8   1   11   0.0000000001
1   8   1   12   -0.0220526161
1   8   2   8   -0.0000000005
1   8   2   9   1.9626931972
1   8   2   10   0.0000000000
1   8   2   11   -0.2048226074
1   8   2   12   0.0000000000
1   8   3   8   -0.2002924633
1   8   3   9   0.0000000000
1   8   3   10   0.0305247060
1   8   3   11   -0.0000000000
1   8   3   12   0.0028941449
1   8   4   8   0.0000000001
1   8   4   9   -0.2048226074
1   8   4   10   -0.0000000000
1   8   4   11   0.0319710820
1   8   5   8   -0.0220526161
1   8   5   9   0.0000000000
1   8   5   10   0.0028941449
1   8   5   12   0.0104817794
1   8   6   13   0.0103265721
1   8   7   14   0.0103265721
1   9   1   8   -0.0000000005
1   9   1   9   2.1641833615
1   9   1   10   0.0000000000
1   9   1   11   -0.2049576855
1   9   1   12   0.0000000000
1   9   2   8   1.9626964022
1   9   2   9   0.0000000005
1   9   2   10   -0.2003311338
1   9   2   11   -0.0000000000
1   9   2   12   -0.0195089489
1   9   3   8   0.0000000000
1   9   3   9   -0.2002593485
1   9   3   11   0.0312821747
1   9   4   8   -0.2047992909
1   9   4   9   -0.0000000000
1   9   4   10   0.0312821982
1   9   4   12   0.0039196808
1   9   5   8   0.0000000000
1   9   5   9   -0.0220611499
1   9   5   11   0.0039229229
1   10   1   8   -0.2002924633
1   10   1   9   0.0000000000
1   10   1   10   0.5853177715
1   10   1   11   -0.0000000001
1   10   1   12   0.0030775374
1   10   2   8   0.0000000000
1   10   2   9   -0.2003544508
1   10   2   11   0.3872440919
1   10   3   8   0.0313695305
1   10   3   10   -0.0085682849
1   10   3   11   0.0000000000
1   10   3   12   -0.0011895456
1   10   4   8   -0.0000000000
1   10   4   9   0.0320798618
1   10   4   10   0.0000000000
1   10   4   11   -0.0088894754
1   10   5   8   0.0030262520
1   10   5   10   -0.0028926018
1   10   5   12   0.0124440276
1   10   6   13   0.0124684400
1   10   7   14   0.0124684400
1   11   1   8   0.0000000001
1   11   1   9   -0.2049576855
1   11   1   10   -0.0000000001
1   11   1   11   0.5931347550
1   11   1   12   -0.0000000000
1   11   2   8   -0.2047992909
1   11   2   9   -0.0000000000
1   11   2   10   0.3872804162
1   11   2   12   0.0695094162
1   11   3   8   -0.0000000000
1   11   3   9   0.0321072766
1   11   3   10   0.0000000000
1   11   3   11   -0.0089035150
1   11   4   8   0.0329276512
1   11   4   10   -0.0086949866
1   11   4   11   0.0000000000
1   11   4   12   -0.0006235281
1   11   5   9   0.0041116764
1   11   5   11   -0.0004031019
1   11   5   12   -0.0000000000
1   11   6   13   -0.0000000000
1   11   7   14   -0.0000000000
1   12   1   8   -0.0220526161
1   12   1   9   0.0000000000
1   12   1   10   0.0030775374
1   12   1   11   -0.0000000000
1   12   1   12   0.5414034217
1   12   2   8   0.0000000000
1   12   2   9   -0.0195063349
1   12   2   11   0.0695066786
1   12   3   8   0.0030262520
1   12   3   10   -0.0011652058
1   12   3   12   -0.0047076867
1   12   4   9   0.0041079001
1   12   4   11   -0.0004588132
1   12   5   8   0.0116610006
1   12   5   10   0.0132348063
1   12   5   11   -0.0000000000
1   12   5   12   -0.0004051997
1   12   6   13   0.0008765921
1   12   7   14   0.0008765921
1   13   1   13   0.5369120224
1   13   2   14   -0.0000000000
1   13   3   13   -0.0047711826
1   13   5   13   -0.0017078637
1   13   6   8   0.0116767011
1   13   6   10   0.0133740277
1   13   6   11   -0.0000000000
1   13   6   12   0.0009672999
1   14   1   14   0.5369120224
1   14   2   13   -0.0000000000
1   14   3   14   -0.0047711826
1   14   5   14   -0.0017078637
1   14   7   8   0.0116767011
1   14   7   10   0.0133740277
1   14   7   11   -0.0000000000
1   14   7   12   0.0009672999
2   8   1   8   -0.0000000005
2   8   1   9   1.9626964022
2   8   1   10   0.0000000000
2   8   1   11   -0.2047992909
2   8   1   12   0.0000000000
2   8   2   8   2.1641833615
2   8   2   9   0.0000000005
2   8   2   10   -0.2002593485
2   8   2   11   -0.0000000000
2   8   2   12   -0.0220611499
2   8   3   8   0.0000000000
2   8   3   9   -0.2003311338
2   8   3   11   0.0312821982
2   8   4   8   -0.2049576855
2   8   4   9   -0.0000000000
2   8   4   10   0.0312821747
2   8   4   12   0.0039229229
2   8   5   8   0.0000000000
2   8   5   9   -0.0195089489
2   8   5   11   0.0039196808
2   9   1   8   1.9626931972
2   9   1   9   0.0000000005
2   9   1   10   -0.2003544508
2   9   1   11   -0.0000000000
2   9   1   12   -0.0195063349
2   9   2   8   0.0000000005
2   9   2   9   2.1641173726
2   9   2   10   -0.0000000001
2   9   2   11   -0.2049715754
2   9   2   12   -0.0000000000
2   9   3   8   -0.2003544508
2   9   3   9   -0.0000000001
2   9   3   10   0.0305197622
2   9   3   11   0.0000000000
2   9   3   12   0.0028987032
2   9   4   8   -0.0000000000
2   9   4   9   -0.2049715754
2   9   4   10   0.0000000000
2   9   4   11   0.0319668689
2   9   5   8   -0.0195063349
2   9   5   9   -0.0000000000
2   9   5   10   0.0028987032
2   9   5   12   0.0104135686
2   9   6   13   0.0102922094
2   9   7   14   0.0102922094
2   10   1   8   0.0000000000
2   10   1   9   -0.2003311338
2   10   1   11   0.3872804162
2   10   2   8   -0.2002593485
2   10   2   9   -0.0000000001
2   10   2   10   0.5853509965
2   10   2   11   0.0000000001
2   10   2   12   0.0030752573
2   10   3   9   0.0313933135
2   10   3   10   -0.0000000000
2   10   3   11   -0.0087182841
2   10   4   8   0.0321072766
2   10   4   9   0.0000000000
2   10   4   10   -0.0087550416
2   10   4   11   -0.0000000000
2   10   4   12   -0.0000710583
2   10   5   9   0.0030311535
2   10   5   11   0.0008600990
2   10   5   12   0.0000000000
2   10   6   13   0.0000000000
2   10   7   14   0.0000000000
2   11   1   8   -0.2048226074
2   11   1   9   -0.0000000000
2   11   1   10   0.3872440919
2   11   1   12   0.0695066786
2   11   2   8   -0.0000000000
2   11   2   9   -0.2049715754
2   11   2   10   0.0000000001
2   11   2   11   0.5930943628
2   11   2   12   0.0000000000
2   11   3   8   0.0320798618
2   11   3   9   0.0000000000
2   11   3   10   -0.0088926935
2   11   3   11   -0.0000000000
2   11   3   12   -0.0016276761
2   11   4   9   0.0328973750
2   11   4   10   -0.0000000000
2   11   4   11   -0.0092166427
2   11   5   8   0.0041079001
2   11   5   9   0.0000000000
2   11   5   10   0.0009165953
2   11   5   12   0.0118124924
2   11   6   13   0.0122680673
2   11   7   14   0.0122680673
2   12   1   8   0.0000000000
2   12   1   9   -0.0195089489
2   12   1   11   0.0695094162
2   12   2   8   -0.0220611499
2   12   2   9   -0.0000000000
2   12   2   10   0.0030752573
2   12   2   11   0.0000000000
2   12   2   12   0.5413942278
2   12   3   9   0.0030311535
2   12   3   11   -0.0015313300
2   12   4   8   0.0041116764
2   12   4   9   0.0000000000
2   12   4   10   0.0000862570
2   12   4   12   -0.0048851871
2   12   5   9   0.0115886078
2   12   5   10   0.0000000000
2   12   5   11   0.0125873625
2   13   1   14   -0.0000000000
2   13   2   13   0.5369003321
2   13   4   13   -0.0050199278
2   13   6   9   0.0116359658
2   13   6   10   0.0000000000
2   13   6   11   0.0131456349
2   14   1   13   -0.0000000000
2   14   2   14   0.5369003321
2   14   4   14   -0.0050199278
2   14   7   9   0.0116359658
2   14   7   10   0.0000000000
2   14   7   11   0.0131456349
3   8   1   8   -0.2002924633
3   8   1   9   0.0000000000
3   8   1   10   0.0313695305
3   8   1   11   -0.0000000000
3   8   1   12   0.0030262520
3   8   2   8   0.0000000000
3   8   2   9   -0.2003544508
3   8   2   11   0.0320798618
3   8   3   8   0.5853177715
3   8   3   10   -0.0085682849
3   8   3   11   0.0000000000
3   8   3   12   -0.0028926018
3   8   4   8   -0.0000000001
3   8   4   9   0.3872440919
3   8   4   10   0.0000000000
3   8   4   11   -0.0088894754
3   8   5   8   0.0030775374
3   8   5   10   -0.0011895456
3   8   5   12   0.0124440276
3   8   6   13   0.0124684400
3   8   7   14   0.0124684400
3   9   1   8   0.0000000000
3   9   1   9   -0.2002593485
3   9   1   11   0.0321072766
3   9   2   8   -0.2003311338
3   9   2   9   -0.0000000001
3   9   2   10   0.0313933135
3   9   2   11   0.0000000000
3   9   2   12   0.0030311535
3   9   3   9   0.5853509965
3   9   3   10   -0.0000000000
3   9   3   11   -0.0087550416
3   9   4   8   0.3872804162
3   9   4   9   0.0000000001
3   9   4   10   -0.0087182841
3   9   4   11   -0.0000000000
3   9   4   12   0.0008600990
3   9   5   9   0.0030752573
3   9   5   11   -0.0000710583
3   9   5   12   0.0000000000
3   9   6   13   0.0000000000
3   9   7   14   0.0000000000
3   10   1   8   0.0305247060
3   10   1   10   -0.0085682849
3   10   1   11   0.0000000000
3   10   1   12   -0.0011652058
3   10   2   9   0.0305197622
3   10   2   10   -0.0000000000
3   10   2   11   -0.0088926935
3   10   3   8   -0.0085682849
3   10   3   9   -0.0000000000
3   10   3   10   0.4410585170
3   10   3   12   -0.0136627431
3   10   4   8   0.0000000000
3   10   4   9   -0.0088926935
3   10   4   11   0.2400676144
3   10   5   8   -0.0011652058
3   10   5   10   -0.0136627431
3   10   5   12   0.0676027714
3   10   6   13   0.0621789686
3   10   7   14   0.0621789686
3   11   1   8   -0.0000000000
3   11   1   9   0.0312821747
3   11   1   10   0.0000000000
3   11   1   11   -0.0089035150
3   11   2   8   0.0312821982
3   11   2   9   0.0000000000
3   11   2   10   -0.0087182841
3   11   2   11   -0.0000000000
3   11   2   12   -0.0015313300
3   11   3   8   0.0000000000
3   11   3   9   -0.0087550416
3   11   3   11   0.4411022032
3   11   4   8   -0.0086949866
3   11   4   9   -0.0000000000
3   11   4   10   0.2406017475
3   11   4   12   0.0485129714
3   11   5   9   0.0000862570
3   11   5   11   0.0013383689
3   12   1   8   0.0028941449
3   12   1   10   -0.0011895456
3   12   1   12   -0.0047076867
3   12   2   9   0.0028987032
3   12   2   11   -0.0016276761
3   12   3   8   -0.0028926018
3   12   3   10   -0.0136627431
3   12   3   12   0.4234691667
3   12   4   9   0.0009165953
3   12   4   11   0.0486233328
3   12   5   8   0.0132348063
3   12   5   9   0.0000000000
3   12   5   10   0.0686783562
3   12   5   12   -0.0133704693
3   12   6   13   0.0005592303
3   12   7   14   0.0005592303
3   13   1   13   -0.0047711826
3   13   3   13   0.4157408225
3   13   4   14   -0.0000000000
3   13   5   13   -0.0099516767
3   13   6   8   0.0133740277
3   13   6   9   0.0000000000
3   13   6   10   0.0634865380
3   13   6   12   0.0006184850
3   14   1   14   -0.0047711826
3   14   3   14   0.4157408225
3   14   4   13   -0.0000000000
3   14   5   14   -0.0099516767
3   14   7   8   0.0133740277
3   14   7   9   0.0000000000
3   14   7   10   0.0634865380
3   14   7   12   0.0006184850
4   8   1   8   0.0000000001
4   8   1   9   -0.2047992909
4   8   1   10   -0.0000000000
4   8   1   11   0.0329276512
4   8   2   8   -0.2049576855
4   8   2   9   -0.0000000000
4   8   2   10   0.0321072766
4   8   2   12   0.0041116764
4   8   3   8   -0.0000000001
4   8   3   9   0.3872804162
4   8   3   10   0.0000000000
4   8   3   11   -0.0086949866
4   8   4   8   0.5931347550
4   8   4   10   -0.0089035150
4   8   4   11   0.0000000000
4   8   4   12   -0.0004031019
4   8   5   8   -0.0000000000
4   8   5   9   0.0695094162
4   8   5   11   -0.0006235281
4   8   5   12   -0.0000000000
4   8   6   13   -0.0000000000
4   8   7   14   -0.0000000000
4   9   1   8   -0.2048226074
4   9   1   9   -0.0000000000
4   9   1   10   0.0320798618
4   9   1   12   0.0041079001
4   9   2   8   -0.0000000000
4   9   2   9   -0.2049715754
4   9   2   10   0.0000000000
4   9   2   11   0.0328973750
4   9   2   12   0.0000000000
4   9   3   8   0.3872440919
4   9   3   9   0.0000000001
4   9   3   10   -0.0088926935
4   9   3   11   -0.0000000000
4   9   3   12   0.0009165953
4   9   4   9   0.5930943628
4   9   4   10   -0.0000000000
4   9   4   11   -0.0092166427
4   9   5   8   0.0695066786
4   9   5   9   0.0000000000
4   9   5   10   -0.0016276761
4   9   5   12   0.0118124924
4   9   6   13   0.0122680673
4   9   7   14   0.0122680673
4   10   1   8   -0.0000000000
4   10   1   9   0.0312821982
4   10   1   10   0.0000000000
4   10   1   11   -0.0086949866
4   10   2   8   0.0312821747
4   10   2   9   0.0000000000
4   10   2   10   -0.0087550416
4   10   2   11   -0.0000000000
4   10   2   12   0.0000862570
4   10   3   8   0.0000000000
4   10   3   9   -0.0087182841
4   10   3   11   0.2406017475
4   10   4   8   -0.0089035150
4   10   4   9   -0.0000000000
4   10   4   10   0.4411022032
4   10   4   12   0.0013383689
4   10   5   9   -0.0015313300
4   10   5   11   0.0485129714
4   11   1   8   0.0319710820
4   11   1   10   -0.0088894754
4   11   1   11   0.0000000000
4   11   1   12   -0.0004588132
4   11   2   9   0.0319668689
4   11   2   10   -0.0000000000
4   11   2   11   -0.0092166427
4   11   3   8   -0.0088894754
4   11   3   9   -0.0000000000
4   11   3   10   0.2400676144
4   11   3   12   0.0486233328
4   11   4   8   0.0000000000
4   11   4   9   -0.0092166427
4   11   4   11   0.4437688722
4   11   5   8   -0.0004588132
4   11   5   10   0.0486233328
4   11   5   12   0.0625745635
4   11   6   13   0.0583869233
4   11   7   14   0.0583869233
4   12   1   9   0.0039196808
4   12   1   11   -0.0006235281
4   12   2   8   0.0039229229
4   12   2   10   -0.0000710583
4   12   2   12   -0.0048851871
4   12   3   9   0.0008600990
4   12   3   11   0.0485129714
4   12   4   8   -0.0004031019
4   12   4   10   0.0013383689
4   12   4   12   0.4210631817
4   12   5   8   -0.0000000000
4   12   5   9   0.0125873625
4   12   5   11   0.0632508909
4   13   2   13   -0.0050199278
4   13   3   14   -0.0000000000
4   13   4   13   0.4152120773
4   13   6   8   -0.0000000000
4   13   6   9   0.0131456349
4   13   6   11   0.0592091637
4   14   2   14   -0.0050199278
4   14   3   13   -0.0000000000
4   14   4   14   0.4152120773
4   14   7   8   -0.0000000000
4   14   7   9   0.0131456349
4   14   7   11   0.0592091637
5   8   1   8   -0.0220526161
5   8   1   9   0.0000000000
5   8   1   10   0.0030262520
5   8   1   12   0.0116610006
5   8   2   8   0.0000000000
5   8   2   9   -0.0195063349
5   8   2   11   0.0041079001
5   8   3   8   0.0030775374
5   8   3   10   -0.0011652058
5   8   3   12   0.0132348063
5   8   4   8   -0.0000000000
5   8   4   9   0.0695066786
5   8   4   11   -0.0004588132
5   8   4   12   -0.0000000000
5   8   5   8   0.5414034217
5   8   5   10   -0.0047076867
5   8   5   12   -0.0004051997
5   8   6   13   0.0008765921
5   8   7   14   0.0008765921
5   9   1   8   0.0000000000
5   9   1   9   -0.0220611499
5   9   1   11   0.0041116764
5   9   2   8   -0.0195089489
5   9   2   9   -0.0000000000
5   9   2   10   0.0030311535
5   9   2   11   0.0000000000
5   9   2   12   0.0115886078
5   9   3   9   0.0030752573
5   9   3   11   0.0000862570
5   9   3   12   0.0000000000
5   9   4   8   0.0695094162
5   9   4   9   0.0000000000
5   9   4   10   -0.0015313300
5   9   4   12   0.0125873625
5   9   5   9   0.5413942278
5   9   5   11   -0.0048851871
5   10   1   8   0.0028941449
5   10   1   10   -0.0028926018
5   10   1   12   0.0132348063
5   10   2   9   0.0028987032
5   10   2   11   0.0009165953
5   10   2   12   0.0000000000
5   10   3   8   -0.0011895456
5   10   3   10   -0.0136627431
5   10   3   12   0.0686783562
5   10   4   9   -0.0016276761
5   10   4   11   0.0486233328
5   10   5   8   -0.0047076867
5   10   5   10   0.4234691667
5   10   5   12   -0.0133704693
5   10   6   13   0.0005592303
5   10   7   14   0.0005592303
5   11   1   9   0.0039229229
5   11   1   11   -0.0004031019
5   11   1   12   -0.0000000000
5   11   2   8   0.0039196808
5   11   2   10   0.0008600990
5   11   2   12   0.0125873625
5   11   3   9   -0.0000710583
5   11   3   11   0.0013383689
5   11   4   8   -0.0006235281
5   11   4   10   0.0485129714
5   11   4   12   0.0632508909
5   11   5   9   -0.0048851871
5   11   5   11   0.4210631817
5   12   1   8   0.0104817794
5   12   1   10   0.0124440276
5   12   1   11   -0.0000000000
5   12   1   12   -0.0004051997
5   12   2   9   0.0104135686
5   12   2   10   0.0000000000
5   12   2   11   0.0118124924
5   12   3   8   0.0124440276
5   12   3   9   0.0000000000
5   12   3   10   0.0676027714
5   12   3   12   -0.0133704693
5   12   4   8   -0.0000000000
5   12   4   9   0.0118124924
5   12   4   11   0.0625745635
5   12   5   8   -0.0004051997
5   12   5   10   -0.0133704693
5   12   5   12   0.4296078139
5   12   6   13   0.0158689807
5   12   7   14   0.0158689807
5   13   1   13   -0.0017078637
5   13   3   13   -0.0099516767
5   13   5   13   0.3913218450
5   13   6   8   0.0009672999
5   13   6   10   0.0006184850
5   13   6   12   0.0133106429
5   14   1   14   -0.0017078637
5   14   3   14   -0.0099516767
5   14   5   14   0.3913218450
5   14   7   8   0.0009672999
5   14   7   10   0.0006184850
5   14   7   12   0.0133106429
6   8   1   13   0.0116767011
6   8   3   13   0.0133740277
6   8   4   13   -0.0000000000
6   8   5   13   0.0009672999
6   8   6   8   0.5369120224
6   8   6   10   -0.0047711826
6   8   6   12   -0.0017078637
6   8   7   9   -0.0000000000
6   9   2   13   0.0116359658
6   9   3   13   0.0000000000
6   9   4   13   0.0131456349
6   9   6   9   0.5369003321
6   9   6   11   -0.0050199278
6   9   7   8   -0.0000000000
6   10   1   13   0.0133740277
6   10   2   13   0.0000000000
6   10   3   13   0.0634865380
6   10   5   13   0.0006184850
6   10   6   8   -0.0047711826
6   10   6   10   0.4157408225
6   10   6   12   -0.0099516767
6   10   7   11   -0.0000000000
6   11   1   13   -0.0000000000
6   11   2   13   0.0131456349
6   11   4   13   0.0592091637
6   11   6   9   -0.0050199278
6   11   6   11   0.4152120773
6   11   7   10   -0.0000000000
6   12   1   13   0.0009672999
6   12   3   13   0.0006184850
6   12   5   13   0.0133106429
6   12   6   8   -0.0017078637
6   12   6   10   -0.0099516767
6   12   6   12   0.3913218450
6   13   1   8   0.0103265721
6   13   1   10   0.0124684400
6   13   1   11   -0.0000000000
6   13   1   12   0.0008765921
6   13   2   9   0.0102922094
6   13   2   10   0.0000000000
6   13   2   11   0.0122680673
6   13   3   8   0.0124684400
6   13   3   9   0.0000000000
6   13   3   10   0.0621789686
6   13   3   12   0.0005592303
6   13   4   8   -0.0000000000
6   13   4   9   0.0122680673
6   13   4   11   0.0583869233
6   13   5   8   0.0008765921
6   13   5   10   0.0005592303
6   13   5   12   0.0158689807
6   13   6   13   0.4117071272
6   13   7   14   0.0152285258
6   14   6   14   0.3853782935
6   14   7   13   0.0111003080
7   8   1   14   0.0116767011
7   8   3   14   0.0133740277
7   8   4   14   -0.0000000000
7   8   5   14   0.0009672999
7   8   6   9   -0.0000000000
7   8   7   8   0.5369120224
7   8   7   10   -0.0047711826
7   8   7   12   -0.0017078637
7   9   2   14   0.0116359658
7   9   3   14   0.0000000000
7   9   4   14   0.0131456349
7   9   6   8   -0.0000000000
7   9   7   9   0.5369003321
7   9   7   11   -0.0050199278
7   10   1   14   0.0133740277
7   10   2   14   0.0000000000
7   10   3   14   0.0634865380
7   10   5   14   0.0006184850
7   10   6   11   -0.0000000000
7   10   7   8   -0.0047711826
7   10   7   10   0.4157408225
7   10   7   12   -0.0099516767
7   11   1   14   -0.0000000000
7   11   2   14   0.0131456349
7   11   4   14   0.0592091637
7   11   6   10   -0.0000000000
7   11   7   9   -0.0050199278
7   11   7   11   0.4152120773
7   12   1   14   0.0009672999
7   12   3   14   0.0006184850
7   12   5   14   0.0133106429
7   12   7   8   -0.0017078637
7   12   7   10   -0.0099516767
7   12   7   12   0.3913218450
7   13   6   14   0.0111003080
7   13   7   13   0.3853782935
7   14   1   8   0.0103265721
7   14   1   10   0.0124684400
7   14   1   11   -0.0000000000
7   14   1   12   0.0008765921
7   14   2   9   0.0102922094
7   14   2   10   0.0000000000
7   14   2   11   0.0122680673
7   14   3   8   0.0124684400
7   14   3   9   0.0000000000
7   14   3   10   0.0621789686
7   14   3   12   0.0005592303
7   14   4   8   -0.0000000000
7   14   4   9   0.0122680673
7   14   4   11   0.0583869233
7   14   5   8   0.0008765921
7   14   5   10   0.0005592303
7   14   5   12   0.0158689807
7   14   6   13   0.0152285258
7   14   7   14   0.4117071272

End IJKL Block
Begin IJAB Block
1   8   1   7   0.0125966638
1   8   1   12   0.0000000000
1   8   2   8   0.0125966638
1   8   2   11   -0.0000000000
1   8   3   9   0.0141768541
1   8   3   10   -0.0000000000
1   8   4   9   -0.0000000000
1   8   4   10   0.0244287084
1   8   5   8   -0.0000000000
1   8   5   11   0.0218727031
1   8   6   7   0.0000000000
1   8   6   12   0.0218727031
1   9   1   11   0.0009027822
1   9   1   12   -0.0166221379
1   9   2   11   0.0166221379
1   9   2   12   0.0009027822
1   9   3   10   0.0164420927
1   9   4   9   0.0165095095
1   9   5   7   0.0009049502
1   9   5   8   0.0166620552
1   9   6   7   -0.0166620552
1   9   6   8   0.0009049502
1   10   1   7   0.0138230782
1   10   1   12   0.0000000000
1   10   2   8   0.0138230782
1   10   2   11   -0.0000000000
1   10   3   9   0.0145096828
1   10   3   10   -0.0000000000
1   10   4   9   -0.0000000000
1   10   4   10   0.0059752388
1   10   5   8   -0.0000000000
1   10   5   11   0.0115557109
1   10   6   7   0.0000000000
1   10   6   12   0.0115557109
1   11   1   7   -0.0000000000
1   11   1   11   0.0005532482
1   11   1   12   -0.0101864744
1   11   2   8   -0.0000000000
1   11   2   11   0.0101864744
1   11   2   12   0.0005532482
1   11   3   9   -0.0000000000
1   11   3   10   0.0085585385
1   11   4   9   0.0138638595
1   11   5   7   0.0009073795
1   11   5   8   0.0167067829
1   11   5   11   -0.0000000000
1   11   6   7   -0.0167067829
1   11   6   8   0.0009073795
1   11   6   12   -0.0000000000
1   12   1   7   0.0014932968
1   12   2   8   0.0014932968
1   12   3   9   0.0013399845
1   12   4   10   0.0000533542
1   12   5   11   0.0021091970
1   12   6   12   0.0021091970
1   13   1   9   0.0000722600
1   13   2   9   0.0018823973
1   13   3   7   -0.0000625062
1   13   3   8   -0.0016283078
1   13   4   11   -0.0030828914
1   13   4   12   -0.0000489924
1   13   5   10   0.0056418185
1   13   6   10   0.0000896582
1   14   1   9   -0.0018823973
1   14   2   9   0.0000722600
1   14   3   7   0.0016283078
1   14   3   8   -0.0000625062
1   14   4   11   0.0000489924
1   14   4   12   -0.0030828914
1   14   5   10   -0.0000896582
1   14   6   10   0.0056418185
2   8   1   11   0.0009049502
2   8   1   12   -0.0166620552
2   8   2   11   0.0166620552
2   8   2   12   0.0009049502
2   8   3   10   0.0165095095
2   8   4   9   0.0164420927
2   8   5   7   0.0009027822
2   8   5   8   0.0166221379
2   8   6   7   -0.0166221379
2   8   6   8   0.0009027822
2   9   1   7   0.0126285280
2   9   1   12   -0.0000000000
2   9   2   8   0.0126285280
2   9   2   11   0.0000000000
2   9   3   9   0.0142396785
2   9   3   10   0.0000000000
2   9   4   9   0.0000000000
2   9   4   10   0.0243671759
2   9   5   8   0.0000000000
2   9   5   11   0.0218322641
2   9   6   7   -0.0000000000
2   9   6   12   0.0218322641
2   10   1   7   0.0000000000
2   10   1   11   0.0005268433
2   10   1   12   -0.0097003029
2   10   2   8   0.0000000000
2   10   2   11   0.0097003029
2   10   2   12   0.0005268433
2   10   3   9   0.0000000000
2   10   3   10   0.0084206024
2   10   4   9   0.0130292099
2   10   5   7   0.0008689411
2   10   5   8   0.0159990516
2   10   5   11   0.0000000000
2   10   6   7   -0.0159990516
2   10   6   8   0.0008689411
2   10   6   12   0.0000000000
2   11   1   7   0.0143870982
2   11   1   12   -0.0000000000
2   11   2   8   0.0143870982
2   11   2   11   0.0000000000
2   11   3   9   0.0151813047
2   11   3   10   0.0000000000
2   11   4   9   0.0000000000
2   11   4   10   0.0067711183
2   11   5   8   0.0000000000
2   11   5   11   0.0121786304
2   11   6   7   -0.0000000000
2   11   6   12   0.0121786304
2   12   1   11   0.0000974857
2   12   1   12   -0.0017949190
2   12   2   11   0.0017949190
2   12   2   12   0.0000974857
2   12   3   10   -0.0024568045
2   12   4   9   0.0027218714
2   12   5   7   0.0000914470
2   12   5   8   0.0016837336
2   12   6   7   -0.0016837336
2   12   6   8   0.0000914470
2   13   1   10   0.0002111708
2   13   2   10   0.0055010736
2   13   3   11   -0.0006982007
2   13   3   12   -0.0000110956
2   13   4   7   -0.0001014448
2   13   4   8   -0.0026426736
2   13   5   9   0.0018132919
2   13   6   9   0.0000288163
2   14   1   10   -0.0055010736
2   14   2   10   0.0002111708
2   14   3   11   0.0000110956
2   14   3   12   -0.0006982007
2   14   4   7   0.0026426736
2   14   4   8   -0.0001014448
2   14   5   9   -0.0000288163
2   14   6   9   0.0018132919
3   8   1   7   0.0138230782
3   8   1   12   0.0000000000
3   8   2   8   0.0138230782
3   8   2   11   -0.0000000000
3   8   3   9   0.0145096828
3   8   3   10   -0.0000000000
3   8   4   9   -0.0000000000
3   8   4   10   0.0059752388
3   8   5   8   -0.0000000000
3   8   5   11   0.0115557109
3   8   6   7   0.0000000000
3   8   6   12   0.0115557109
3   9   1   7   0.0000000000
3   9   1   11   0.0008689411
3   9   1   12   -0.0159990516
3   9   2   8   0.0000000000
3   9   2   11   0.0159990516
3   9   2   12   0.0008689411
3   9   3   9   0.0000000000
3   9   3   10   0.0130292099
3   9   4   9   0.0084206024
3   9   5   7   0.0005268433
3   9   5   8   0.0097003029
3   9   5   11   0.0000000000
3   9   6   7   -0.0097003029
3   9   6   8   0.0005268433
3   9   6   12   0.0000000000
3   10   1   7   0.0624941560
3   10   2   8   0.0624941560
3   10   3   9   0.0656452457
3   10   4   10   0.0369372015
3   10   5   11   0.0232477780
3   10   6   12   0.0232477780
3   11   1   11   0.0015068764
3   11   1   12   -0.0277447941
3   11   2   11   0.0277447941
3   11   2   12   0.0015068764
3   11   3   10   0.0311173417
3   11   4   9   0.0256263899
3   11   5   7   0.0013888927
3   11   5   8   0.0255724641
3   11   6   7   -0.0255724641
3   11   6   8   0.0013888927
3   12   1   7   0.0054553903
3   12   2   8   0.0054553903
3   12   3   9   -0.0120545754
3   12   4   10   -0.0333408848
3   12   5   11   0.0019417962
3   12   6   12   0.0019417962
3   13   1   9   0.0002452326
3   13   2   9   0.0063883971
3   13   3   7   0.0005255601
3   13   3   8   0.0136910271
3   13   4   11   0.0321517943
3   13   4   12   0.0005109471
3   13   5   10   0.0126229614
3   13   6   10   0.0002006005
3   14   1   9   -0.0063883971
3   14   2   9   0.0002452326
3   14   3   7   -0.0136910271
3   14   3   8   0.0005255601
3   14   4   11   -0.0005109471
3   14   4   12   0.0321517943
3   14   5   10   -0.0002006005
3   14   6   10   0.0126229614
4   8   1   7   -0.0000000000
4   8   1   11   0.0009073795
4   8   1   12   -0.0167067829
4   8   2   8   -0.0000000000
4   8   2   11   0.0167067829
4   8   2   12   0.0009073795
4   8   3   9   -0.0000000000
4   8   3   10   0.0138638595
4   8   4   9   0.0085585385
4   8   5   7   0.0005532482
4   8   5   8   0.0101864744
4   8   5   11   -0.0000000000
4   8   6   7   -0.0101864744
4   8   6   8   0.0005532482
4   8   6   12   -0.0000000000
4   9   1   7   0.0143870982
4   9   1   12   -0.0000000000
4   9   2   8   0.0143870982
4   9   2   11   0.0000000000
4   9   3   9   0.0151813047
4   9   3   10   0.0000000000
4   9   4   9   0.0000000000
4   9   4   10   0.0067711183
4   9   5   8   0.0000000000
4   9   5   11   0.0121786304
4   9   6   7   -0.0000000000
4   9   6   12   0.0121786304
4   10   1   11   0.0013888927
4   10   1   12   -0.0255724641
4   10   2   11   0.0255724641
4   10   2   12   0.0013888927
4   10   3   10   0.0256263899
4   10   4   9   0.0311173417
4   10   5   7   0.0015068764
4   10   5   8   0.0277447941
4   10   6   7   -0.0277447941
4   10   6   8   0.0015068764
4   11   1   7   0.0674358558
4   11   2   8   0.0674358558
4   11   3   9   0.0695760019
4   11   4   10   0.0311877794
4   11   5   11   0.0238209429
4   11   6   12   0.0238209429
4   12   1   11   0.0004560186
4   12   1   12   -0.0083962702
4   12   2   11   0.0083962702
4   12   2   12   0.0004560186
4   12   3   10   0.0006158040
4   12   4   9   -0.0364094706
4   12   5   7   0.0002249472
4   12   5   8   0.0041417552
4   12   6   7   -0.0041417552
4   12   6   8   0.0002249472
4   13   1   10   0.0003784257
4   13   2   10   0.0098581243
4   13   3   11   0.0021703552
4   13   3   12   0.0000344907
4   13   4   7   0.0015793427
4   13   4   8   0.0411424368
4   13   5   9   0.0011313419
4   13   6   9   0.0000179790
4   14   1   10   -0.0098581243
4   14   2   10   0.0003784257
4   14   3   11   -0.0000344907
4   14   3   12   0.0021703552
4   14   4   7   -0.0411424368
4   14   4   8   0.0015793427
4   14   5   9   -0.0000179790
4   14   6   9   0.0011313419
5   8   1   7   0.0014932968
5   8   2   8   0.0014932968
5   8   3   9   0.0013399845
5   8   4   10   0.0000533542
5   8   5   11   0.0021091970
5   8   6   12   0.0021091970
5   9   1   11   0.0000914470
5   9   1   12   -0.0016837336
5   9   2   11   0.0016837336
5   9   2   12   0.0000914470
5   9   3   10   0.0027218714
5   9   4   9   -0.0024568045
5   9   5   7   0.0000974857
5   9   5   8   0.0017949190
5   9   6   7   -0.0017949190
5   9   6   8   0.0000974857
5   10   1   7   0.0054553903
5   10   2   8   0.0054553903
5   10   3   9   -0.0120545754
5   10   4   10   -0.0333408848
5   10   5   11   0.0019417962
5   10   6   12   0.0019417962
5   11   1   11   0.0002249472
5   11   1   12   -0.0041417552
5   11   2   11   0.0041417552
5   11   2   12   0.0002249472
5   11   3   10   -0.0364094706
5   11   4   9   0.0006158040
5   11   5   7   0.0004560186
5   11   5   8   0.0083962702
5   11   6   7   -0.0083962702
5   11   6   8   0.0004560186
5   12   1   7   0.0215695953
5   12   2   8   0.0215695953
5   12   3   9   0.2207089974
5   12   4   10   0.0488055803
5   12   5   11   0.0087003714
5   12   6   12   0.0087003714
5   13   1   9   -0.0008138945
5   13   2   9   -0.0212022393
5   13   3   7   -0.0071757570
5   13   3   8   -0.1869310100
5   13   4   11   -0.0360341950
5   13   4   12   -0.0005726451
5   13   5   10   -0.0034307694
5   13   6   10   -0.0000545208
5   14   1   9   0.0212022393
5   14   2   9   -0.0008138945
5   14   3   7   0.1869310100
5   14   3   8   -0.0071757570
5   14   4   11   0.0005726451
5   14   4   12   -0.0360341950
5   14   5   10   0.0000545208
5   14   6   10   -0.0034307694
6   8   1   9   -0.0000625062
6   8   2   9   -0.0016283078
6   8   3   7   0.0000722600
6   8   3   8   0.0018823973
6   8   4   11   0.0056418185
6   8   4   12   0.0000896582
6   8   5   10   -0.0030828914
6   8   6   10   -0.0000489924
6   9   1   10   -0.0001014448
6   9   2   10   -0.0026426736
6   9   3   11   0.0018132919
6   9   3   12   0.0000288163
6   9   4   7   0.0002111708
6   9   4   8   0.0055010736
6   9   5   9   -0.0006982007
6   9   6   9   -0.0000110956
6   10   1   9   0.0005255601
6   10   2   9   0.0136910271
6   10   3   7   0.0002452326
6   10   3   8   0.0063883971
6   10   4   11   0.0126229614
6   10   4   12   0.0002006005
6   10   5   10   0.0321517943
6   10   6   10   0.0005109471
6   11   1   10   0.0015793427
6   11   2   10   0.0411424368
6   11   3   11   0.0011313419
6   11   3   12   0.0000179790
6   11   4   7   0.0003784257
6   11   4   8   0.0098581243
6   11   5   9   0.0021703552
6   11   6   9   0.0000344907
6   12   1   9   -0.0071757570
6   12   2   9   -0.1869310100
6   12   3   7   -0.0008138945
6   12   3   8   -0.0212022393
6   12   4   11   -0.0034307694
6   12   4   12   -0.0000545208
6   12   5   10   -0.0360341950
6   12   6   10   -0.0005726451
6   13   1   7   0.0231996388
6   13   1   8   0.0083993955
6   13   2   7   0.0083993955
6   13   2   8   0.2416844376
6   13   3   9   0.0236427920
6   13   4   10   0.0138948070
6   13   5   11   0.0572105043
6   13   5   12   0.0008012823
6   13   6   11   0.0008012823
6   13   6   12   0.0068018508
6   14   1   7   -0.0083993955
6   14   1   8   -0.0226847178
6   14   2   7   -0.1958000810
6   14   2   8   0.0083993955
6   14   5   11   -0.0008012823
6   14   5   12   0.0464782468
6   14   6   11   0.0039304066
6   14   6   12   0.0008012823
7   8   1   9   0.0016283078
7   8   2   9   -0.0000625062
7   8   3   7   -0.0018823973
7   8   3   8   0.0000722600
7   8   4   11   -0.0000896582
7   8   4   12   0.0056418185
7   8   5   10   0.0000489924
7   8   6   10   -0.0030828914
7   9   1   10   0.0026426736
7   9   2   10   -0.0001014448
7   9   3   11   -0.0000288163
7   9   3   12   0.0018132919
7   9   4   7   -0.0055010736
7   9   4   8   0.0002111708
7   9   5   9   0.0000110956
7   9   6   9   -0.0006982007
7   10   1   9   -0.0136910271
7   10   2   9   0.0005255601
7   10   3   7   -0.0063883971
7   10   3   8   0.0002452326
7   10   4   11   -0.0002006005
7   10   4   12   0.0126229614
7   10   5   10   -0.0005109471
7   10   6   10   0.0321517943
7   11   1   10   -0.0411424368
7   11   2   10   0.0015793427
7   11   3   11   -0.0000179790
7   11   3   12   0.0011313419
7   11   4   7   -0.0098581243
7   11   4   8   0.0003784257
7   11   5   9   -0.0000344907
7   11   6   9   0.0021703552
7   12   1   9   0.1869310100
7   12   2   9   -0.0071757570
7   12   3   7   0.0212022393
7   12   3   8   -0.0008138945
7   12   4   11   0.0000545208
7   12   4   12   -0.0034307694
7   12   5   10   0.0005726451
7   12   6   10   -0.0360341950
7   13   1   7   -0.0083993955
7   13   1   8   -0.1958000810
7   13   2   7   -0.0226847178
7   13   2   8   0.0083993955
7   13   5   11   -0.0008012823
7   13   5   12   0.0039304066
7   13   6   11   0.0464782468
7   13   6   12   0.0008012823
7   14   1   7   0.2416844376
7   14   1   8   -0.0083993955
7   14   2   7   -0.0083993955
7   14   2   8   0.0231996388
7   14   3   9   0.0236427920
7   14   4   10   0.0138948070
7   14   5   11   0.0068018508
7   14   5   12   -0.0008012823
7   14   6   11   -0.0008012823
7   14   6   12   0.0572105043

End IJAB Block
Begin ABCD Block
1   7   1   7   0.4306776341
1   7   2   8   0.0171606473
1   7   3   9   0.0184217993
1   7   4   10   0.0117568111
1   7   5   11   0.0078003805
1   7   5   12   -0.0035492451
1   7   6   11   -0.0035492451
1   7   6   12   0.0729567519
1   8   1   8   0.3963563395
1   8   2   7   0.0171606473
1   8   5   11   0.0035492451
1   8   5   12   -0.0074148470
1   8   6   11   -0.0577415243
1   8   6   12   -0.0035492451
1   9   1   9   0.4087353167
1   9   3   7   0.0184217993
1   9   4   11   0.0003935575
1   9   4   12   -0.0072462293
1   9   5   10   0.0031759398
1   9   6   10   -0.0584757946
1   10   1   10   0.3959653642
1   10   3   11   0.0007845212
1   10   3   12   -0.0144447008
1   10   4   7   0.0117568111
1   10   5   9   0.0031759398
1   10   6   9   -0.0584757946
1   11   1   11   0.3639582315
1   11   1   12   -0.0013662262
1   11   2   11   0.0013662262
1   11   2   12   -0.0125404609
1   11   3   10   0.0007845212
1   11   4   9   0.0003935575
1   11   5   7   0.0078003805
1   11   5   8   0.0035492451
1   11   6   7   -0.0035492451
1   11   6   8   -0.0577415243
1   12   1   11   -0.0013662262
1   12   1   12   0.3890391533
1   12   2   11   -0.0125404609
1   12   2   12   -0.0013662262
1   12   3   10   -0.0144447008
1   12   4   9   -0.0072462293
1   12   5   7   -0.0035492451
1   12   5   8   -0.0074148470
1   12   6   7   0.0729567519
1   12   6   8   -0.0035492451
2   7   1   8   0.0171606473
2   7   2   7   0.3963563395
2   7   5   11   0.0035492451
2   7   5   12   -0.0577415243
2   7   6   11   -0.0074148470
2   7   6   12   -0.0035492451
2   8   1   7   0.0171606473
2   8   2   8   0.4306776341
2   8   3   9   0.0184217993
2   8   4   10   0.0117568111
2   8   5   11   0.0729567519
2   8   5   12   0.0035492451
2   8   6   11   0.0035492451
2   8   6   12   0.0078003805
2   9   2   9   0.4087353167
2   9   3   8   0.0184217993
2   9   4   11   0.0072462293
2   9   4   12   0.0003935575
2   9   5   10   0.0584757946
2   9   6   10   0.0031759398
2   10   2   10   0.3959653642
2   10   3   11   0.0144447008
2   10   3   12   0.0007845212
2   10   4   8   0.0117568111
2   10   5   9   0.0584757946
2   10   6   9   0.0031759398
2   11   1   11   0.0013662262
2   11   1   12   -0.0125404609
2   11   2   11   0.3890391533
2   11   2   12   0.0013662262
2   11   3   10   0.0144447008
2   11   4   9   0.0072462293
2   11   5   7   0.0035492451
2   11   5   8   0.0729567519
2   11   6   7   -0.0074148470
2   11   6   8   0.0035492451
2   12   1   11   -0.0125404609
2   12   1   12   -0.0013662262
2   12   2   11   0.0013662262
2   12   2   12   0.3639582315
2   12   3   10   0.0007845212
2   12   4   9   0.0003935575
2   12   5   7   -0.0577415243
2   12   5   8   0.0035492451
2   12   6   7   -0.0035492451
2   12   6   8   0.0078003805
3   7   1   9   0.0184217993
3   7   3   7   0.4087353167
3   7   4   11   0.0031759398
3   7   4   12   -0.0584757946
3   7   5   10   0.0003935575
3   7   6   10   -0.0072462293
3   8   2   9   0.0184217993
3   8   3   8   0.4087353167
3   8   4   11   0.0584757946
3   8   4   12   0.0031759398
3   8   5   10   0.0072462293
3   8   6   10   0.0003935575
3   9   1   7   0.0184217993
3   9   2   8   0.0184217993
3   9   3   9   0.4587790441
3   9   4   10   0.0799461661
3   9   5   11   0.0080064400
3   9   6   12   0.0080064400
3   10   1   11   0.0007845212
3   10   1   12   -0.0144447008
3   10   2   11   0.0144447008
3   10   2   12   0.0007845212
3   10   3   10   0.4346186181
3   10   4   9   0.0799461661
3   10   5   7   0.0003935575
3   10   5   8   0.0072462293
3   10   6   7   -0.0072462293
3   10   6   8   0.0003935575
3   11   1   10   0.0007845212
3   11   2   10   0.0144447008
3   11   3   11   0.3755654260
3   11   4   7   0.0031759398
3   11   4   8   0.0584757946
3   11   5   9   0.0080064400
3   12   1   10   -0.0144447008
3   12   2   10   0.0007845212
3   12   3   12   0.3755654260
3   12   4   7   -0.0584757946
3   12   4   8   0.0031759398
3   12   6   9   0.0080064400
4   7   1   10   0.0117568111
4   7   3   11   0.0031759398
4   7   3   12   -0.0584757946
4   7   4   7   0.3959653642
4   7   5   9   0.0007845212
4   7   6   9   -0.0144447008
4   8   2   10   0.0117568111
4   8   3   11   0.0584757946
4   8   3   12   0.0031759398
4   8   4   8   0.3959653642
4   8   5   9   0.0144447008
4   8   6   9   0.0007845212
4   9   1   11   0.0003935575
4   9   1   12   -0.0072462293
4   9   2   11   0.0072462293
4   9   2   12   0.0003935575
4   9   3   10   0.0799461661
4   9   4   9   0.4346186181
4   9   5   7   0.0007845212
4   9   5   8   0.0144447008
4   9   6   7   -0.0144447008
4   9   6   8   0.0007845212
4   10   1   7   0.0117568111
4   10   2   8   0.0117568111
4   10   3   9   0.0799461661
4   10   4   10   0.4801931052
4   10   5   11   0.0299873206
4   10   6   12   0.0299873206
4   11   1   9   0.0003935575
4   11   2   9   0.0072462293
4   11   3   7   0.0031759398
4   11   3   8   0.0584757946
4   11   4   11   0.3779807282
4   11   5   10   0.0299873206
4   12   1   9   -0.0072462293
4   12   2   9   0.0003935575
4   12   3   7   -0.0584757946
4   12   3   8   0.0031759398
4   12   4   12   0.3779807282
4   12   6   10   0.0299873206
5   7   1   11   0.0078003805
5   7   1   12   -0.0035492451
5   7   2   11   0.0035492451
5   7   2   12   -0.0577415243
5   7   3   10   0.0003935575
5   7   4   9   0.0007845212
5   7   5   7   0.3639582315
5   7   5   8   0.0013662262
5   7   6   7   -0.0013662262
5   7   6   8   -0.0125404609
5   8   1   11   0.0035492451
5   8   1   12   -0.0074148470
5   8   2   11   0.0729567519
5   8   2   12   0.0035492451
5   8   3   10   0.0072462293
5   8   4   9   0.0144447008
5   8   5   7   0.0013662262
5   8   5   8   0.3890391533
5   8   6   7   -0.0125404609
5   8   6   8   0.0013662262
5   9   1   10   0.0031759398
5   9   2   10   0.0584757946
5   9   3   11   0.0080064400
5   9   4   7   0.0007845212
5   9   4   8   0.0144447008
5   9   5   9   0.3755654260
5   10   1   9   0.0031759398
5   10   2   9   0.0584757946
5   10   3   7   0.0003935575
5   10   3   8   0.0072462293
5   10   4   11   0.0299873206
5   10   5   10   0.3779807282
5   11   1   7   0.0078003805
5   11   1   8   0.0035492451
5   11   2   7   0.0035492451
5   11   2   8   0.0729567519
5   11   3   9   0.0080064400
5   11   4   10   0.0299873206
5   11   5   11   0.3701368913
5   11   6   12   0.0127227711
5   12   1   7   -0.0035492451
5   12   1   8   -0.0074148470
5   12   2   7   -0.0577415243
5   12   2   8   0.0035492451
5   12   5   12   0.3446913490
5   12   6   11   0.0127227711
6   7   1   11   -0.0035492451
6   7   1   12   0.0729567519
6   7   2   11   -0.0074148470
6   7   2   12   -0.0035492451
6   7   3   10   -0.0072462293
6   7   4   9   -0.0144447008
6   7   5   7   -0.0013662262
6   7   5   8   -0.0125404609
6   7   6   7   0.3890391533
6   7   6   8   -0.0013662262
6   8   1   11   -0.0577415243
6   8   1   12   -0.0035492451
6   8   2   11   0.0035492451
6   8   2   12   0.0078003805
6   8   3   10   0.0003935575
6   8   4   9   0.0007845212
6   8   5   7   -0.0125404609
6   8   5   8   0.0013662262
6   8   6   7   -0.0013662262
6   8   6   8   0.3639582315
6   9   1   10   -0.0584757946
6   9   2   10   0.0031759398
6   9   3   12   0.0080064400
6   9   4   7   -0.0144447008
6   9   4   8   0.0007845212
6   9   6   9   0.3755654260
6   10   1   9   -0.0584757946
6   10   2   9   0.0031759398
6   10   3   7   -0.0072462293
6   10   3   8   0.0003935575
6   10   4   12   0.0299873206
6   10   6   10   0.3779807282
6   11   1   7   -0.0035492451
6   11   1   8   -0.0577415243
6   11   2   7   -0.0074148470
6   11   2   8   0.0035492451
6   11   5   12   0.0127227711
6   11   6   11   0.3446913490
6   12   1   7   0.0729567519
6   12   1   8   -0.0035492451
6   12   2   7   -0.0035492451
6   12   2   8   0.0078003805
6   12   3   9   0.0080064400
6   12   4   10   0.0299873206
6   12   5   11   0.0127227711
6   12   6   12   0.3701368913

End ABCD Block
Begin AIJB Block
1   8   1   7   0.0123723328
1   8   1   12   0.0000000000
1   8   2   11   0.0008820500
1   8   2   12   -0.0162404133
1   8   3   7   0.0134495120
1   8   3   12   0.0000000000
1   8   4   7   -0.0000000000
1   8   4   11   0.0008940498
1   8   4   12   -0.0164613551
1   8   5   7   0.0013839213
1   8   6   9   -0.0000679604
1   8   7   9   0.0017703915
1   9   1   11   0.0008798561
1   9   1   12   -0.0162000195
1   9   2   7   0.0124116912
1   9   2   12   -0.0000000000
1   9   3   7   0.0000000000
1   9   3   11   0.0008543742
1   9   3   12   -0.0157308430
1   9   4   7   0.0140753912
1   9   4   12   -0.0000000000
1   9   5   11   0.0000853234
1   9   5   12   -0.0015709853
1   9   6   10   -0.0001192566
1   9   7   10   0.0031066770
1   10   1   7   0.0134495120
1   10   1   12   0.0000000000
1   10   2   7   0.0000000000
1   10   2   11   0.0005006099
1   10   2   12   -0.0092172911
1   10   3   7   0.0641890318
1   10   4   11   0.0012123997
1   10   4   12   -0.0223228523
1   10   5   7   0.0070968762
1   10   6   9   0.0005202011
1   10   7   9   -0.0135514238
1   11   1   7   -0.0000000000
1   11   1   11   0.0005242815
1   11   1   12   -0.0096531361
1   11   2   7   0.0140753912
1   11   2   12   -0.0000000000
1   11   3   11   0.0013380256
1   11   3   12   -0.0246358917
1   11   4   7   0.0702964731
1   11   5   11   0.0001929027
1   11   5   12   -0.0035517475
1   11   6   10   0.0015819962
1   11   7   10   -0.0412115619
1   12   1   7   0.0013839213
1   12   2   11   0.0000862814
1   12   2   12   -0.0015886245
1   12   3   7   0.0070968762
1   12   4   11   0.0004096577
1   12   4   12   -0.0075426682
1   12   5   7   0.0212070067
1   12   6   9   -0.0069842823
1   12   7   9   0.1819430273
1   13   1   9   0.0000618071
1   13   2   10   0.0001794751
1   13   3   9   0.0002437354
1   13   4   10   0.0002746984
1   13   5   9   -0.0006293681
1   13   6   7   0.0232894303
1   13   6   8   0.0079469355
1   13   7   7   -0.0079469355
1   13   7   8   -0.1895148425
1   14   1   9   -0.0016100957
1   14   2   10   -0.0046753893
1   14   3   9   -0.0063493945
1   14   4   10   -0.0071559910
1   14   5   9   0.0163952606
1   14   6   7   -0.0079469355
1   14   6   8   -0.0172005812
1   14   7   7   0.2300048540
1   14   7   8   -0.0079469355
2   8   1   8   0.0123723328
2   8   1   11   -0.0000000000
2   8   2   11   0.0162404133
2   8   2   12   0.0008820500
2   8   3   8   0.0134495120
2   8   3   11   -0.0000000000
2   8   4   8   -0.0000000000
2   8   4   11   0.0164613551
2   8   4   12   0.0008940498
2   8   5   8   0.0013839213
2   8   6   9   -0.0017703915
2   8   7   9   -0.0000679604
2   9   1   11   0.0162000195
2   9   1   12   0.0008798561
2   9   2   8   0.0124116912
2   9   2   11   0.0000000000
2   9   3   8   0.0000000000
2   9   3   11   0.0157308430
2   9   3   12   0.0008543742
2   9   4   8   0.0140753912
2   9   4   11   0.0000000000
2   9   5   11   0.0015709853
2   9   5   12   0.0000853234
2   9   6   10   -0.0031066770
2   9   7   10   -0.0001192566
2   10   1   8   0.0134495120
2   10   1   11   -0.0000000000
2   10   2   8   0.0000000000
2   10   2   11   0.0092172911
2   10   2   12   0.0005006099
2   10   3   8   0.0641890318
2   10   4   11   0.0223228523
2   10   4   12   0.0012123997
2   10   5   8   0.0070968762
2   10   6   9   0.0135514238
2   10   7   9   0.0005202011
2   11   1   8   -0.0000000000
2   11   1   11   0.0096531361
2   11   1   12   0.0005242815
2   11   2   8   0.0140753912
2   11   2   11   0.0000000000
2   11   3   11   0.0246358917
2   11   3   12   0.0013380256
2   11   4   8   0.0702964731
2   11   5   11   0.0035517475
2   11   5   12   0.0001929027
2   11   6   10   0.0412115619
2   11   7   10   0.0015819962
2   12   1   8   0.0013839213
2   12   2   11   0.0015886245
2   12   2   12   0.0000862814
2   12   3   8   0.0070968762
2   12   4   11   0.0075426682
2   12   4   12   0.0004096577
2   12   5   8   0.0212070067
2   12   6   9   -0.1819430273
2   12   7   9   -0.0069842823
2   13   1   9   0.0016100957
2   13   2   10   0.0046753893
2   13   3   9   0.0063493945
2   13   4   10   0.0071559910
2   13   5   9   -0.0163952606
2   13   6   7   0.0079469355
2   13   6   8   0.2300048540
2   13   7   7   -0.0172005812
2   13   7   8   0.0079469355
2   14   1   9   0.0000618071
2   14   2   10   0.0001794751
2   14   3   9   0.0002437354
2   14   4   10   0.0002746984
2   14   5   9   -0.0006293681
2   14   6   7   -0.1895148425
2   14   6   8   0.0079469355
2   14   7   7   -0.0079469355
2   14   7   8   0.0232894303
3   8   1   9   0.0138667349
3   8   1   10   -0.0000000000
3   8   2   10   0.0161989424
3   8   3   9   0.0139350848
3   8   3   10   -0.0000000000
3   8   4   9   -0.0000000000
3   8   4   10   0.0136747568
3   8   5   9   0.0016832367
3   8   6   7   0.0000618071
3   8   6   8   0.0016100957
3   8   7   7   -0.0016100957
3   8   7   8   0.0000618071
3   9   1   10   0.0161326263
3   9   2   9   0.0139390230
3   9   2   10   0.0000000000
3   9   3   9   0.0000000000
3   9   3   10   0.0127633688
3   9   4   9   0.0147827066
3   9   4   10   0.0000000000
3   9   5   10   0.0031098113
3   9   6   11   0.0018751288
3   9   6   12   0.0000297990
3   9   7   11   -0.0000297990
3   9   7   12   0.0018751288
3   10   1   9   0.0139350848
3   10   2   9   0.0000000000
3   10   2   10   0.0078502691
3   10   3   9   0.0657709287
3   10   4   10   0.0236880108
3   10   5   9   -0.0106610910
3   10   6   7   0.0002437354
3   10   6   8   0.0063493945
3   10   7   7   -0.0063493945
3   10   7   8   0.0002437354
3   11   1   9   -0.0000000000
3   11   1   10   0.0080309210
3   11   2   9   0.0147827066
3   11   3   10   0.0301146897
3   11   4   9   0.0709706009
3   11   5   10   -0.0377332032
3   11   6   11   0.0024238590
3   11   6   12   0.0000385193
3   11   7   11   -0.0000385193
3   11   7   12   0.0024238590
3   12   1   9   0.0016832367
3   12   2   10   -0.0017250557
3   12   3   9   -0.0106610910
3   12   4   10   0.0024637917
3   12   5   9   0.2109714601
3   12   6   7   -0.0006293681
3   12   6   8   -0.0163952606
3   12   7   7   0.0163952606
3   12   7   8   -0.0006293681
3   13   1   7   -0.0000679604
3   13   1   8   -0.0017703915
3   13   2   11   -0.0009473545
3   13   2   12   -0.0000150551
3   13   3   7   0.0005202011
3   13   3   8   0.0135514238
3   13   4   11   0.0031430725
3   13   4   12   0.0000499488
3   13   5   7   -0.0069842823
3   13   5   8   -0.1819430273
3   13   6   9   0.0226722029
3   14   1   7   0.0017703915
3   14   1   8   -0.0000679604
3   14   2   11   0.0000150551
3   14   2   12   -0.0009473545
3   14   3   7   -0.0135514238
3   14   3   8   0.0005202011
3   14   4   11   -0.0000499488
3   14   4   12   0.0031430725
3   14   5   7   0.1819430273
3   14   5   8   -0.0069842823
3   14   7   9   0.0226722029
4   8   1   9   -0.0000000000
4   8   1   10   0.0239737824
4   8   2   9   0.0161326263
4   8   3   10   0.0059134551
4   8   4   9   0.0080309210
4   8   5   10   -0.0000376297
4   8   6   11   0.0056811459
4   8   6   12   0.0000902831
4   8   7   11   -0.0000902831
4   8   7   12   0.0056811459
4   9   1   9   0.0161989424
4   9   2   9   0.0000000000
4   9   2   10   0.0239068278
4   9   3   9   0.0078502691
4   9   4   10   0.0063033988
4   9   5   9   -0.0017250557
4   9   6   7   0.0001794751
4   9   6   8   0.0046753893
4   9   7   7   -0.0046753893
4   9   7   8   0.0001794751
4   10   1   9   -0.0000000000
4   10   1   10   0.0059134551
4   10   2   9   0.0127633688
4   10   3   10   0.0355124525
4   10   4   9   0.0301146897
4   10   5   10   -0.0345024282
4   10   6   11   0.0128651264
4   10   6   12   0.0002044489
4   10   7   11   -0.0002044489
4   10   7   12   0.0128651264
4   11   1   9   0.0136747568
4   11   2   9   0.0000000000
4   11   2   10   0.0063033988
4   11   3   9   0.0236880108
4   11   4   10   0.0297561311
4   11   5   9   0.0024637917
4   11   6   7   0.0002746984
4   11   6   8   0.0071559910
4   11   7   7   -0.0071559910
4   11   7   8   0.0002746984
4   12   1   10   -0.0000376297
4   12   2   9   0.0031098113
4   12   3   10   -0.0345024282
4   12   4   9   -0.0377332032
4   12   5   10   0.0556049574
4   12   6   11   -0.0069479237
4   12   6   12   -0.0001104144
4   12   7   11   0.0001104144
4   12   7   12   -0.0069479237
4   13   1   11   -0.0031011101
4   13   1   12   -0.0000492820
4   13   2   7   -0.0001192566
4   13   2   8   -0.0031066770
4   13   3   11   0.0319275410
4   13   3   12   0.0005073834
4   13   4   7   0.0015819962
4   13   4   8   0.0412115619
4   13   5   11   -0.0407364897
4   13   5   12   -0.0006473727
4   13   6   10   0.0145814743
4   14   1   11   0.0000492820
4   14   1   12   -0.0031011101
4   14   2   7   0.0031066770
4   14   2   8   -0.0001192566
4   14   3   11   -0.0005073834
4   14   3   12   0.0319275410
4   14   4   7   -0.0412115619
4   14   4   8   0.0015819962
4   14   5   11   0.0006473727
4   14   5   12   -0.0407364897
4   14   7   10   0.0145814743
5   8   1   8   -0.0000000000
5   8   1   11   0.0214044638
5   8   2   7   0.0008798561
5   8   2   8   0.0162000195
5   8   3   8   -0.0000000000
5   8   3   11   0.0112374695
5   8   4   7   0.0005242815
5   8   4   8   0.0096531361
5   8   4   11   -0.0000000000
5   8   5   11   0.0019850504
5   8   6   10   -0.0031011101
5   8   7   10   0.0000492820
5   9   1   7   0.0008820500
5   9   1   8   0.0162404133
5   9   2   8   0.0000000000
5   9   2   11   0.0213630428
5   9   3   7   0.0005006099
5   9   3   8   0.0092172911
5   9   3   11   0.0000000000
5   9   4   8   0.0000000000
5   9   4   11   0.0117908696
5   9   5   7   0.0000862814
5   9   5   8   0.0015886245
5   9   6   9   -0.0009473545
5   9   7   9   0.0000150551
5   10   1   8   -0.0000000000
5   10   1   11   0.0112374695
5   10   2   7   0.0008543742
5   10   2   8   0.0157308430
5   10   2   11   0.0000000000
5   10   3   11   0.0210490028
5   10   4   7   0.0013380256
5   10   4   8   0.0246358917
5   10   5   11   0.0013761726
5   10   6   10   0.0319275410
5   10   7   10   -0.0005073834
5   11   1   7   0.0008940498
5   11   1   8   0.0164613551
5   11   1   11   -0.0000000000
5   11   2   8   0.0000000000
5   11   2   11   0.0117908696
5   11   3   7   0.0012123997
5   11   3   8   0.0223228523
5   11   4   11   0.0214587208
5   11   5   7   0.0004096577
5   11   5   8   0.0075426682
5   11   6   9   0.0031430725
5   11   7   9   -0.0000499488
5   12   1   11   0.0019850504
5   12   2   7   0.0000853234
5   12   2   8   0.0015709853
5   12   3   11   0.0013761726
5   12   4   7   0.0001929027
5   12   4   8   0.0035517475
5   12   5   11   0.0095312311
5   12   6   10   -0.0407364897
5   12   7   10   0.0006473727
5   13   1   10   0.0056811459
5   13   2   9   0.0018751288
5   13   3   10   0.0128651264
5   13   4   9   0.0024238590
5   13   5   10   -0.0069479237
5   13   6   11   0.0671905591
5   13   6   12   0.0009442168
5   13   7   11   -0.0009442168
5   13   7   12   0.0077597849
5   14   1   10   -0.0000902831
5   14   2   9   -0.0000297990
5   14   3   10   -0.0002044489
5   14   4   9   -0.0000385193
5   14   5   10   0.0001104144
5   14   6   11   -0.0009442168
5   14   6   12   0.0516408733
5   14   7   11   0.0077899010
5   14   7   12   -0.0009442168
6   8   1   7   0.0000000000
6   8   1   12   0.0214044638
6   8   2   7   -0.0162000195
6   8   2   8   0.0008798561
6   8   3   7   0.0000000000
6   8   3   12   0.0112374695
6   8   4   7   -0.0096531361
6   8   4   8   0.0005242815
6   8   4   12   -0.0000000000
6   8   5   12   0.0019850504
6   8   6   10   -0.0000492820
6   8   7   10   -0.0031011101
6   9   1   7   -0.0162404133
6   9   1   8   0.0008820500
6   9   2   7   -0.0000000000
6   9   2   12   0.0213630428
6   9   3   7   -0.0092172911
6   9   3   8   0.0005006099
6   9   3   12   0.0000000000
6   9   4   7   -0.0000000000
6   9   4   12   0.0117908696
6   9   5   7   -0.0015886245
6   9   5   8   0.0000862814
6   9   6   9   -0.0000150551
6   9   7   9   -0.0009473545
6   10   1   7   0.0000000000
6   10   1   12   0.0112374695
6   10   2   7   -0.0157308430
6   10   2   8   0.0008543742
6   10   2   12   0.0000000000
6   10   3   12   0.0210490028
6   10   4   7   -0.0246358917
6   10   4   8   0.0013380256
6   10   5   12   0.0013761726
6   10   6   10   0.0005073834
6   10   7   10   0.0319275410
6   11   1   7   -0.0164613551
6   11   1   8   0.0008940498
6   11   1   12   -0.0000000000
6   11   2   7   -0.0000000000
6   11   2   12   0.0117908696
6   11   3   7   -0.0223228523
6   11   3   8   0.0012123997
6   11   4   12   0.0214587208
6   11   5   7   -0.0075426682
6   11   5   8   0.0004096577
6   11   6   9   0.0000499488
6   11   7   9   0.0031430725
6   12   1   12   0.0019850504
6   12   2   7   -0.0015709853
6   12   2   8   0.0000853234
6   12   3   12   0.0013761726
6   12   4   7   -0.0035517475
6   12   4   8   0.0001929027
6   12   5   12   0.0095312311
6   12   6   10   -0.0006473727
6   12   7   10   -0.0407364897
6   13   1   10   0.0000902831
6   13   2   9   0.0000297990
6   13   3   10   0.0002044489
6   13   4   9   0.0000385193
6   13   5   10   -0.0001104144
6   13   6   11   0.0009442168
6   13   6   12   0.0077899010
6   13   7   11   0.0516408733
6   13   7   12   0.0009442168
6   14   1   10   0.0056811459
6   14   2   9   0.0018751288
6   14   3   10   0.0128651264
6   14   4   9   0.0024238590
6   14   5   10   -0.0069479237
6   14   6   11   0.0077597849
6   14   6   12   0.0009442168
6   14   7   11   -0.0009442168
6   14   7   12   0.0671905591

1   8   8   1   -0.5487914088
1   8   8   5   0.0000000000
1   8   8   6   -0.0000000001
1   8   9   2   0.0000000000
1   8   9   5   -0.0123100599
1   8   9   6   0.2266543406
1   8   10   1   0.0048580729
1   8   11   5   0.0003444194
1   8   11   6   -0.0063414928
1   8   12   1   0.0013961404
1   8   13   3   -0.0000602619
1   8   14   3   0.0015698430
1   9   8   2   0.0000000000
1   9   8   5   -0.0123100382
1   9   8   6   0.2266539420
1   9   9   1   -0.5487968646
1   9   9   5   -0.0000000000
1   9   9   6   0.0000000001
1   9   10   5   0.0003410027
1   9   10   6   -0.0062785834
1   9   11   1   0.0050019019
1   9   12   5   0.0000111138
1   9   12   6   -0.0002046281
1   9   13   4   -0.0001941661
1   9   14   4   0.0050580964
1   10   8   1   0.0048580729
1   10   9   5   0.0003437786
1   10   9   6   -0.0063296932
1   10   10   1   -0.4250963516
1   10   11   2   0.0000000000
1   10   11   5   -0.0052284029
1   10   11   6   0.0962659992
1   10   12   1   0.0049985277
1   10   13   3   -0.0002826043
1   10   14   3   0.0073619423
1   11   8   5   0.0003504302
1   11   8   6   -0.0064521649
1   11   9   1   0.0050019019
1   11   10   2   0.0000000000
1   11   10   5   -0.0052409759
1   11   10   6   0.0964974950
1   11   11   1   -0.4268488048
1   11   12   5   -0.0009170329
1   11   12   6   0.0168845227
1   11   13   4   -0.0004259953
1   11   14   4   0.0110973295
1   12   8   1   0.0013961404
1   12   9   5   0.0000125955
1   12   9   6   -0.0002319092
1   12   10   1   0.0049985277
1   12   11   5   -0.0009235323
1   12   11   6   0.0170041910
1   12   12   1   -0.4001017520
1   12   13   3   0.0004898153
1   12   14   3   -0.0127598632
1   13   8   3   -0.0000630996
1   13   9   4   -0.0001940338
1   13   10   3   -0.0003096114
1   13   11   4   -0.0004370421
1   13   12   3   0.0006955390
1   13   13   1   -0.3952565562
1   13   13   2   -0.0011881504
1   13   14   1   0.0011881504
1   13   14   2   0.0126728276
1   14   8   3   0.0016437673
1   14   9   4   0.0050546499
1   14   10   3   0.0080654857
1   14   11   4   0.0113851004
1   14   12   3   -0.0181190363
1   14   13   1   0.0011881504
1   14   13   2   0.0182333021
1   14   14   1   -0.4261626859
1   14   14   2   0.0011881504
2   8   8   2   -0.5487914088
2   8   8   5   0.0000000001
2   8   8   6   0.0000000000
2   8   9   1   0.0000000000
2   8   9   5   -0.2266543406
2   8   9   6   -0.0123100599
2   8   10   2   0.0048580729
2   8   11   5   0.0063414928
2   8   11   6   0.0003444194
2   8   12   2   0.0013961404
2   8   13   3   -0.0015698430
2   8   14   3   -0.0000602619
2   9   8   1   0.0000000000
2   9   8   5   -0.2266539420
2   9   8   6   -0.0123100382
2   9   9   2   -0.5487968646
2   9   9   5   -0.0000000001
2   9   9   6   -0.0000000000
2   9   10   5   0.0062785834
2   9   10   6   0.0003410027
2   9   11   2   0.0050019019
2   9   12   5   0.0002046281
2   9   12   6   0.0000111138
2   9   13   4   -0.0050580964
2   9   14   4   -0.0001941661
2   10   8   2   0.0048580729
2   10   9   5   0.0063296932
2   10   9   6   0.0003437786
2   10   10   2   -0.4250963516
2   10   11   1   0.0000000000
2   10   11   5   -0.0962659992
2   10   11   6   -0.0052284029
2   10   12   2   0.0049985277
2   10   13   3   -0.0073619423
2   10   14   3   -0.0002826043
2   11   8   5   0.0064521649
2   11   8   6   0.0003504302
2   11   9   2   0.0050019019
2   11   10   1   0.0000000000
2   11   10   5   -0.0964974950
2   11   10   6   -0.0052409759
2   11   11   2   -0.4268488048
2   11   12   5   -0.0168845227
2   11   12   6   -0.0009170329
2   11   13   4   -0.0110973295
2   11   14   4   -0.0004259953
2   12   8   2   0.0013961404
2   12   9   5   0.0002319092
2   12   9   6   0.0000125955
2   12   10   2   0.0049985277
2   12   11   5   -0.0170041910
2   12   11   6   -0.0009235323
2   12   12   2   -0.4001017520
2   12   13   3   0.0127598632
2   12   14   3   0.0004898153
2   13   8   3   -0.0016437673
2   13   9   4   -0.0050546499
2   13   10   3   -0.0080654857
2   13   11   4   -0.0113851004
2   13   12   3   0.0181190363
2   13   13   1   -0.0011881504
2   13   13   2   -0.4261626859
2   13   14   1   0.0182333021
2   13   14   2   -0.0011881504
2   14   8   3   -0.0000630996
2   14   9   4   -0.0001940338
2   14   10   3   -0.0003096114
2   14   11   4   -0.0004370421
2   14   12   3   0.0006955390
2   14   13   1   0.0126728276
2   14   13   2   -0.0011881504
2   14   14   1   0.0011881504
2   14   14   2   -0.3952565562
3   8   8   3   -0.5741352684
3   8   8   4   0.0000000001
3   8   9   4   -0.2379299857
3   8   10   3   0.0053159548
3   8   11   4   0.0064094797
3   8   12   3   0.0042874801
3   8   13   1   -0.0000630996
3   8   13   2   -0.0016437673
3   8   14   1   0.0016437673
3   8   14   2   -0.0000630996
3   9   8   4   -0.2379305027
3   9   9   3   -0.5741386728
3   9   9   4   -0.0000000001
3   9   10   4   0.0058456740
3   9   11   3   0.0057334702
3   9   12   4   0.0055702125
3   9   13   5   -0.0011359272
3   9   13   6   -0.0000180518
3   9   14   5   0.0000180518
3   9   14   6   -0.0011359272
3   10   8   3   0.0053159548
3   10   9   4   0.0059249680
3   10   10   3   -0.4409533815
3   10   11   4   -0.1136429395
3   10   12   3   0.0174962171
3   10   13   1   -0.0003096114
3   10   13   2   -0.0080654857
3   10   14   1   0.0080654857
3   10   14   2   -0.0003096114
3   11   8   4   0.0065238533
3   11   9   3   0.0057334702
3   11   10   4   -0.1139310396
3   11   11   3   -0.4393030071
3   11   12   4   -0.0091769470
3   11   13   5   -0.0030139147
3   11   13   6   -0.0000478963
3   11   14   5   0.0000478963
3   11   14   6   -0.0030139147
3   12   8   3   0.0042874801
3   12   9   4   0.0055833099
3   12   10   3   0.0174962171
3   12   11   4   -0.0089485619
3   12   12   3   -0.4439071538
3   12   13   1   0.0006955390
3   12   13   2   0.0181190363
3   12   14   1   -0.0181190363
3   12   14   2   0.0006955390
3   13   8   1   -0.0000602619
3   13   8   2   -0.0015698430
3   13   9   5   -0.0010731437
3   13   9   6   -0.0000170541
3   13   10   1   -0.0002826043
3   13   10   2   -0.0073619423
3   13   11   5   -0.0030442347
3   13   11   6   -0.0000483781
3   13   12   1   0.0004898153
3   13   12   2   0.0127598632
3   13   13   3   -0.4084454075
3   14   8   1   0.0015698430
3   14   8   2   -0.0000602619
3   14   9   5   0.0000170541
3   14   9   6   -0.0010731437
3   14   10   1   0.0073619423
3   14   10   2   -0.0002826043
3   14   11   5   0.0000483781
3   14   11   6   -0.0030442347
3   14   12   1   -0.0127598632
3   14   12   2   0.0004898153
3   14   14   3   -0.4084454075
4   8   8   3   0.0000000001
4   8   8   4   -0.5705285320
4   8   9   3   -0.2379305027
4   8   10   4   0.0078904240
4   8   11   3   0.0065238533
4   8   11   4   -0.0000000000
4   8   12   4   0.0130660428
4   8   13   5   -0.0069464738
4   8   13   6   -0.0001103914
4   8   14   5   0.0001103914
4   8   14   6   -0.0069464738
4   9   8   3   -0.2379299857
4   9   9   3   -0.0000000001
4   9   9   4   -0.5705345682
4   9   10   3   0.0059249680
4   9   11   4   0.0091475348
4   9   12   3   0.0055833099
4   9   12   4   0.0000000000
4   9   13   1   -0.0001940338
4   9   13   2   -0.0050546499
4   9   14   1   0.0050546499
4   9   14   2   -0.0001940338
4   10   8   4   0.0078904240
4   10   9   3   0.0058456740
4   10   10   4   -0.4248950735
4   10   11   3   -0.1139310396
4   10   12   4   0.0681439224
4   10   13   5   -0.0335396108
4   10   13   6   -0.0005330019
4   10   14   5   0.0005330019
4   10   14   6   -0.0335396108
4   11   8   3   0.0064094797
4   11   8   4   -0.0000000000
4   11   9   4   0.0091475348
4   11   10   3   -0.1136429395
4   11   11   4   -0.4114883827
4   11   12   3   -0.0089485619
4   11   13   1   -0.0004370421
4   11   13   2   -0.0113851004
4   11   14   1   0.0113851004
4   11   14   2   -0.0004370421
4   12   8   4   0.0130660428
4   12   9   3   0.0055702125
4   12   9   4   0.0000000000
4   12   10   4   0.0681439224
4   12   11   3   -0.0091769470
4   12   12   4   -0.4261341604
4   12   13   5   0.0111082454
4   12   13   6   0.0001765291
4   12   14   5   -0.0001765291
4   12   14   6   0.0111082454
4   13   8   5   -0.0068342218
4   13   8   6   -0.0001086075
4   13   9   1   -0.0001941661
4   13   9   2   -0.0050580964
4   13   10   5   -0.0334154586
4   13   10   6   -0.0005310289
4   13   11   1   -0.0004259953
4   13   11   2   -0.0110973295
4   13   12   5   0.0109467703
4   13   12   6   0.0001739630
4   13   13   4   -0.3968121945
4   14   8   5   0.0001086075
4   14   8   6   -0.0068342218
4   14   9   1   0.0050580964
4   14   9   2   -0.0001941661
4   14   10   5   0.0005310289
4   14   10   6   -0.0334154586
4   14   11   1   0.0110973295
4   14   11   2   -0.0004259953
4   14   12   5   -0.0001739630
4   14   12   6   0.0109467703
4   14   14   4   -0.3968121945
5   8   8   1   0.0000000000
5   8   8   2   0.0000000001
5   8   8   5   -0.5420748723
5   8   9   1   -0.0123100382
5   8   9   2   -0.2266539420
5   8   10   5   0.0082232633
5   8   11   1   0.0003504302
5   8   11   2   0.0064521649
5   8   11   5   -0.0000000000
5   8   12   5   0.0018689176
5   8   13   4   -0.0068342218
5   8   14   4   0.0001086075
5   9   8   1   -0.0123100599
5   9   8   2   -0.2266543406
5   9   9   1   -0.0000000000
5   9   9   2   -0.0000000001
5   9   9   5   -0.5420732654
5   9   10   1   0.0003437786
5   9   10   2   0.0063296932
5   9   11   5   0.0084872377
5   9   12   1   0.0000125955
5   9   12   2   0.0002319092
5   9   13   3   -0.0010731437
5   9   14   3   0.0000170541
5   10   8   5   0.0082232633
5   10   9   1   0.0003410027
5   10   9   2   0.0062785834
5   10   10   5   -0.3856242885
5   10   11   1   -0.0052409759
5   10   11   2   -0.0964974950
5   10   12   5   0.0094116574
5   10   13   4   -0.0334154586
5   10   14   4   0.0005310289
5   11   8   1   0.0003444194
5   11   8   2   0.0063414928
5   11   8   5   -0.0000000000
5   11   9   5   0.0084872377
5   11   10   1   -0.0052284029
5   11   10   2   -0.0962659992
5   11   11   5   -0.3858651858
5   11   12   1   -0.0009235323
5   11   12   2   -0.0170041910
5   11   13   3   -0.0030442347
5   11   14   3   0.0000483781
5   12   8   5   0.0018689176
5   12   9   1   0.0000111138
5   12   9   2   0.0002046281
5   12   10   5   0.0094116574
5   12   11   1   -0.0009170329
5   12   11   2   -0.0168845227
5   12   12   5   -0.3679924173
5   12   13   4   0.0109467703
5   12   14   4   -0.0001739630
5   13   8   4   -0.0069464738
5   13   9   3   -0.0011359272
5   13   10   4   -0.0335396108
5   13   11   3   -0.0030139147
5   13   12   4   0.0111082454
5   13   13   5   -0.3857675755
5   13   13   6   -0.0003966326
5   13   14   5   0.0003966326
5   13   14   6   -0.0125306329
5   14   8   4   0.0001103914
5   14   9   3   0.0000180518
5   14   10   4   0.0005330019
5   14   11   3   0.0000478963
5   14   12   4   -0.0001765291
5   14   13   5   0.0003966326
5   14   13   6   -0.0124215151
5   14   14   5   -0.3608154275
5   14   14   6   0.0003966326
6   8   8   1   -0.0000000001
6   8   8   2   0.0000000000
6   8   8   6   -0.5420748723
6   8   9   1   0.2266539420
6   8   9   2   -0.0123100382
6   8   10   6   0.0082232633
6   8   11   1   -0.0064521649
6   8   11   2   0.0003504302
6   8   11   6   -0.0000000000
6   8   12   6   0.0018689176
6   8   13   4   -0.0001086075
6   8   14   4   -0.0068342218
6   9   8   1   0.2266543406
6   9   8   2   -0.0123100599
6   9   9   1   0.0000000001
6   9   9   2   -0.0000000000
6   9   9   6   -0.5420732654
6   9   10   1   -0.0063296932
6   9   10   2   0.0003437786
6   9   11   6   0.0084872377
6   9   12   1   -0.0002319092
6   9   12   2   0.0000125955
6   9   13   3   -0.0000170541
6   9   14   3   -0.0010731437
6   10   8   6   0.0082232633
6   10   9   1   -0.0062785834
6   10   9   2   0.0003410027
6   10   10   6   -0.3856242885
6   10   11   1   0.0964974950
6   10   11   2   -0.0052409759
6   10   12   6   0.0094116574
6   10   13   4   -0.0005310289
6   10   14   4   -0.0334154586
6   11   8   1   -0.0063414928
6   11   8   2   0.0003444194
6   11   8   6   -0.0000000000
6   11   9   6   0.0084872377
6   11   10   1   0.0962659992
6   11   10   2   -0.0052284029
6   11   11   6   -0.3858651858
6   11   12   1   0.0170041910
6   11   12   2   -0.0009235323
6   11   13   3   -0.0000483781
6   11   14   3   -0.0030442347
6   12   8   6   0.0018689176
6   12   9   1   -0.0002046281
6   12   9   2   0.0000111138
6   12   10   6   0.0094116574
6   12   11   1   0.0168845227
6   12   11   2   -0.0009170329
6   12   12   6   -0.3679924173
6   12   13   4   0.0001739630
6   12   14   4   0.0109467703
6   13   8   4   -0.0001103914
6   13   9   3   -0.0000180518
6   13   10   4   -0.0005330019
6   13   11   3   -0.0000478963
6   13   12   4   0.0001765291
6   13   13   5   -0.0003966326
6   13   13   6   -0.3608154275
6   13   14   5   -0.0124215151
6   13   14   6   -0.0003966326
6   14   8   4   -0.0069464738
6   14   9   3   -0.0011359272
6   14   10   4   -0.0335396108
6   14   11   3   -0.0030139147
6   14   12   4   0.0111082454
6   14   13   5   -0.0125306329
6   14   13   6   -0.0003966326
6   14   14   5   0.0003966326
6   14   14   6   -0.3857675755

End AIJB Block
Begin IJKA Block
1   8   1   9   0.0000000000
1   8   1   10   -0.1074697939
1   8   2   9   -0.0270603102
1   8   2   10   0.0000000000
1   8   3   9   -0.0000000000
1   8   3   10   0.0174976409
1   8   4   9   0.0032826221
1   8   4   10   -0.0000000000
1   8   5   9   0.0000000000
1   8   5   10   -0.0110538664
1   8   6   8   -0.0000000000
1   8   6   11   0.0157966307
1   8   6   12   0.0002510355
1   8   7   7   0.0000000000
1   8   7   11   -0.0002510355
1   8   7   12   0.0157966307
1   9   1   9   -0.0243388870
1   9   1   10   0.0000000000
1   9   2   9   -0.0000000000
1   9   2   10   -0.1095726053
1   9   3   9   0.0042719070
1   9   4   10   0.0167767867
1   9   5   9   -0.0118758539
1   9   6   7   0.0004636451
1   9   6   8   0.0120781189
1   9   7   7   -0.0120781189
1   9   7   8   0.0004636451
1   10   1   9   -0.0000000000
1   10   1   10   0.1155737006
1   10   2   9   0.0356710363
1   10   3   10   -0.0046119419
1   10   4   9   -0.0020878851
1   10   5   9   0.0000000000
1   10   5   10   -0.0081290145
1   10   6   8   -0.0000000000
1   10   6   11   0.0088373724
1   10   6   12   0.0001404410
1   10   7   7   0.0000000000
1   10   7   11   -0.0001404410
1   10   7   12   0.0088373724
1   11   1   9   0.0331872519
1   11   1   10   -0.0000000000
1   11   2   10   0.1043809837
1   11   3   9   -0.0007011365
1   11   4   10   -0.0044983669
1   11   5   9   -0.0137509886
1   11   5   10   0.0000000000
1   11   6   7   0.0005239293
1   11   6   8   0.0136485426
1   11   6   11   -0.0000000000
1   11   7   7   -0.0136485426
1   11   7   8   0.0005239293
1   11   7   12   -0.0000000000
1   12   1   9   0.0000000001
1   12   1   10   -0.1510072739
1   12   2   9   -0.3223844168
1   12   3   10   0.0045236322
1   12   4   9   0.0034933875
1   12   5   10   0.0024642809
1   12   6   11   0.0015952128
1   12   6   12   0.0000253507
1   12   7   11   -0.0000253507
1   12   7   12   0.0015952128
1   13   1   7   -0.0000000000
1   13   1   8   -0.0000000001
1   13   1   11   0.2097833810
1   13   1   12   0.0033338176
1   13   2   7   0.0128349424
1   13   2   8   0.3343547936
1   13   3   11   -0.0061183352
1   13   3   12   -0.0000972308
1   13   4   7   -0.0001358401
1   13   4   8   -0.0035386818
1   13   5   11   -0.0005625856
1   13   5   12   -0.0000089404
1   13   6   10   0.0043470685
1   14   1   7   0.0000000001
1   14   1   8   -0.0000000000
1   14   1   11   -0.0033338176
1   14   1   12   0.2097833810
1   14   2   7   -0.3343547935
1   14   2   8   0.0128349424
1   14   3   11   0.0000972308
1   14   3   12   -0.0061183352
1   14   4   7   0.0035386818
1   14   4   8   -0.0001358401
1   14   5   11   0.0000089404
1   14   5   12   -0.0005625856
1   14   7   10   0.0043470685
2   8   1   9   -0.0270652168
2   8   1   10   0.0000000000
2   8   2   9   -0.0000000000
2   8   2   10   -0.1074429866
2   8   3   9   0.0042722586
2   8   4   10   0.0167932298
2   8   5   9   -0.0118062456
2   8   6   7   0.0004622654
2   8   6   8   0.0120421772
2   8   7   7   -0.0120421772
2   8   7   8   0.0004622654
2   9   1   9   -0.0000000000
2   9   1   10   -0.1095598852
2   9   2   9   -0.0243394984
2   9   2   10   -0.0000000000
2   9   3   9   0.0000000000
2   9   3   10   0.0174889889
2   9   4   9   0.0032647591
2   9   4   10   0.0000000000
2   9   5   9   -0.0000000000
2   9   5   10   -0.0109925642
2   9   6   8   0.0000000000
2   9   6   11   0.0157598968
2   9   6   12   0.0002504518
2   9   7   7   -0.0000000000
2   9   7   11   -0.0002504518
2   9   7   12   0.0157598968
2   10   1   9   0.0356661718
2   10   2   9   0.0000000000
2   10   2   10   0.1155999256
2   10   3   9   -0.0009028526
2   10   4   10   -0.0053221277
2   10   5   9   -0.0130115732
2   10   6   7   0.0005000664
2   10   6   8   0.0130269058
2   10   6   11   0.0000000000
2   10   7   7   -0.0130269058
2   10   7   8   0.0005000664
2   10   7   12   0.0000000000
2   11   1   10   0.1043833847
2   11   2   9   0.0331813910
2   11   2   10   0.0000000000
2   11   3   10   -0.0037484125
2   11   4   9   -0.0020186712
2   11   5   9   -0.0000000000
2   11   5   10   -0.0081838658
2   11   6   8   0.0000000000
2   11   6   11   0.0093040651
2   11   6   12   0.0001478575
2   11   7   7   -0.0000000000
2   11   7   11   -0.0001478575
2   11   7   12   0.0093040651
2   12   1   9   -0.3223830801
2   12   2   9   -0.0000000001
2   12   2   10   -0.1510099442
2   12   3   9   0.0035162936
2   12   4   10   0.0047727061
2   12   5   9   -0.0005186585
2   12   6   7   0.0000488365
2   12   6   8   0.0012722080
2   12   7   7   -0.0012722080
2   12   7   8   0.0000488365
2   13   1   7   0.0128348418
2   13   1   8   0.3343521743
2   13   2   7   0.0000000000
2   13   2   8   0.0000000001
2   13   2   11   0.2097819977
2   13   2   12   0.0033337956
2   13   3   7   -0.0001386467
2   13   3   8   -0.0036117958
2   13   4   11   -0.0061964032
2   13   4   12   -0.0000984715
2   13   5   7   0.0000297676
2   13   5   8   0.0007754569
2   13   6   9   0.0015876457
2   14   1   7   -0.3343521743
2   14   1   8   0.0128348418
2   14   2   7   -0.0000000001
2   14   2   8   0.0000000000
2   14   2   11   -0.0033337956
2   14   2   12   0.2097819977
2   14   3   7   0.0036117958
2   14   3   8   -0.0001386467
2   14   4   11   0.0000984715
2   14   4   12   -0.0061964032
2   14   5   7   -0.0007754569
2   14   5   8   0.0000297676
2   14   7   9   0.0015876457
3   8   1   9   -0.0000000000
3   8   1   10   0.0176520662
3   8   2   9   0.0044281033
3   8   3   10   -0.0024342280
3   8   4   9   -0.0029651753
3   8   5   9   0.0000000000
3   8   5   10   -0.0141817572
3   8   6   8   -0.0000000000
3   8   6   11   0.0164028453
3   8   6   12   0.0002606693
3   8   7   7   0.0000000000
3   8   7   11   -0.0002606693
3   8   7   12   0.0164028453
3   9   1   9   0.0044243385
3   9   2   9   0.0000000000
3   9   2   10   0.0176452168
3   9   3   9   0.0011665778
3   9   4   10   -0.0061420763
3   9   5   9   -0.0148884322
3   9   5   10   -0.0000000000
3   9   6   7   0.0005432197
3   9   6   8   0.0141510663
3   9   6   11   0.0000000000
3   9   7   7   -0.0141510663
3   9   7   8   0.0005432197
3   9   7   12   0.0000000000
3   10   1   10   -0.0049064694
3   10   2   9   -0.0007066235
3   10   3   10   0.0437776219
3   10   4   9   0.0127780760
3   10   5   10   -0.0138225253
3   10   6   11   0.0192013361
3   10   6   12   0.0003051422
3   10   7   11   -0.0003051422
3   10   7   12   0.0192013361
3   11   1   9   -0.0005734981
3   11   2   10   -0.0037392550
3   11   3   9   0.0255938892
3   11   4   10   0.0447691837
3   11   5   9   -0.0669485454
3   11   6   7   0.0025155964
3   11   6   8   0.0655321770
3   11   7   7   -0.0655321770
3   11   7   8   0.0025155964
3   12   1   10   0.0047872726
3   12   2   9   0.0037104981
3   12   3   10   -0.0526339345
3   12   4   9   -0.2091735449
3   12   5   10   -0.0144923186
3   12   6   11   0.0077399321
3   12   6   12   0.0001230008
3   12   7   11   -0.0001230008
3   12   7   12   0.0077399321
3   13   1   11   -0.0065337716
3   13   1   12   -0.0001038328
3   13   2   7   -0.0001486651
3   13   2   8   -0.0038727778
3   13   3   11   0.0851489877
3   13   3   12   0.0013531634
3   13   4   7   0.0083628362
3   13   4   8   0.2178548430
3   13   5   11   0.0066418598
3   13   5   12   0.0001055505
3   13   6   10   0.0047175166
3   14   1   11   0.0001038328
3   14   1   12   -0.0065337716
3   14   2   7   0.0038727778
3   14   2   8   -0.0001486651
3   14   3   11   -0.0013531634
3   14   3   12   0.0851489877
3   14   4   7   -0.2178548430
3   14   4   8   0.0083628362
3   14   5   11   -0.0001055505
3   14   5   12   0.0066418598
3   14   7   10   0.0047175166
4   8   1   9   0.0032014389
4   8   1   10   -0.0000000000
4   8   2   10   0.0172556589
4   8   3   9   -0.0030405524
4   8   4   10   -0.0051944973
4   8   5   9   -0.0143218047
4   8   5   10   0.0000000000
4   8   6   7   0.0005375155
4   8   6   8   0.0140024683
4   8   6   11   -0.0000000000
4   8   7   7   -0.0140024683
4   8   7   8   0.0005375155
4   8   7   12   -0.0000000000
4   9   1   10   0.0172318210
4   9   2   9   0.0031816031
4   9   2   10   0.0000000000
4   9   3   10   -0.0060412701
4   9   4   9   -0.0019541624
4   9   5   9   -0.0000000000
4   9   5   10   -0.0138811111
4   9   6   8   0.0000000000
4   9   6   11   0.0162698372
4   9   6   12   0.0002585556
4   9   7   7   -0.0000000000
4   9   7   11   -0.0002585556
4   9   7   12   0.0162698372
4   10   1   9   -0.0020037299
4   10   2   10   -0.0053004119
4   10   3   9   0.0124061279
4   10   4   10   0.0434969791
4   10   5   9   -0.0555630619
4   10   6   7   0.0023403603
4   10   6   8   0.0609672139
4   10   7   7   -0.0609672139
4   10   7   8   0.0023403603
4   11   1   10   -0.0043167326
4   11   2   9   -0.0020177932
4   11   3   10   0.0447365020
4   11   4   9   0.0110267513
4   11   5   10   -0.0147584507
4   11   6   11   0.0226696345
4   11   6   12   0.0003602594
4   11   7   11   -0.0003602594
4   11   7   12   0.0226696345
4   12   1   9   0.0036998186
4   12   2   10   0.0050870312
4   12   3   9   -0.2095170169
4   12   4   10   -0.0581132051
4   12   5   9   -0.0423303042
4   12   6   7   0.0002249461
4   12   6   8   0.0058599259
4   12   7   7   -0.0058599259
4   12   7   8   0.0002249461
4   13   1   7   -0.0001469669
4   13   1   8   -0.0038285396
4   13   2   11   -0.0066469755
4   13   2   12   -0.0001056318
4   13   3   7   0.0083542298
4   13   3   8   0.2176306455
4   13   4   11   0.0884556402
4   13   4   12   0.0014057118
4   13   5   7   0.0016325374
4   13   5   8   0.0425281761
4   13   6   9   0.0049628872
4   14   1   7   0.0038285396
4   14   1   8   -0.0001469669
4   14   2   11   0.0001056318
4   14   2   12   -0.0066469755
4   14   3   7   -0.2176306455
4   14   3   8   0.0083542298
4   14   4   11   -0.0014057118
4   14   4   12   0.0884556402
4   14   5   7   -0.0425281761
4   14   5   8   0.0016325374
4   14   7   9   0.0049628872
5   8   1   9   0.0000000000
5   8   1   10   -0.0109446974
5   8   2   9   -0.0140984070
5   8   3   9   0.0000000000
5   8   3   10   -0.0142323041
5   8   4   9   -0.0149680835
5   8   4   10   0.0000000000
5   8   5   10   -0.0026745160
5   8   6   11   0.0012852026
5   8   6   12   0.0000204241
5   8   7   11   -0.0000204241
5   8   7   12   0.0012852026
5   9   1   9   -0.0141657220
5   9   2   9   -0.0000000000
5   9   2   10   -0.0108867464
5   9   3   9   -0.0154852137
5   9   3   10   -0.0000000000
5   9   4   9   -0.0000000000
5   9   4   10   -0.0139579691
5   9   5   9   -0.0005056938
5   9   6   7   0.0000425384
5   9   6   8   0.0011081405
5   9   7   7   -0.0011081405
5   9   7   8   0.0000425384
5   10   1   9   0.0000000000
5   10   1   10   -0.0077060391
5   10   2   9   -0.0131898428
5   10   3   10   -0.0121700782
5   10   4   9   -0.0549688248
5   10   5   10   0.0279548746
5   10   6   11   0.0036628651
5   10   6   12   0.0000582092
5   10   7   11   -0.0000582092
5   10   7   12   0.0036628651
5   11   1   9   -0.0138952885
5   11   2   9   -0.0000000000
5   11   2   10   -0.0076832060
5   11   3   9   -0.0663796350
5   11   4   10   -0.0132780746
5   11   5   9   0.0175815095
5   11   6   7   0.0001346641
5   11   6   8   0.0035080485
5   11   7   7   -0.0035080485
5   11   7   8   0.0001346641
5   12   1   10   0.0022619416
5   12   2   9   -0.0007136160
5   12   3   10   -0.0132767413
5   12   4   9   -0.0460808676
5   12   5   10   -0.0393141476
5   12   6   11   0.0018644646
5   12   6   12   0.0000296295
5   12   7   11   -0.0000296295
5   12   7   12   0.0018644646
5   13   1   11   -0.0005996341
5   13   1   12   -0.0000095292
5   13   2   7   0.0000346525
5   13   2   8   0.0009027087
5   13   3   11   0.0066443572
5   13   3   12   0.0001055902
5   13   4   7   0.0016489250
5   13   4   8   0.0429550796
5   13   5   11   0.0672426711
5   13   5   12   0.0010686013
5   13   6   10   0.0021766345
5   14   1   11   0.0000095292
5   14   1   12   -0.0005996341
5   14   2   7   -0.0009027087
5   14   2   8   0.0000346525
5   14   3   11   -0.0001055902
5   14   3   12   0.0066443572
5   14   4   7   -0.0429550796
5   14   4   8   0.0016489250
5   14   5   11   -0.0010686013
5   14   5   12   0.0672426711
5   14   7   10   0.0021766345
6   8   1   8   -0.0000000000
6   8   1   11   0.0158537955
6   8   1   12   0.0002519440
6   8   2   7   0.0005544269
6   8   2   8   0.0144430181
6   8   3   8   -0.0000000000
6   8   3   11   0.0163175455
6   8   3   12   0.0002593138
6   8   4   7   0.0005658302
6   8   4   8   0.0147400769
6   8   4   11   -0.0000000000
6   8   5   11   0.0012096707
6   8   5   12   0.0000192237
6   8   6   10   -0.0010607384
6   9   1   7   0.0005557978
6   9   1   8   0.0144787306
6   9   2   8   0.0000000000
6   9   2   11   0.0158188537
6   9   2   12   0.0002513887
6   9   3   7   0.0005708907
6   9   3   8   0.0148719036
6   9   3   11   0.0000000000
6   9   4   8   0.0000000000
6   9   4   11   0.0161982022
6   9   4   12   0.0002574172
6   9   5   7   0.0000308591
6   9   5   8   0.0008038911
6   9   6   9   0.0009251772
6   10   1   8   -0.0000000000
6   10   1   11   0.0081919733
6   10   1   12   0.0001301845
6   10   2   7   0.0005130005
6   10   2   8   0.0133638441
6   10   2   11   0.0000000000
6   10   3   11   0.0183511874
6   10   3   12   0.0002916318
6   10   4   7   0.0023167205
6   10   4   8   0.0603513903
6   10   5   11   0.0034727225
6   10   5   12   0.0000551875
6   10   6   10   0.0371995544
6   11   1   7   0.0005324610
6   11   1   8   0.0138707975
6   11   1   11   -0.0000000000
6   11   2   8   0.0000000000
6   11   2   11   0.0085405868
6   11   2   12   0.0001357246
6   11   3   7   0.0024765930
6   11   3   8   0.0645161254
6   11   4   11   0.0217971126
6   11   4   12   0.0003463935
6   11   5   7   0.0001673512
6   11   5   8   0.0043595578
6   11   6   9   0.0221059433
6   12   1   11   0.0014343650
6   12   1   12   0.0000227945
6   12   2   7   0.0000431889
6   12   2   8   0.0011250858
6   12   3   11   0.0067952007
6   12   3   12   0.0001079874
6   12   4   7   0.0002847845
6   12   4   8   0.0074187381
6   12   5   11   -0.0032466448
6   12   5   12   -0.0000515948
6   12   6   10   -0.0422501777
6   12   7   9   0.0000000000
6   13   1   10   0.0038539367
6   13   2   9   0.0013240774
6   13   3   10   0.0043748064
6   13   4   9   0.0038921298
6   13   5   10   -0.0012747164
6   13   6   11   0.0672823086
6   13   6   12   0.0010692312
6   13   7   8   -0.0000000000
6   13   7   11   -0.0000416119
6   13   7   12   0.0026184639
6   14   6   11   -0.0010831907
6   14   6   12   0.0681607199
6   14   7   7   0.0000000000
6   14   7   11   -0.0034968752
6   14   7   12   -0.0000555713
7   8   1   7   0.0000000000
7   8   1   11   -0.0002519440
7   8   1   12   0.0158537955
7   8   2   7   -0.0144430181
7   8   2   8   0.0005544269
7   8   3   7   0.0000000000
7   8   3   11   -0.0002593138
7   8   3   12   0.0163175455
7   8   4   7   -0.0147400769
7   8   4   8   0.0005658302
7   8   4   12   -0.0000000000
7   8   5   11   -0.0000192237
7   8   5   12   0.0012096707
7   8   7   10   -0.0010607384
7   9   1   7   -0.0144787306
7   9   1   8   0.0005557978
7   9   2   7   -0.0000000000
7   9   2   11   -0.0002513887
7   9   2   12   0.0158188537
7   9   3   7   -0.0148719036
7   9   3   8   0.0005708907
7   9   3   12   0.0000000000
7   9   4   7   -0.0000000000
7   9   4   11   -0.0002574172
7   9   4   12   0.0161982022
7   9   5   7   -0.0008038911
7   9   5   8   0.0000308591
7   9   7   9   0.0009251772
7   10   1   7   0.0000000000
7   10   1   11   -0.0001301845
7   10   1   12   0.0081919733
7   10   2   7   -0.0133638441
7   10   2   8   0.0005130005
7   10   2   12   0.0000000000
7   10   3   11   -0.0002916318
7   10   3   12   0.0183511874
7   10   4   7   -0.0603513903
7   10   4   8   0.0023167205
7   10   5   11   -0.0000551875
7   10   5   12   0.0034727225
7   10   7   10   0.0371995544
7   11   1   7   -0.0138707975
7   11   1   8   0.0005324610
7   11   1   12   -0.0000000000
7   11   2   7   -0.0000000000
7   11   2   11   -0.0001357246
7   11   2   12   0.0085405868
7   11   3   7   -0.0645161254
7   11   3   8   0.0024765930
7   11   4   11   -0.0003463935
7   11   4   12   0.0217971126
7   11   5   7   -0.0043595578
7   11   5   8   0.0001673512
7   11   7   9   0.0221059433
7   12   1   11   -0.0000227945
7   12   1   12   0.0014343650
7   12   2   7   -0.0011250858
7   12   2   8   0.0000431889
7   12   3   11   -0.0001079874
7   12   3   12   0.0067952007
7   12   4   7   -0.0074187381
7   12   4   8   0.0002847845
7   12   5   11   0.0000515948
7   12   5   12   -0.0032466448
7   12   6   9   0.0000000000
7   12   7   10   -0.0422501777
7   13   6   8   -0.0000000000
7   13   6   11   0.0000555713
7   13   6   12   -0.0034968752
7   13   7   11   0.0681607199
7   13   7   12   0.0010831907
7   14   1   10   0.0038539367
7   14   2   9   0.0013240774
7   14   3   10   0.0043748064
7   14   4   9   0.0038921298
7   14   5   10   -0.0012747164
7   14   6   7   0.0000000000
7   14   6   11   0.0026184639
7   14   6   12   0.0000416119
7   14   7   11   -0.0010692312
7   14   7   12   0.0672823086

End IJKA Block
Begin IABC Block
1   7   1   10   0.0051724754
1   7   3   11   -0.0000630046
1   7   3   12   0.0011600487
1   7   4   7   -0.0013047277
1   7   5   9   0.0001042503
1   7   6   9   -0.0019194696
1   8   2   10   0.0051724754
1   8   3   11   -0.0011600487
1   8   3   12   -0.0000630046
1   8   4   8   -0.0013047277
1   8   5   9   0.0019194696
1   8   6   9   0.0001042503
1   9   1   11   0.0000625707
1   9   1   12   -0.0011520601
1   9   2   11   0.0011520601
1   9   2   12   0.0000625707
1   9   3   10   0.0046811399
1   9   4   9   0.0011329595
1   9   5   7   0.0001045161
1   9   5   8   0.0019243630
1   9   6   7   -0.0019243630
1   9   6   8   0.0001045161
1   10   1   7   0.0051102764
1   10   2   8   0.0051102764
1   10   3   9   0.0046383396
1   10   3   10   -0.0000000000
1   10   4   10   0.0084037008
1   10   5   11   0.0084574341
1   10   6   12   0.0084574341
1   11   1   9   0.0000621216
1   11   2   9   0.0011437910
1   11   3   7   -0.0000623475
1   11   3   8   -0.0011479492
1   11   4   11   -0.0030881571
1   11   5   10   0.0084201601
1   12   1   9   -0.0011437910
1   12   2   9   0.0000621216
1   12   3   7   0.0011479492
1   12   3   8   -0.0000623475
1   12   4   12   -0.0030881571
1   12   6   10   0.0084201601
2   7   1   9   0.0015978839
2   7   3   7   0.0004483155
2   7   4   11   -0.0001870114
2   7   4   12   0.0034432764
2   7   5   10   0.0003408956
2   7   6   10   -0.0062766123
2   8   2   9   0.0015978839
2   8   3   8   0.0004483155
2   8   4   11   -0.0034432764
2   8   4   12   -0.0001870114
2   8   5   10   0.0062766123
2   8   6   10   0.0003408956
2   9   1   7   0.0016385613
2   9   2   8   0.0016385613
2   9   3   9   0.0033464002
2   9   4   10   0.0022817294
2   9   5   11   0.0013693264
2   9   6   12   0.0013693264
2   10   1   11   0.0003809708
2   10   1   12   -0.0070144816
2   10   2   11   0.0070144816
2   10   2   12   0.0003809708
2   10   3   10   0.0121353165
2   10   4   9   0.0022934201
2   10   4   10   0.0000000000
2   10   5   7   0.0003372765
2   10   5   8   0.0062099770
2   10   5   11   0.0000000000
2   10   6   7   -0.0062099770
2   10   6   8   0.0003372765
2   10   6   12   0.0000000000
2   11   1   10   0.0003806638
2   11   2   10   0.0070088289
2   11   3   11   0.0001577884
2   11   4   7   -0.0001839176
2   11   4   8   -0.0033863140
2   11   5   9   0.0013674604
2   11   5   10   0.0000000000
2   12   1   10   -0.0070088289
2   12   2   10   0.0003806638
2   12   3   12   0.0001577884
2   12   4   7   0.0033863140
2   12   4   8   -0.0001839176
2   12   6   9   0.0013674604
2   12   6   10   0.0000000000
3   7   1   10   0.0119135231
3   7   3   11   0.0005350774
3   7   3   12   -0.0098519106
3   7   4   7   0.0412474198
3   7   5   9   0.0001161035
3   7   6   9   -0.0021377127
3   8   2   10   0.0119135231
3   8   3   11   0.0098519106
3   8   3   12   0.0005350774
3   8   4   8   0.0412474198
3   8   5   9   0.0021377127
3   8   6   9   0.0001161035
3   9   1   11   0.0001839507
3   9   1   12   -0.0033869228
3   9   2   11   0.0033869228
3   9   2   12   0.0001839507
3   9   3   10   0.0235176746
3   9   4   9   0.0461285171
3   9   5   7   0.0001024271
3   9   5   8   0.0018859000
3   9   6   7   -0.0018859000
3   9   6   8   0.0001024271
3   10   1   7   0.0113204481
3   10   2   8   0.0113204481
3   10   3   9   0.0230509600
3   10   4   10   0.0414728075
3   10   5   11   0.0063193686
3   10   6   12   0.0063193686
3   11   1   9   0.0001759848
3   11   2   9   0.0032402546
3   11   3   7   0.0005407586
3   11   3   8   0.0099565143
3   11   4   11   0.0332959714
3   11   5   10   0.0059141571
3   12   1   9   -0.0032402546
3   12   2   9   0.0001759848
3   12   3   7   -0.0099565143
3   12   3   8   0.0005407586
3   12   4   12   0.0332959714
3   12   6   10   0.0059141571
4   7   1   9   0.0048297185
4   7   3   7   0.0195071431
4   7   4   11   0.0017135759
4   7   4   12   -0.0315505716
4   7   5   10   0.0007243386
4   7   6   10   -0.0133366122
4   8   2   9   0.0048297185
4   8   3   8   0.0195071431
4   8   4   11   0.0315505716
4   8   4   12   0.0017135759
4   8   5   10   0.0133366122
4   8   6   10   0.0007243386
4   9   1   7   0.0052895139
4   9   2   8   0.0052895139
4   9   3   9   0.0257388270
4   9   4   10   0.0403136924
4   9   5   11   0.0013359046
4   9   6   12   0.0013359046
4   10   1   11   0.0016421277
4   10   1   12   -0.0302350575
4   10   2   11   0.0302350575
4   10   2   12   0.0016421277
4   10   3   10   0.0697085565
4   10   4   9   0.0377428856
4   10   5   7   0.0006407201
4   10   5   8   0.0117970175
4   10   6   7   -0.0117970175
4   10   6   8   0.0006407201
4   11   1   10   0.0016325544
4   11   2   10   0.0300587925
4   11   3   11   0.0202546252
4   11   4   7   0.0015625267
4   11   4   8   0.0287694338
4   11   5   9   0.0012298136
4   12   1   10   -0.0300587925
4   12   2   10   0.0016325544
4   12   3   12   0.0202546252
4   12   4   7   -0.0287694338
4   12   4   8   0.0015625267
4   12   6   9   0.0012298136
5   7   1   10   -0.0071806437
5   7   3   8   0.0000000000
5   7   3   11   -0.0044821736
5   7   3   12   0.0825263325
5   7   4   7   -0.0516703151
5   7   5   9   -0.0006399496
5   7   6   9   0.0117828301
5   8   2   10   -0.0071806437
5   8   3   7   0.0000000000
5   8   3   11   -0.0825263325
5   8   3   12   -0.0044821736
5   8   4   8   -0.0516703151
5   8   5   9   -0.0117828301
5   8   6   9   -0.0006399496
5   9   1   11   -0.0003500808
5   9   1   12   0.0064457310
5   9   2   11   -0.0064457310
5   9   2   12   -0.0003500808
5   9   3   10   -0.1124567509
5   9   4   9   -0.0712798222
5   9   5   7   -0.0002818280
5   9   5   8   -0.0051890525
5   9   6   7   0.0051890525
5   9   6   8   -0.0002818280
5   10   1   7   -0.0058177265
5   10   2   8   -0.0058177265
5   10   3   9   -0.1121498770
5   10   4   10   -0.0313550311
5   10   5   11   0.0031167720
5   10   6   12   0.0031167720
5   11   1   9   -0.0005302670
5   11   2   9   -0.0097633405
5   11   3   7   -0.0043285859
5   11   3   8   -0.0796984571
5   11   4   11   -0.0398553695
5   11   5   10   0.0031436296
5   12   1   9   0.0097633405
5   12   2   9   -0.0005302670
5   12   3   7   0.0796984571
5   12   3   8   -0.0043285859
5   12   4   12   -0.0398553695
5   12   6   10   0.0031436296
6   7   1   11   0.0111832499
6   7   1   12   -0.0032953326
6   7   2   8   -0.0000000000
6   7   2   11   0.0048056935
6   7   2   12   -0.0838575280
6   7   3   10   0.0003287816
6   7   4   9   0.0002750429
6   7   5   7   0.0812512507
6   7   5   8   0.0010080469
6   7   6   7   0.0005045180
6   7   6   8   -0.0139282157
6   8   1   11   0.0035739701
6   8   1   12   -0.0063502596
6   8   2   7   -0.0000000000
6   8   2   11   0.1013910375
6   8   2   12   0.0050843310
6   8   3   10   0.0085648779
6   8   4   9   0.0071649651
6   8   5   7   0.0008900845
6   8   5   8   0.1016847962
6   8   6   7   -0.0065053299
6   8   6   8   0.0024026494
6   9   1   10   0.0037918886
6   9   2   10   0.0987800414
6   9   3   11   0.0111199697
6   9   3   12   0.0001767154
6   9   4   7   0.0004003772
6   9   4   8   0.0104299682
6   9   5   9   0.0866329394
6   9   6   9   0.0013767460
6   10   1   9   0.0037837486
6   10   2   9   0.0985679916
6   10   3   7   0.0004085317
6   10   3   8   0.0106423965
6   10   4   11   0.0021230877
6   10   4   12   0.0000337395
6   10   5   10   0.0685965815
6   10   6   10   0.0010901173
6   11   1   7   0.0069764926
6   11   1   8   0.0037137103
6   11   2   7   0.0048579271
6   11   2   8   0.0992508947
6   11   3   9   0.0077914284
6   11   4   10   0.0019891267
6   11   5   11   0.0736082046
6   11   5   12   0.0000485834
6   11   6   11   0.0010727347
6   11   6   12   0.0030482880
6   12   1   7   -0.0034417510
6   12   1   8   -0.0101367815
6   12   2   7   -0.0821376207
6   12   2   8   0.0051298864
6   12   3   9   0.0001238192
6   12   4   10   0.0000316106
6   12   5   11   0.0000484425
6   12   5   12   0.0675027641
6   12   6   11   0.0030571525
6   12   6   12   0.0011697606
7   7   1   8   0.0000000000
7   7   1   11   -0.0050843310
7   7   1   12   0.1013910375
7   7   2   11   -0.0063502596
7   7   2   12   -0.0035739701
7   7   3   10   -0.0085648779
7   7   4   9   -0.0071649651
7   7   5   7   -0.0024026494
7   7   5   8   -0.0065053299
7   7   6   7   0.1016847962
7   7   6   8   -0.0008900845
7   8   1   7   0.0000000000
7   8   1   11   -0.0838575280
7   8   1   12   -0.0048056935
7   8   2   11   0.0032953326
7   8   2   12   0.0111832499
7   8   3   10   0.0003287816
7   8   4   9   0.0002750429
7   8   5   7   -0.0139282157
7   8   5   8   -0.0005045180
7   8   6   7   -0.0010080469
7   8   6   8   0.0812512507
7   9   1   10   -0.0987800414
7   9   2   10   0.0037918886
7   9   3   11   -0.0001767154
7   9   3   12   0.0111199697
7   9   4   7   -0.0104299682
7   9   4   8   0.0004003772
7   9   5   9   -0.0013767460
7   9   6   9   0.0866329394
7   10   1   9   -0.0985679916
7   10   2   9   0.0037837486
7   10   3   7   -0.0106423965
7   10   3   8   0.0004085317
7   10   4   11   -0.0000337395
7   10   4   12   0.0021230877
7   10   5   10   -0.0010901173
7   10   6   10   0.0685965815
7   11   1   7   -0.0051298864
7   11   1   8   -0.0821376207
7   11   2   7   -0.0101367815
7   11   2   8   0.0034417510
7   11   3   9   -0.0001238192
7   11   4   10   -0.0000316106
7   11   5   11   -0.0011697606
7   11   5   12   0.0030571525
7   11   6   11   0.0675027641
7   11   6   12   -0.0000484425
7   12   1   7   0.0992508947
7   12   1   8   -0.0048579271
7   12   2   7   -0.0037137103
7   12   2   8   0.0069764926
7   12   3   9   0.0077914284
7   12   4   10   0.0019891267
7   12   5   11   0.0030482880
7   12   5   12   -0.0010727347
7   12   6   11   -0.0000485834
7   12   6   12   0.0736082046

End IABC Block
