Begin IJ Block
1   1   -1.9075755033
2   2   -1.7732242397
2   3   -0.0000000187
3   3   -1.7676352214

End IJ Block
Begin IA Block
1   3   0.0021654343
1   6   -0.0000001263
1   7   -0.1000251113

End IA Block
Begin AB Block
1   1   -1.3835042764
1   2   -0.0000000321
2   2   -1.3931876411
3   3   -0.9472840825
3   6   0.0000001404
3   7   -0.0160634182
4   4   -0.8573129261
4   5   0.0000000736
5   5   -0.8346405144
6   6   -0.7845658336
6   7   -0.0000000158
7   7   -0.7971013761

End AB Block
Begin IJKL Block
1   4   1   4   0.2918369479
1   4   2   5   0.0028546963
1   4   2   6   -0.0000000051
1   4   3   5   -0.0000000051
1   4   3   6   0.0043718860
1   5   1   5   0.2733425044
1   5   1   6   0.0000000075
1   5   2   4   0.0044201229
1   5   3   4   -0.0000000041
1   6   1   5   0.0000000075
1   6   1   6   0.2711041606
1   6   2   4   -0.0000000041
1   6   3   4   0.0056536318
2   4   1   5   0.0044201229
2   4   1   6   -0.0000000041
2   4   2   4   0.2733425044
2   4   3   4   0.0000000075
2   5   1   4   0.0028546963
2   5   2   5   0.3139856043
2   5   3   6   0.0199826998
2   6   1   4   -0.0000000051
2   6   2   6   0.2722748427
2   6   3   5   0.0217280827
3   4   1   5   -0.0000000041
3   4   1   6   0.0056536318
3   4   2   4   0.0000000075
3   4   3   4   0.2711041606
3   5   1   4   -0.0000000051
3   5   2   6   0.0217280827
3   5   3   5   0.2722748427
3   6   1   4   0.0043718860
3   6   2   5   0.0199826998
3   6   3   6   0.3139856019

End IJKL Block
Begin IJAB Block
1   4   1   8   0.0036053392
1   4   1   9   0.0000000039
1   4   2   8   0.0000000039
1   4   2   9   0.0047698182
1   4   3   10   0.0078651208
1   4   3   13   -0.0000000189
1   4   3   14   0.0020476958
1   4   4   11   0.0086093775
1   4   4   12   -0.0000000133
1   4   5   11   -0.0000000133
1   4   5   12   0.0045236823
1   4   6   10   -0.0000000189
1   4   6   13   0.0031798635
1   4   6   14   0.0000000093
1   4   7   10   0.0020476958
1   4   7   13   0.0000000093
1   4   7   14   0.0101607026
1   5   1   11   -0.0000000011
1   5   1   12   0.0010120716
1   5   2   11   -0.0027345743
1   5   2   12   0.0000000042
1   5   4   8   -0.0000000037
1   5   4   9   -0.0056671235
1   5   5   8   0.0030672288
1   5   5   9   0.0000000045
1   6   1   11   -0.0013789498
1   6   1   12   0.0000000091
1   6   2   11   -0.0000000034
1   6   2   12   0.0003828217
1   6   4   8   -0.0015361674
1   6   4   9   -0.0000000103
1   6   5   8   0.0000000189
1   6   5   9   0.0011080671
2   4   1   11   -0.0000000037
2   4   1   12   0.0030672288
2   4   2   11   -0.0056671235
2   4   2   12   0.0000000045
2   4   4   8   -0.0000000011
2   4   4   9   -0.0027345743
2   4   5   8   0.0010120716
2   4   5   9   0.0000000042
2   5   1   8   0.0337653914
2   5   1   9   -0.0000000010
2   5   2   8   -0.0000000010
2   5   2   9   0.0598225762
2   5   3   10   0.0020313063
2   5   3   13   -0.0000000027
2   5   3   14   0.0012819973
2   5   4   11   0.0023922039
2   5   4   12   0.0000000002
2   5   5   11   0.0000000002
2   5   5   12   0.0006463669
2   5   6   10   -0.0000000027
2   5   6   13   0.0013662432
2   5   6   14   -0.0000000045
2   5   7   10   0.0012819973
2   5   7   13   -0.0000000045
2   5   7   14   0.0035206568
2   6   1   8   -0.0000000009
2   6   1   9   0.0358081319
2   6   2   8   -0.0097894805
2   6   2   9   0.0000000012
2   6   3   10   -0.0000000000
2   6   3   13   -0.0012734990
2   6   3   14   -0.0000000026
2   6   4   11   0.0000000001
2   6   4   12   -0.0010071520
2   6   5   11   -0.0007294754
2   6   5   12   -0.0000000002
2   6   6   10   -0.0012734993
2   6   6   13   -0.0000000045
2   6   6   14   0.0009614109
2   6   7   10   -0.0000000026
2   6   7   13   0.0011776388
2   6   7   14   0.0000000044
3   4   1   11   -0.0015361674
3   4   1   12   0.0000000189
3   4   2   11   -0.0000000103
3   4   2   12   0.0011080671
3   4   4   8   -0.0013789498
3   4   4   9   -0.0000000034
3   4   5   8   0.0000000091
3   4   5   9   0.0003828217
3   5   1   8   -0.0000000009
3   5   1   9   -0.0097894805
3   5   2   8   0.0358081319
3   5   2   9   0.0000000012
3   5   3   10   -0.0000000000
3   5   3   13   -0.0012734993
3   5   3   14   -0.0000000026
3   5   4   11   0.0000000001
3   5   4   12   -0.0007294754
3   5   5   11   -0.0010071520
3   5   5   12   -0.0000000002
3   5   6   10   -0.0012734990
3   5   6   13   -0.0000000045
3   5   6   14   0.0011776388
3   5   7   10   -0.0000000026
3   5   7   13   0.0009614109
3   5   7   14   0.0000000044
3   6   1   8   0.0597323065
3   6   1   9   0.0000000012
3   6   2   8   0.0000000012
3   6   2   9   0.0337543891
3   6   3   10   0.0020408816
3   6   3   13   0.0000000025
3   6   3   14   -0.0012643162
3   6   4   11   0.0006755346
3   6   4   12   -0.0000000002
3   6   5   11   -0.0000000002
3   6   5   12   0.0023981178
3   6   6   10   0.0000000025
3   6   6   13   0.0035100183
3   6   6   14   0.0000000045
3   6   7   10   -0.0012643162
3   6   7   13   0.0000000045
3   6   7   14   0.0013945602

End IJAB Block
Begin ABCD Block
1   8   1   8   0.2806400195
1   8   1   9   0.0000000000
1   8   2   8   0.0000000000
1   8   2   9   0.0112231003
1   8   3   10   0.0015381248
1   8   3   13   0.0000000024
1   8   3   14   -0.0011513325
1   8   4   11   0.0007262371
1   8   4   12   -0.0000000001
1   8   5   11   -0.0000000001
1   8   5   12   0.0016267227
1   8   6   10   0.0000000024
1   8   6   13   0.0029732857
1   8   6   14   0.0000000034
1   8   7   10   -0.0011513325
1   8   7   13   0.0000000034
1   8   7   14   0.0013214098
1   9   1   8   0.0000000000
1   9   1   9   0.2567926961
1   9   2   8   0.0126317802
1   9   2   9   0.0000000000
1   9   3   10   0.0000000000
1   9   3   13   -0.0011607863
1   9   3   14   -0.0000000024
1   9   4   11   0.0000000001
1   9   4   12   -0.0005613812
1   9   5   11   -0.0003482968
1   9   5   12   -0.0000000000
1   9   6   10   -0.0011607865
1   9   6   13   -0.0000000034
1   9   6   14   0.0006681828
1   9   7   10   -0.0000000024
1   9   7   13   0.0009891814
1   9   7   14   0.0000000035
1   10   1   10   0.1859416922
1   10   1   13   0.0000000151
1   10   1   14   -0.0070995790
1   10   2   13   -0.0071042670
1   10   2   14   -0.0000000151
1   10   3   8   0.0018710933
1   10   6   8   0.0000000026
1   10   6   9   -0.0012108348
1   10   7   8   -0.0012058788
1   10   7   9   -0.0000000026
1   11   1   11   0.1705274784
1   11   1   12   -0.0000000007
1   11   2   11   0.0000000007
1   11   2   12   -0.0053066328
1   11   4   8   0.0009184110
1   11   4   9   0.0000000001
1   11   5   8   -0.0000000001
1   11   5   9   -0.0003922469
1   12   1   11   -0.0000000007
1   12   1   12   0.1812156197
1   12   2   11   -0.0053899783
1   12   2   12   -0.0000000006
1   12   4   8   -0.0000000001
1   12   4   9   -0.0006416567
1   12   5   8   0.0019492907
1   12   5   9   -0.0000000000
1   13   1   10   0.0000000151
1   13   1   13   0.1777763848
1   13   1   14   0.0000000175
1   13   2   10   -0.0071042666
1   13   2   13   -0.0000000178
1   13   2   14   0.0045075182
1   13   3   8   0.0000000026
1   13   3   9   -0.0012108344
1   13   6   8   0.0032361684
1   13   6   9   -0.0000000035
1   13   7   8   0.0000000035
1   13   7   9   0.0010820089
1   14   1   10   -0.0070995790
1   14   1   13   0.0000000175
1   14   1   14   0.1688860085
1   14   2   10   -0.0000000151
1   14   2   13   0.0041633004
1   14   2   14   0.0000000178
1   14   3   8   -0.0012058788
1   14   3   9   -0.0000000026
1   14   6   8   0.0000000035
1   14   6   9   0.0006407781
1   14   7   8   0.0015001874
1   14   7   9   0.0000000035
2   8   1   8   0.0000000000
2   8   1   9   0.0126317802
2   8   2   8   0.2567926961
2   8   2   9   0.0000000000
2   8   3   10   0.0000000000
2   8   3   13   -0.0011607865
2   8   3   14   -0.0000000024
2   8   4   11   0.0000000001
2   8   4   12   -0.0003482968
2   8   5   11   -0.0005613812
2   8   5   12   -0.0000000000
2   8   6   10   -0.0011607863
2   8   6   13   -0.0000000034
2   8   6   14   0.0009891814
2   8   7   10   -0.0000000024
2   8   7   13   0.0006681828
2   8   7   14   0.0000000035
2   9   1   8   0.0112231003
2   9   1   9   0.0000000000
2   9   2   8   0.0000000000
2   9   2   9   0.2806593098
2   9   3   10   0.0015497722
2   9   3   13   -0.0000000025
2   9   3   14   0.0011633387
2   9   4   11   0.0016483774
2   9   4   12   0.0000000000
2   9   5   11   0.0000000000
2   9   5   12   0.0007235081
2   9   6   10   -0.0000000025
2   9   6   13   0.0013231832
2   9   6   14   -0.0000000034
2   9   7   10   0.0011633387
2   9   7   13   -0.0000000034
2   9   7   14   0.0029975388
2   10   1   13   -0.0071042666
2   10   1   14   -0.0000000151
2   10   2   10   0.1859417041
2   10   2   13   -0.0000000151
2   10   2   14   0.0070995730
2   10   3   9   0.0018710966
2   10   6   8   -0.0012108344
2   10   6   9   -0.0000000026
2   10   7   8   -0.0000000026
2   10   7   9   0.0012058808
2   11   1   11   0.0000000007
2   11   1   12   -0.0053899783
2   11   2   11   0.1812380697
2   11   2   12   0.0000000007
2   11   4   8   0.0000000001
2   11   4   9   0.0019598727
2   11   5   8   -0.0006416567
2   11   5   9   0.0000000001
2   12   1   11   -0.0053066328
2   12   1   12   -0.0000000006
2   12   2   11   0.0000000007
2   12   2   12   0.1705329655
2   12   4   8   -0.0003922469
2   12   4   9   0.0000000001
2   12   5   8   -0.0000000000
2   12   5   9   0.0009229401
2   13   1   10   -0.0071042670
2   13   1   13   -0.0000000178
2   13   1   14   0.0041633004
2   13   2   10   -0.0000000151
2   13   2   13   0.1691026127
2   13   2   14   -0.0000000180
2   13   3   8   -0.0012108348
2   13   3   9   -0.0000000026
2   13   6   8   -0.0000000035
2   13   6   9   0.0015163340
2   13   7   8   0.0006407781
2   13   7   9   -0.0000000035
2   14   1   10   -0.0000000151
2   14   1   13   0.0045075182
2   14   1   14   0.0000000178
2   14   2   10   0.0070995730
2   14   2   13   -0.0000000180
2   14   2   14   0.1775538450
2   14   3   8   -0.0000000026
2   14   3   9   0.0012058808
2   14   6   8   0.0010820089
2   14   6   9   -0.0000000035
2   14   7   8   0.0000000035
2   14   7   9   0.0032259249
3   8   1   10   0.0018710933
3   8   1   13   0.0000000026
3   8   1   14   -0.0012058788
3   8   2   13   -0.0012108348
3   8   2   14   -0.0000000026
3   8   3   8   0.1859416922
3   8   6   8   0.0000000151
3   8   6   9   -0.0071042670
3   8   7   8   -0.0070995790
3   8   7   9   -0.0000000151
3   9   1   13   -0.0012108344
3   9   1   14   -0.0000000026
3   9   2   10   0.0018710966
3   9   2   13   -0.0000000026
3   9   2   14   0.0012058808
3   9   3   9   0.1859417041
3   9   6   8   -0.0071042666
3   9   6   9   -0.0000000151
3   9   7   8   -0.0000000151
3   9   7   9   0.0070995730
3   10   1   8   0.0015381248
3   10   1   9   0.0000000000
3   10   2   8   0.0000000000
3   10   2   9   0.0015497722
3   10   3   10   0.1713853311
3   10   3   13   -0.0000000000
3   10   3   14   0.0000054591
3   10   4   11   0.0556715951
3   10   4   12   -0.0000000000
3   10   5   11   -0.0000000000
3   10   5   12   0.0556599656
3   10   6   10   -0.0000000000
3   10   6   13   0.0295267131
3   10   6   14   0.0000000001
3   10   7   10   0.0000054591
3   10   7   13   0.0000000001
3   10   7   14   0.0296293011
3   11   3   11   0.1673758041
3   11   4   10   0.0557127433
3   11   4   13   -0.0000000874
3   11   4   14   0.0388984112
3   11   5   13   0.0388766355
3   11   5   14   0.0000000875
3   11   6   11   -0.0000000499
3   11   6   12   0.0221911863
3   11   7   11   0.0222205573
3   11   7   12   0.0000000500
3   12   3   12   0.1673757573
3   12   4   13   0.0388766782
3   12   4   14   0.0000000875
3   12   5   10   0.0557126556
3   12   5   13   0.0000000874
3   12   5   14   -0.0388983903
3   12   6   11   0.0221911863
3   12   6   12   0.0000000499
3   12   7   11   0.0000000500
3   12   7   12   -0.0222205288
3   13   1   8   0.0000000024
3   13   1   9   -0.0011607863
3   13   2   8   -0.0011607865
3   13   2   9   -0.0000000025
3   13   3   10   -0.0000000000
3   13   3   13   0.1665996998
3   13   3   14   -0.0000000001
3   13   4   11   -0.0000000875
3   13   4   12   0.0388892120
3   13   5   11   0.0388891693
3   13   5   12   0.0000000874
3   13   6   10   0.0296225981
3   13   6   13   0.0000001004
3   13   6   14   -0.0161774516
3   13   7   10   0.0000000001
3   13   7   13   -0.0161854657
3   13   7   14   -0.0000001009
3   14   1   8   -0.0011513325
3   14   1   9   -0.0000000024
3   14   2   8   -0.0000000024
3   14   2   9   0.0011633387
3   14   3   10   0.0000054591
3   14   3   13   -0.0000000001
3   14   3   14   0.1665497656
3   14   4   11   0.0389174090
3   14   4   12   0.0000000876
3   14   5   11   0.0000000876
3   14   5   12   -0.0389073349
3   14   6   10   0.0000000001
3   14   6   13   -0.0161749941
3   14   6   14   -0.0000001007
3   14   7   10   0.0297011509
3   14   7   13   -0.0000001008
3   14   7   14   0.0162264364
4   8   1   11   0.0009184110
4   8   1   12   -0.0000000001
4   8   2   11   0.0000000001
4   8   2   12   -0.0003922469
4   8   4   8   0.1705274784
4   8   4   9   0.0000000007
4   8   5   8   -0.0000000007
4   8   5   9   -0.0053066328
4   9   1   11   0.0000000001
4   9   1   12   -0.0006416567
4   9   2   11   0.0019598727
4   9   2   12   0.0000000001
4   9   4   8   0.0000000007
4   9   4   9   0.1812380697
4   9   5   8   -0.0053899783
4   9   5   9   0.0000000007
4   10   3   11   0.0557127433
4   10   4   10   0.1673758041
4   10   4   13   -0.0000000499
4   10   4   14   0.0222205573
4   10   5   13   0.0221911863
4   10   5   14   0.0000000500
4   10   6   11   -0.0000000874
4   10   6   12   0.0388766355
4   10   7   11   0.0388984112
4   10   7   12   0.0000000875
4   11   1   8   0.0007262371
4   11   1   9   0.0000000001
4   11   2   8   0.0000000001
4   11   2   9   0.0016483774
4   11   3   10   0.0556715951
4   11   3   13   -0.0000000875
4   11   3   14   0.0389174090
4   11   4   11   0.1816395802
4   11   4   12   -0.0000000000
4   11   5   11   -0.0000000000
4   11   5   12   0.0168462665
4   11   6   10   -0.0000000875
4   11   6   13   0.0296085272
4   11   6   14   -0.0000000383
4   11   7   10   0.0389174090
4   11   7   13   -0.0000000383
4   11   7   14   0.0490264826
4   12   1   8   -0.0000000001
4   12   1   9   -0.0005613812
4   12   2   8   -0.0003482968
4   12   2   9   0.0000000000
4   12   3   10   -0.0000000000
4   12   3   13   0.0388892120
4   12   3   14   0.0000000876
4   12   4   11   -0.0000000000
4   12   4   12   0.1479220057
4   12   5   11   0.0168577429
4   12   5   12   -0.0000000000
4   12   6   10   0.0388891693
4   12   6   13   0.0000000383
4   12   6   14   -0.0253955798
4   12   7   10   0.0000000876
4   12   7   13   0.0060586886
4   12   7   14   -0.0000000385
4   13   3   11   -0.0000000874
4   13   3   12   0.0388766782
4   13   4   10   -0.0000000499
4   13   4   13   0.1525171605
4   13   4   14   -0.0000000475
4   13   5   10   0.0221911863
4   13   5   13   0.0000000474
4   13   5   14   -0.0119496508
4   13   6   11   0.0296460041
4   13   6   12   0.0000000383
4   13   7   11   -0.0000000383
4   13   7   12   0.0060672863
4   14   3   11   0.0388984112
4   14   3   12   0.0000000875
4   14   4   10   0.0222205573
4   14   4   13   -0.0000000475
4   14   4   14   0.1763914446
4   14   5   10   0.0000000500
4   14   5   13   -0.0119604409
4   14   5   14   -0.0000000475
4   14   6   11   -0.0000000383
4   14   6   12   -0.0253968463
4   14   7   11   0.0490279995
4   14   7   12   -0.0000000384
5   8   1   11   -0.0000000001
5   8   1   12   0.0019492907
5   8   2   11   -0.0006416567
5   8   2   12   -0.0000000000
5   8   4   8   -0.0000000007
5   8   4   9   -0.0053899783
5   8   5   8   0.1812156197
5   8   5   9   -0.0000000006
5   9   1   11   -0.0003922469
5   9   1   12   -0.0000000000
5   9   2   11   0.0000000001
5   9   2   12   0.0009229401
5   9   4   8   -0.0053066328
5   9   4   9   0.0000000007
5   9   5   8   -0.0000000006
5   9   5   9   0.1705329655
5   10   3   12   0.0557126556
5   10   4   13   0.0221911863
5   10   4   14   0.0000000500
5   10   5   10   0.1673757573
5   10   5   13   0.0000000499
5   10   5   14   -0.0222205288
5   10   6   11   0.0388766782
5   10   6   12   0.0000000874
5   10   7   11   0.0000000875
5   10   7   12   -0.0388983903
5   11   1   8   -0.0000000001
5   11   1   9   -0.0003482968
5   11   2   8   -0.0005613812
5   11   2   9   0.0000000000
5   11   3   10   -0.0000000000
5   11   3   13   0.0388891693
5   11   3   14   0.0000000876
5   11   4   11   -0.0000000000
5   11   4   12   0.0168577429
5   11   5   11   0.1479220057
5   11   5   12   -0.0000000000
5   11   6   10   0.0388892120
5   11   6   13   0.0000000383
5   11   6   14   0.0060586886
5   11   7   10   0.0000000876
5   11   7   13   -0.0253955798
5   11   7   14   -0.0000000385
5   12   1   8   0.0016267227
5   12   1   9   -0.0000000000
5   12   2   8   -0.0000000000
5   12   2   9   0.0007235081
5   12   3   10   0.0556599656
5   12   3   13   0.0000000874
5   12   3   14   -0.0389073349
5   12   4   11   0.0168462665
5   12   4   12   -0.0000000000
5   12   5   11   -0.0000000000
5   12   5   12   0.1816186278
5   12   6   10   0.0000000874
5   12   6   13   0.0489226638
5   12   6   14   0.0000000385
5   12   7   10   -0.0389073349
5   12   7   13   0.0000000385
5   12   7   14   0.0296535873
5   13   3   11   0.0388766355
5   13   3   12   0.0000000874
5   13   4   10   0.0221911863
5   13   4   13   0.0000000474
5   13   4   14   -0.0119604409
5   13   5   10   0.0000000499
5   13   5   13   0.1764063235
5   13   5   14   0.0000000474
5   13   6   11   0.0000000383
5   13   6   12   0.0489578633
5   13   7   11   -0.0253968463
5   13   7   12   0.0000000384
5   14   3   11   0.0000000875
5   14   3   12   -0.0388983903
5   14   4   10   0.0000000500
5   14   4   13   -0.0119496508
5   14   4   14   -0.0000000475
5   14   5   10   -0.0222205288
5   14   5   13   0.0000000474
5   14   5   14   0.1524604648
5   14   6   11   0.0060672863
5   14   6   12   0.0000000384
5   14   7   11   -0.0000000384
5   14   7   12   0.0296807310
6   8   1   10   0.0000000026
6   8   1   13   0.0032361684
6   8   1   14   0.0000000035
6   8   2   10   -0.0012108344
6   8   2   13   -0.0000000035
6   8   2   14   0.0010820089
6   8   3   8   0.0000000151
6   8   3   9   -0.0071042666
6   8   6   8   0.1777763848
6   8   6   9   -0.0000000178
6   8   7   8   0.0000000175
6   8   7   9   0.0045075182
6   9   1   10   -0.0012108348
6   9   1   13   -0.0000000035
6   9   1   14   0.0006407781
6   9   2   10   -0.0000000026
6   9   2   13   0.0015163340
6   9   2   14   -0.0000000035
6   9   3   8   -0.0071042670
6   9   3   9   -0.0000000151
6   9   6   8   -0.0000000178
6   9   6   9   0.1691026127
6   9   7   8   0.0041633004
6   9   7   9   -0.0000000180
6   10   1   8   0.0000000024
6   10   1   9   -0.0011607865
6   10   2   8   -0.0011607863
6   10   2   9   -0.0000000025
6   10   3   10   -0.0000000000
6   10   3   13   0.0296225981
6   10   3   14   0.0000000001
6   10   4   11   -0.0000000875
6   10   4   12   0.0388891693
6   10   5   11   0.0388892120
6   10   5   12   0.0000000874
6   10   6   10   0.1665996998
6   10   6   13   0.0000001004
6   10   6   14   -0.0161854657
6   10   7   10   -0.0000000001
6   10   7   13   -0.0161774516
6   10   7   14   -0.0000001009
6   11   3   11   -0.0000000499
6   11   3   12   0.0221911863
6   11   4   10   -0.0000000874
6   11   4   13   0.0296460041
6   11   4   14   -0.0000000383
6   11   5   10   0.0388766782
6   11   5   13   0.0000000383
6   11   5   14   0.0060672863
6   11   6   11   0.1525171605
6   11   6   12   0.0000000474
6   11   7   11   -0.0000000475
6   11   7   12   -0.0119496508
6   12   3   11   0.0221911863
6   12   3   12   0.0000000499
6   12   4   10   0.0388766355
6   12   4   13   0.0000000383
6   12   4   14   -0.0253968463
6   12   5   10   0.0000000874
6   12   5   13   0.0489578633
6   12   5   14   0.0000000384
6   12   6   11   0.0000000474
6   12   6   12   0.1764063235
6   12   7   11   -0.0119604409
6   12   7   12   0.0000000474
6   13   1   8   0.0029732857
6   13   1   9   -0.0000000034
6   13   2   8   -0.0000000034
6   13   2   9   0.0013231832
6   13   3   10   0.0295267131
6   13   3   13   0.0000001004
6   13   3   14   -0.0161749941
6   13   4   11   0.0296085272
6   13   4   12   0.0000000383
6   13   5   11   0.0000000383
6   13   5   12   0.0489226638
6   13   6   10   0.0000001004
6   13   6   13   0.1765082382
6   13   6   14   -0.0000000000
6   13   7   10   -0.0161749941
6   13   7   13   -0.0000000000
6   13   7   14   0.0117990042
6   14   1   8   0.0000000034
6   14   1   9   0.0006681828
6   14   2   8   0.0009891814
6   14   2   9   -0.0000000034
6   14   3   10   0.0000000001
6   14   3   13   -0.0161774516
6   14   3   14   -0.0000001007
6   14   4   11   -0.0000000383
6   14   4   12   -0.0253955798
6   14   5   11   0.0060586886
6   14   5   12   0.0000000385
6   14   6   10   -0.0161854657
6   14   6   13   -0.0000000000
6   14   6   14   0.1528217717
6   14   7   10   -0.0000001008
6   14   7   13   0.0118857360
6   14   7   14   0.0000000000
7   8   1   10   -0.0012058788
7   8   1   13   0.0000000035
7   8   1   14   0.0015001874
7   8   2   10   -0.0000000026
7   8   2   13   0.0006407781
7   8   2   14   0.0000000035
7   8   3   8   -0.0070995790
7   8   3   9   -0.0000000151
7   8   6   8   0.0000000175
7   8   6   9   0.0041633004
7   8   7   8   0.1688860085
7   8   7   9   0.0000000178
7   9   1   10   -0.0000000026
7   9   1   13   0.0010820089
7   9   1   14   0.0000000035
7   9   2   10   0.0012058808
7   9   2   13   -0.0000000035
7   9   2   14   0.0032259249
7   9   3   8   -0.0000000151
7   9   3   9   0.0070995730
7   9   6   8   0.0045075182
7   9   6   9   -0.0000000180
7   9   7   8   0.0000000178
7   9   7   9   0.1775538450
7   10   1   8   -0.0011513325
7   10   1   9   -0.0000000024
7   10   2   8   -0.0000000024
7   10   2   9   0.0011633387
7   10   3   10   0.0000054591
7   10   3   13   0.0000000001
7   10   3   14   0.0297011509
7   10   4   11   0.0389174090
7   10   4   12   0.0000000876
7   10   5   11   0.0000000876
7   10   5   12   -0.0389073349
7   10   6   10   -0.0000000001
7   10   6   13   -0.0161749941
7   10   6   14   -0.0000001008
7   10   7   10   0.1665497656
7   10   7   13   -0.0000001007
7   10   7   14   0.0162264364
7   11   3   11   0.0222205573
7   11   3   12   0.0000000500
7   11   4   10   0.0388984112
7   11   4   13   -0.0000000383
7   11   4   14   0.0490279995
7   11   5   10   0.0000000875
7   11   5   13   -0.0253968463
7   11   5   14   -0.0000000384
7   11   6   11   -0.0000000475
7   11   6   12   -0.0119604409
7   11   7   11   0.1763914446
7   11   7   12   -0.0000000475
7   12   3   11   0.0000000500
7   12   3   12   -0.0222205288
7   12   4   10   0.0000000875
7   12   4   13   0.0060672863
7   12   4   14   -0.0000000384
7   12   5   10   -0.0388983903
7   12   5   13   0.0000000384
7   12   5   14   0.0296807310
7   12   6   11   -0.0119496508
7   12   6   12   0.0000000474
7   12   7   11   -0.0000000475
7   12   7   12   0.1524604648
7   13   1   8   0.0000000034
7   13   1   9   0.0009891814
7   13   2   8   0.0006681828
7   13   2   9   -0.0000000034
7   13   3   10   0.0000000001
7   13   3   13   -0.0161854657
7   13   3   14   -0.0000001008
7   13   4   11   -0.0000000383
7   13   4   12   0.0060586886
7   13   5   11   -0.0253955798
7   13   5   12   0.0000000385
7   13   6   10   -0.0161774516
7   13   6   13   -0.0000000000
7   13   6   14   0.0118857360
7   13   7   10   -0.0000001007
7   13   7   13   0.1528217717
7   13   7   14   0.0000000000
7   14   1   8   0.0013214098
7   14   1   9   0.0000000035
7   14   2   8   0.0000000035
7   14   2   9   0.0029975388
7   14   3   10   0.0296293011
7   14   3   13   -0.0000001009
7   14   3   14   0.0162264364
7   14   4   11   0.0490264826
7   14   4   12   -0.0000000385
7   14   5   11   -0.0000000385
7   14   5   12   0.0296535873
7   14   6   10   -0.0000001009
7   14   6   13   0.0117990042
7   14   6   14   0.0000000000
7   14   7   10   0.0162264364
7   14   7   13   0.0000000000
7   14   7   14   0.1765321025

End ABCD Block
Begin AIJB Block
1   4   1   8   0.0042738253
1   4   1   9   0.0000000069
1   4   2   11   -0.0000000050
1   4   2   12   0.0030034910
1   4   3   11   -0.0010580720
1   4   3   12   0.0000000183
1   5   1   11   -0.0000000005
1   5   1   12   0.0006950905
1   5   2   8   0.0404099610
1   5   2   9   -0.0000000007
1   5   3   8   -0.0000000006
1   5   3   9   -0.0141601390
1   6   1   11   -0.0005666899
1   6   1   12   0.0000000047
1   6   2   8   -0.0000000006
1   6   2   9   0.0318902720
1   6   3   8   0.0581021247
1   6   3   9   0.0000000008
2   4   1   8   0.0000000069
2   4   1   9   0.0063524758
2   4   2   11   -0.0055303560
2   4   2   12   0.0000000031
2   4   3   11   -0.0000000103
2   4   3   12   0.0014550796
2   5   1   11   -0.0014195719
2   5   1   12   0.0000000018
2   5   2   8   -0.0000000007
2   5   2   9   0.0581627681
2   5   3   8   0.0318902720
2   5   3   9   0.0000000009
2   6   1   11   -0.0000000024
2   6   1   12   0.0001641604
2   6   2   8   -0.0141601390
2   6   2   9   0.0000000009
2   6   3   8   0.0000000008
2   6   3   9   0.0403946758
3   4   1   10   0.0061283934
3   4   1   13   -0.0000000144
3   4   1   14   0.0016561087
3   5   2   10   0.0020941287
3   5   2   13   -0.0000000023
3   5   2   14   0.0011420012
3   5   3   13   -0.0011410700
3   5   3   14   -0.0000000023
3   6   2   13   -0.0011410698
3   6   2   14   -0.0000000023
3   6   3   10   0.0020941258
3   6   3   13   0.0000000023
3   6   3   14   -0.0011419999
4   4   1   11   0.0067204060
4   4   1   12   -0.0000000102
4   4   2   8   -0.0000000005
4   4   2   9   -0.0014195719
4   4   3   8   -0.0005666899
4   4   3   9   -0.0000000024
4   5   1   8   -0.0000000050
4   5   1   9   -0.0055303560
4   5   2   11   0.0022316309
4   5   2   12   0.0000000002
4   5   3   11   0.0000000001
4   5   3   12   -0.0006652967
4   6   1   8   -0.0010580720
4   6   1   9   -0.0000000103
4   6   2   11   0.0000000001
4   6   2   12   -0.0009050962
4   6   3   11   0.0006741200
4   6   3   12   -0.0000000001
5   4   1   11   -0.0000000102
5   4   1   12   0.0035716820
5   4   2   8   0.0006950905
5   4   2   9   0.0000000018
5   4   3   8   0.0000000047
5   4   3   9   0.0001641604
5   5   1   8   0.0030034910
5   5   1   9   0.0000000031
5   5   2   11   0.0000000002
5   5   2   12   0.0006704234
5   5   3   11   -0.0009050962
5   5   3   12   -0.0000000002
5   6   1   8   0.0000000183
5   6   1   9   0.0014550796
5   6   2   11   -0.0006652967
5   6   2   12   -0.0000000002
5   6   3   11   -0.0000000001
5   6   3   12   0.0022537017
6   4   1   10   -0.0000000144
6   4   1   13   0.0025860945
6   4   1   14   0.0000000076
6   5   2   10   -0.0000000023
6   5   2   13   0.0012594146
6   5   2   14   -0.0000000037
6   5   3   10   -0.0011410698
6   5   3   13   -0.0000000037
6   5   3   14   0.0009612336
6   6   2   10   -0.0011410700
6   6   2   13   -0.0000000037
6   6   2   14   0.0008109069
6   6   3   10   0.0000000023
6   6   3   13   0.0030332632
6   6   3   14   0.0000000037
7   4   1   10   0.0016561087
7   4   1   13   0.0000000076
7   4   1   14   0.0086247766
7   5   2   10   0.0011420012
7   5   2   13   -0.0000000037
7   5   2   14   0.0030224886
7   5   3   10   -0.0000000023
7   5   3   13   0.0008109069
7   5   3   14   0.0000000037
7   6   2   10   -0.0000000023
7   6   2   13   0.0009612336
7   6   2   14   0.0000000037
7   6   3   10   -0.0011419999
7   6   3   13   0.0000000037
7   6   3   14   0.0012520603

1   4   4   1   -0.2621494783
1   4   4   2   -0.0000000195
1   4   5   4   0.0000000003
1   4   5   5   -0.0006787571
1   4   6   4   0.0002944740
1   4   6   5   -0.0000000036
1   5   4   4   0.0000000002
1   5   4   5   -0.0007687904
1   5   5   1   -0.2703717965
1   5   5   2   0.0000000011
1   5   6   1   0.0000000011
1   5   6   2   -0.0137762562
1   6   4   4   0.0003473122
1   6   4   5   -0.0000000039
1   6   5   1   0.0000000011
1   6   5   2   -0.0130184872
1   6   6   1   -0.2971654168
1   6   6   2   -0.0000000011
2   4   4   1   -0.0000000195
2   4   4   2   -0.2680297562
2   4   5   4   0.0010691711
2   4   5   5   -0.0000000009
2   4   6   4   0.0000000023
2   4   6   5   -0.0000971416
2   5   4   4   0.0011720665
2   5   4   5   -0.0000000010
2   5   5   1   0.0000000011
2   5   5   2   -0.2971676733
2   5   6   1   -0.0130184872
2   5   6   2   -0.0000000011
2   6   4   4   0.0000000026
2   6   4   5   -0.0000657229
2   6   5   1   -0.0137762562
2   6   5   2   -0.0000000011
2   6   6   1   -0.0000000011
2   6   6   2   -0.2703718283
3   4   4   3   -0.1955241331
3   4   4   6   0.0000000772
3   4   4   7   -0.0088405746
3   5   5   3   -0.1898318105
3   5   5   6   0.0000000204
3   5   5   7   -0.0100328683
3   5   6   6   0.0100280489
3   5   6   7   0.0000000205
3   6   5   6   0.0100280493
3   6   5   7   0.0000000205
3   6   6   3   -0.1898317888
3   6   6   6   -0.0000000204
3   6   6   7   0.0100328764
4   4   4   4   -0.1916392016
4   4   4   5   0.0000000418
4   4   5   1   0.0000000002
4   4   5   2   0.0011720665
4   4   6   1   0.0003473122
4   4   6   2   0.0000000026
4   5   4   1   0.0000000003
4   5   4   2   0.0010691711
4   5   5   4   -0.1867256611
4   5   5   5   -0.0000000018
4   5   6   4   -0.0000000017
4   5   6   5   0.0084199691
4   6   4   1   0.0002944740
4   6   4   2   0.0000000023
4   6   5   4   -0.0000000017
4   6   5   5   0.0083389416
4   6   6   4   -0.1699910447
4   6   6   5   0.0000000017
5   4   4   4   0.0000000418
5   4   4   5   -0.1787632222
5   4   5   1   -0.0007687904
5   4   5   2   -0.0000000010
5   4   6   1   -0.0000000039
5   4   6   2   -0.0000657229
5   5   4   1   -0.0006787571
5   5   4   2   -0.0000000009
5   5   5   4   -0.0000000018
5   5   5   5   -0.1699782882
5   5   6   4   0.0083389416
5   5   6   5   0.0000000019
5   6   4   1   -0.0000000036
5   6   4   2   -0.0000971416
5   6   5   4   0.0084199691
5   6   5   5   0.0000000019
5   6   6   4   0.0000000017
5   6   6   5   -0.1867615090
6   4   4   3   0.0000000772
6   4   4   6   -0.1776576593
6   4   4   7   -0.0000000122
6   5   5   3   0.0000000204
6   5   5   6   -0.1694011383
6   5   5   7   0.0000000246
6   5   6   3   0.0100280493
6   5   6   6   0.0000000243
6   5   6   7   -0.0056649202
6   6   5   3   0.0100280489
6   6   5   6   0.0000000243
6   6   5   7   -0.0059572681
6   6   6   3   -0.0000000204
6   6   6   6   -0.1810366140
6   6   6   7   -0.0000000240
7   4   4   3   -0.0088405746
7   4   4   6   -0.0000000122
7   4   4   7   -0.1873331509
7   5   5   3   -0.0100328683
7   5   5   6   0.0000000246
7   5   5   7   -0.1807883964
7   5   6   3   0.0000000205
7   5   6   6   -0.0059572681
7   5   6   7   -0.0000000242
7   6   5   3   0.0000000205
7   6   5   6   -0.0056649202
7   6   5   7   -0.0000000242
7   6   6   3   0.0100328764
7   6   6   6   -0.0000000240
7   6   6   7   -0.1691795466

End AIJB Block
Begin IJKA Block
1   4   1   10   -0.0024086472
1   4   1   13   0.0000000265
1   4   1   14   0.0209895810
1   5   2   10   0.0001640075
1   5   2   13   -0.0000000001
1   5   2   14   0.0013743441
1   5   3   10   -0.0000000005
1   5   3   13   -0.0000842501
1   5   3   14   0.0000000020
1   6   2   10   -0.0000000006
1   6   2   13   0.0006397832
1   6   2   14   0.0000000011
1   6   3   10   -0.0001670808
1   6   3   13   0.0000000029
1   6   3   14   0.0008125474
2   4   2   10   -0.0007624475
2   4   2   13   0.0000000200
2   4   2   14   0.0224213688
2   4   3   10   0.0000000027
2   4   3   13   0.0014376313
2   4   3   14   0.0000000065
2   5   1   10   -0.0000905548
2   5   1   13   0.0000000007
2   5   1   14   0.0010810889
2   6   1   10   0.0000000003
2   6   1   13   0.0005696874
2   6   1   14   -0.0000000001
3   4   2   10   0.0000000026
3   4   2   13   0.0010418857
3   4   2   14   0.0000000070
3   4   3   10   0.0008391372
3   4   3   13   0.0000000335
3   4   3   14   0.0199392939
3   5   1   10   0.0000000003
3   5   1   13   -0.0003829804
3   5   1   14   0.0000000011
3   6   1   10   0.0000905573
3   6   1   13   0.0000000017
3   6   1   14   0.0008868767

End IJKA Block
Begin IABC Block
1   8   1   10   -0.0010270237
1   8   1   13   -0.0000000000
1   8   1   14   0.0015560924
1   8   2   10   -0.0000000035
1   8   2   13   -0.0012818380
1   8   2   14   -0.0000000003
1   8   3   8   -0.0007066171
1   8   3   9   -0.0000000025
1   8   6   8   0.0000000236
1   8   6   9   -0.0002945503
1   8   7   8   0.0191740531
1   8   7   9   -0.0000000001
1   9   1   10   -0.0000000035
1   9   1   13   0.0006914119
1   9   1   14   -0.0000000028
1   9   2   10   0.0010225485
1   9   2   13   0.0000000032
1   9   2   14   0.0009566839
1   9   3   8   -0.0000000025
1   9   3   9   0.0007752507
1   9   6   8   0.0001119433
1   9   6   9   0.0000000246
1   9   7   8   -0.0000000006
1   9   7   9   0.0190290651
1   10   1   8   -0.0010086752
1   10   1   9   -0.0000000034
1   10   2   8   -0.0000000034
1   10   2   9   0.0009860093
1   10   3   10   0.0000183255
1   10   3   13   -0.0000000094
1   10   3   14   -0.0075071921
1   10   4   11   -0.0046931511
1   10   4   12   -0.0000000165
1   10   5   11   -0.0000000164
1   10   5   12   0.0046925218
1   10   6   10   0.0000000055
1   10   6   13   0.0035817415
1   10   6   14   0.0000000267
1   10   7   10   0.0042974354
1   10   7   13   0.0000000263
1   10   7   14   -0.0035228108
1   11   3   11   -0.0056344056
1   11   3   12   -0.0000000200
1   11   4   10   -0.0046548934
1   11   4   13   0.0000000032
1   11   4   14   -0.0075287735
1   11   5   10   -0.0000000164
1   11   5   13   0.0034296581
1   11   5   14   0.0000000085
1   11   6   11   0.0000000163
1   11   6   12   0.0023727145
1   11   7   11   0.0007364866
1   11   7   12   0.0000000121
1   12   3   11   -0.0000000198
1   12   3   12   0.0056783413
1   12   4   10   -0.0000000164
1   12   4   13   0.0005156791
1   12   4   14   0.0000000122
1   12   5   10   0.0046726569
1   12   5   13   -0.0000000173
1   12   5   14   -0.0035925463
1   12   6   11   0.0023379360
1   12   6   12   -0.0000000085
1   12   7   11   0.0000000121
1   12   7   12   0.0053808246
1   13   1   8   -0.0000000000
1   13   1   9   0.0005543014
1   13   2   8   -0.0011479898
1   13   2   9   0.0000000031
1   13   3   10   -0.0000000094
1   13   3   13   0.0048053928
1   13   3   14   0.0000000358
1   13   4   11   0.0000000033
1   13   4   12   0.0005109213
1   13   5   11   0.0033899314
1   13   5   12   -0.0000000172
1   13   6   10   0.0035654049
1   13   6   13   0.0000000007
1   13   6   14   -0.0022134446
1   13   7   10   0.0000000263
1   13   7   13   0.0049387754
1   13   7   14   -0.0000000027
1   14   1   8   0.0015320498
1   14   1   9   -0.0000000028
1   14   2   8   -0.0000000006
1   14   2   9   0.0009076232
1   14   3   10   -0.0074171251
1   14   3   13   0.0000000357
1   14   3   14   -0.0047506606
1   14   4   11   -0.0074394168
1   14   4   12   0.0000000119
1   14   5   11   0.0000000083
1   14   5   12   -0.0035714098
1   14   6   10   0.0000000266
1   14   6   13   -0.0022083838
1   14   6   14   0.0000000063
1   14   7   10   -0.0035014388
1   14   7   13   -0.0000000027
1   14   7   14   0.0006077866
2   8   3   11   0.0000000001
2   8   3   12   -0.0009670984
2   8   4   10   0.0000000001
2   8   4   13   -0.0006007471
2   8   4   14   -0.0000000013
2   8   5   10   -0.0008585537
2   8   5   13   -0.0000000014
2   8   5   14   0.0006218526
2   8   6   11   -0.0006312228
2   8   6   12   -0.0000000013
2   8   7   11   -0.0000000013
2   8   7   12   0.0005932779
2   9   3   11   -0.0009641898
2   9   3   12   -0.0000000001
2   9   4   10   -0.0008579132
2   9   4   13   0.0000000040
2   9   4   14   -0.0019289841
2   9   5   10   -0.0000000001
2   9   5   13   0.0007069974
2   9   5   14   0.0000000013
2   9   6   11   0.0000000039
2   9   6   12   0.0007057984
2   9   7   11   -0.0019309162
2   9   7   12   0.0000000013
2   10   1   11   0.0000000025
2   10   1   12   -0.0261511844
2   10   2   11   -0.0261408692
2   10   2   12   -0.0000000025
2   10   4   8   0.0000000001
2   10   4   9   -0.0009954055
2   10   5   8   -0.0009884524
2   10   5   9   -0.0000000002
2   11   1   10   0.0000000025
2   11   1   13   -0.0171415960
2   11   1   14   -0.0000000366
2   11   2   10   -0.0260820843
2   11   2   13   0.0000000503
2   11   2   14   -0.0238301711
2   11   3   8   0.0000000001
2   11   3   9   -0.0011557616
2   11   6   8   -0.0007267922
2   11   6   9   0.0000000043
2   11   7   8   -0.0000000015
2   11   7   9   -0.0021433382
2   12   1   10   -0.0260848752
2   12   1   13   -0.0000000356
2   12   1   14   0.0162987624
2   12   2   10   -0.0000000024
2   12   2   13   -0.0095826862
2   12   2   14   -0.0000000220
2   12   3   8   -0.0011458211
2   12   3   9   -0.0000000002
2   12   6   8   -0.0000000014
2   12   6   9   0.0007442403
2   12   7   8   0.0006618577
2   12   7   9   0.0000000014
2   13   1   11   -0.0171804818
2   13   1   12   -0.0000000356
2   13   2   11   0.0000000504
2   13   2   12   -0.0095795059
2   13   4   8   -0.0007146972
2   13   4   9   0.0000000044
2   13   5   8   -0.0000000015
2   13   5   9   0.0007739923
2   14   1   11   -0.0000000366
2   14   1   12   0.0163196886
2   14   2   11   -0.0238905518
2   14   2   12   -0.0000000220
2   14   4   8   -0.0000000015
2   14   4   9   -0.0021733495
2   14   5   8   0.0006772810
2   14   5   9   0.0000000015
3   8   3   11   0.0009678600
3   8   3   12   0.0000000001
3   8   4   10   0.0008600351
3   8   4   13   0.0000000013
3   8   4   14   -0.0007031024
3   8   5   10   0.0000000001
3   8   5   13   0.0019376005
3   8   5   14   0.0000000039
3   8   6   11   0.0000000013
3   8   6   12   0.0019314076
3   8   7   11   -0.0007002067
3   8   7   12   0.0000000039
3   9   3   11   0.0000000001
3   9   3   12   -0.0009707724
3   9   4   10   0.0000000001
3   9   4   13   -0.0006310858
3   9   4   14   -0.0000000014
3   9   5   10   -0.0008606794
3   9   5   13   -0.0000000012
3   9   5   14   0.0006027966
3   9   6   11   -0.0005973448
3   9   6   12   -0.0000000013
3   9   7   11   -0.0000000013
3   9   7   12   0.0006344710
3   10   1   11   0.0261479638
3   10   1   12   0.0000000025
3   10   2   11   0.0000000025
3   10   2   12   -0.0261538757
3   10   4   8   0.0009690414
3   10   4   9   0.0000000001
3   10   5   8   0.0000000000
3   10   5   9   -0.0009845503
3   11   1   10   0.0260939500
3   11   1   13   -0.0000000218
3   11   1   14   0.0096054183
3   11   2   10   0.0000000025
3   11   2   13   -0.0163198400
3   11   2   14   -0.0000000354
3   11   3   8   0.0011331060
3   11   3   9   0.0000000001
3   11   6   8   0.0000000013
3   11   6   9   -0.0006549775
3   11   7   8   -0.0007475902
3   11   7   9   -0.0000000015
3   12   1   10   0.0000000025
3   12   1   13   0.0238863963
3   12   1   14   0.0000000501
3   12   2   10   -0.0260911130
3   12   2   13   -0.0000000366
3   12   2   14   0.0171444660
3   12   3   8   0.0000000000
3   12   3   9   -0.0011430441
3   12   6   8   0.0021204673
3   12   6   9   -0.0000000015
3   12   7   8   0.0000000044
3   12   7   9   0.0007283455
3   13   1   11   -0.0000000219
3   13   1   12   0.0239513714
3   13   2   11   -0.0163507331
3   13   2   12   -0.0000000367
3   13   4   8   0.0000000014
3   13   4   9   -0.0006798751
3   13   5   8   0.0021571664
3   13   5   9   -0.0000000014
3   14   1   11   0.0096020239
3   14   1   12   0.0000000502
3   14   2   11   -0.0000000355
3   14   2   12   0.0171725425
3   14   4   8   -0.0007747418
3   14   4   9   -0.0000000016
3   14   5   8   0.0000000044
3   14   5   9   0.0007099256

End IABC Block
