Begin IJ Block
1   1   -2.8353361022
2   2   -2.6730603542
3   3   -2.6730603542

End IJ Block
Begin IA Block
1   3   -0.0000000000
2   1   0.0000000000
2   2   0.0000000000
3   1   0.0000000000
3   2   -0.0000000000

End IA Block
Begin AB Block
1   1   -2.5082964887
2   2   -2.5082964887
3   3   -2.3562927292

End AB Block
Begin IJKL Block
1   4   1   4   0.5168215256
1   4   2   5   0.0199128537
1   4   3   6   0.0199128537
1   5   1   5   0.4514816818
1   5   2   4   0.0199128537
1   6   1   6   0.4514816818
1   6   3   4   0.0199128537
2   4   1   5   0.0199128537
2   4   2   4   0.4514816818
2   5   1   4   0.0199128537
2   5   2   5   0.4724309033
2   5   3   6   0.0173004698
2   6   2   6   0.4378299637
2   6   3   5   0.0173004698
3   4   1   6   0.0199128537
3   4   3   4   0.4514816818
3   5   2   6   0.0173004698
3   5   3   5   0.4378299637
3   6   1   4   0.0199128537
3   6   2   5   0.0173004698
3   6   3   6   0.4724309033

End IJKL Block
Begin IJAB Block
1   4   1   4   0.0225091423
1   4   2   5   0.0225091423
1   4   3   6   0.1245167121
1   5   1   6   -0.0005401375
1   5   2   6   -0.0056881938
1   5   3   4   -0.0112103710
1   5   3   5   -0.1180565476
1   6   1   6   -0.0056881938
1   6   2   6   0.0005401375
1   6   3   4   -0.1180565476
1   6   3   5   0.0112103710
2   4   1   6   -0.0112103710
2   4   2   6   -0.1180565476
2   4   3   4   -0.0005401375
2   4   3   5   -0.0056881938
2   5   1   4   0.0162271087
2   5   1   5   0.0151782069
2   5   2   4   0.0151782069
2   5   2   5   0.1746276954
2   5   3   6   0.0214596288
2   6   1   4   0.0151782069
2   6   1   5   0.0133445353
2   6   2   4   0.1450560513
2   6   2   5   -0.0151782069
3   4   1   6   -0.1180565476
3   4   2   6   0.0112103710
3   4   3   4   -0.0056881938
3   4   3   5   0.0005401375
3   5   1   4   0.0151782069
3   5   1   5   0.1450560513
3   5   2   4   0.0133445353
3   5   2   5   -0.0151782069
3   6   1   4   0.1746276954
3   6   1   5   -0.0151782069
3   6   2   4   -0.0151782069
3   6   2   5   0.0162271087
3   6   3   6   0.0214596288

End IJAB Block
Begin ABCD Block
1   4   1   4   0.4661032319
1   4   2   5   0.0176681290
1   4   3   6   0.0224958233
1   5   1   5   0.4307669739
1   5   2   4   0.0176681290
1   6   1   6   0.4333072153
1   6   3   4   0.0224958233
2   4   1   5   0.0176681290
2   4   2   4   0.4307669739
2   5   1   4   0.0176681290
2   5   2   5   0.4661032319
2   5   3   6   0.0224958233
2   6   2   6   0.4333072153
2   6   3   5   0.0224958233
3   4   1   6   0.0224958233
3   4   3   4   0.4333072153
3   5   2   6   0.0224958233
3   5   3   5   0.4333072153
3   6   1   4   0.0224958233
3   6   2   5   0.0224958233
3   6   3   6   0.4720466664

End ABCD Block
Begin AIJB Block
1   4   1   4   0.0225091423
1   4   2   6   -0.0112103710
1   4   3   6   -0.1180565476
1   5   1   6   -0.0005401375
1   5   2   4   0.0162271087
1   5   2   5   0.0151782069
1   5   3   4   0.0151782069
1   5   3   5   0.1450560513
1   6   1   6   -0.0056881938
1   6   2   4   0.0151782069
1   6   2   5   0.0133445353
1   6   3   4   0.1746276954
1   6   3   5   -0.0151782069
2   4   1   5   0.0225091423
2   4   2   6   -0.1180565476
2   4   3   6   0.0112103710
2   5   1   6   -0.0056881938
2   5   2   4   0.0151782069
2   5   2   5   0.1746276954
2   5   3   4   0.0133445353
2   5   3   5   -0.0151782069
2   6   1   6   0.0005401375
2   6   2   4   0.1450560513
2   6   2   5   -0.0151782069
2   6   3   4   -0.0151782069
2   6   3   5   0.0162271087
3   4   1   6   0.1245167121
3   4   2   4   -0.0005401375
3   4   2   5   -0.0056881938
3   4   3   4   -0.0056881938
3   4   3   5   0.0005401375
3   5   1   4   -0.0112103710
3   5   1   5   -0.1180565476
3   5   2   6   0.0214596288
3   6   1   4   -0.1180565476
3   6   1   5   0.0112103710
3   6   3   6   0.0214596288

1   4   4   1   -0.4519814953
1   4   5   3   0.0010391421
1   4   6   3   0.0109432180
1   5   4   3   0.0010391421
1   5   5   1   -0.4306503729
1   5   5   2   -0.0031252665
1   5   6   1   -0.0031252665
1   5   6   2   -0.0163077251
1   6   4   3   0.0109432180
1   6   5   1   -0.0031252665
1   6   5   2   -0.0163077251
1   6   6   1   -0.4632658232
1   6   6   2   0.0031252665
2   4   4   2   -0.4519814953
2   4   5   3   0.0109432180
2   4   6   3   -0.0010391421
2   5   4   3   0.0109432180
2   5   5   1   -0.0031252665
2   5   5   2   -0.4632658232
2   5   6   1   -0.0163077251
2   5   6   2   0.0031252665
2   6   4   3   -0.0010391421
2   6   5   1   -0.0163077251
2   6   5   2   0.0031252665
2   6   6   1   0.0031252665
2   6   6   2   -0.4306503729
3   4   4   3   -0.4747166022
3   4   5   1   0.0010391421
3   4   5   2   0.0109432180
3   4   6   1   0.0109432180
3   4   6   2   -0.0010391421
3   5   4   1   0.0010391421
3   5   4   2   0.0109432180
3   5   5   3   -0.4397229729
3   6   4   1   0.0109432180
3   6   4   2   -0.0010391421
3   6   6   3   -0.4397229729

End AIJB Block
Begin IJKA Block
1   5   2   6   0.0000000000
1   6   3   6   0.0000000000
2   4   2   6   0.0000000000
2   5   1   6   0.0000000000
2   5   2   4   -0.0000000000
2   5   2   5   -0.0000000000
2   6   2   4   -0.0000000000
2   6   2   5   0.0000000000
3   4   3   6   0.0000000000
3   5   3   4   -0.0000000000
3   5   3   5   -0.0000000000
3   6   1   6   0.0000000000
3   6   3   4   -0.0000000000
3   6   3   5   0.0000000000

End IJKA Block
Begin IABC Block
1   4   3   4   -0.0000000000
1   5   3   5   -0.0000000000
2   4   2   4   0.0000000000
2   5   2   5   0.0000000000
2   6   2   6   0.0000000000
3   4   1   4   0.0000000000
3   5   1   5   0.0000000000
3   6   1   6   0.0000000000

End IABC Block
