Begin IJ Block
1   1   -5.3082959717
1   2   0.0000000000
1   3   0.3606624135
2   2   -4.8047862704
2   3   0.0000000000
3   3   -4.6184334097
4   4   -4.4388728464
5   5   -4.4388728464

End IJ Block
Begin IA Block
1   3   0.0000000000
2   3   -0.4162507604
3   3   -0.0000000000
4   1   0.0000000000
4   2   0.0000000000
5   1   -0.0000000000
5   2   0.0000000000

End IA Block
Begin AB Block
1   1   -4.2625611217
2   2   -4.2625611217
3   3   -4.1293352668

End AB Block
Begin IJKL Block
1   6   1   6   0.5624030216
1   6   1   7   -0.0000000000
1   6   1   8   -0.0801300321
1   6   2   6   -0.0000000000
1   6   2   7   0.1538888277
1   6   2   8   -0.0000000000
1   6   3   6   -0.0801300321
1   6   3   7   -0.0000000000
1   6   3   8   0.0842455379
1   6   4   9   0.0750244661
1   6   5   10   0.0750244661
1   7   1   6   -0.0000000000
1   7   1   7   0.4855624648
1   7   1   8   -0.0000000000
1   7   2   6   0.1538888277
1   7   2   7   0.0000000000
1   7   2   8   0.1102778391
1   7   3   6   -0.0000000000
1   7   3   7   0.0067427972
1   8   1   6   -0.0801300321
1   8   1   7   -0.0000000000
1   8   1   8   0.5057736836
1   8   2   6   -0.0000000000
1   8   2   7   0.1102778391
1   8   3   6   0.0842455379
1   8   3   8   -0.0220271239
1   8   4   9   0.0014101294
1   8   5   10   0.0014101294
1   9   1   9   0.4924356961
1   9   2   9   -0.0000000000
1   9   3   9   -0.0397231885
1   9   4   6   0.0750244661
1   9   4   8   0.0014101294
1   10   1   10   0.4924356961
1   10   2   10   -0.0000000000
1   10   3   10   -0.0397231885
1   10   5   6   0.0750244661
1   10   5   8   0.0014101294
2   6   1   6   -0.0000000000
2   6   1   7   0.1538888277
2   6   1   8   -0.0000000000
2   6   2   6   0.4855624648
2   6   2   7   0.0000000000
2   6   2   8   0.0067427972
2   6   3   6   -0.0000000000
2   6   3   7   0.1102778391
2   7   1   6   0.1538888277
2   7   1   7   0.0000000000
2   7   1   8   0.1102778391
2   7   2   6   0.0000000000
2   7   2   7   0.4992995673
2   7   3   6   0.1102778391
2   7   3   8   0.1295094737
2   7   4   9   0.0530779070
2   7   5   10   0.0530779070
2   8   1   6   -0.0000000000
2   8   1   7   0.1102778391
2   8   2   6   0.0067427972
2   8   2   8   0.4926524760
2   8   3   7   0.1295094737
2   9   1   9   -0.0000000000
2   9   2   9   0.4545217365
2   9   3   9   -0.0000000000
2   9   4   7   0.0530779070
2   10   1   10   -0.0000000000
2   10   2   10   0.4545217365
2   10   3   10   -0.0000000000
2   10   5   7   0.0530779070
3   6   1   6   -0.0801300321
3   6   1   7   -0.0000000000
3   6   1   8   0.0842455379
3   6   2   6   -0.0000000000
3   6   2   7   0.1102778391
3   6   3   6   0.5057736836
3   6   3   8   -0.0220271239
3   6   4   9   0.0014101294
3   6   5   10   0.0014101294
3   7   1   6   -0.0000000000
3   7   1   7   0.0067427972
3   7   2   6   0.1102778391
3   7   2   8   0.1295094737
3   7   3   7   0.4926524760
3   8   1   6   0.0842455379
3   8   1   8   -0.0220271239
3   8   2   7   0.1295094737
3   8   3   6   -0.0220271239
3   8   3   8   0.5168215256
3   8   4   9   0.0199128537
3   8   5   10   0.0199128537
3   9   1   9   -0.0397231885
3   9   2   9   -0.0000000000
3   9   3   9   0.4514816818
3   9   4   6   0.0014101294
3   9   4   8   0.0199128537
3   10   1   10   -0.0397231885
3   10   2   10   -0.0000000000
3   10   3   10   0.4514816818
3   10   5   6   0.0014101294
3   10   5   8   0.0199128537
4   6   1   9   0.0750244661
4   6   3   9   0.0014101294
4   6   4   6   0.4924356961
4   6   4   7   -0.0000000000
4   6   4   8   -0.0397231885
4   7   2   9   0.0530779070
4   7   4   6   -0.0000000000
4   7   4   7   0.4545217365
4   7   4   8   -0.0000000000
4   8   1   9   0.0014101294
4   8   3   9   0.0199128537
4   8   4   6   -0.0397231885
4   8   4   7   -0.0000000000
4   8   4   8   0.4514816818
4   9   1   6   0.0750244661
4   9   1   8   0.0014101294
4   9   2   7   0.0530779070
4   9   3   6   0.0014101294
4   9   3   8   0.0199128537
4   9   4   9   0.4724309033
4   9   5   10   0.0173004698
4   10   4   10   0.4378299637
4   10   5   9   0.0173004698
5   6   1   10   0.0750244661
5   6   3   10   0.0014101294
5   6   5   6   0.4924356961
5   6   5   7   -0.0000000000
5   6   5   8   -0.0397231885
5   7   2   10   0.0530779070
5   7   5   6   -0.0000000000
5   7   5   7   0.4545217365
5   7   5   8   -0.0000000000
5   8   1   10   0.0014101294
5   8   3   10   0.0199128537
5   8   5   6   -0.0397231885
5   8   5   7   -0.0000000000
5   8   5   8   0.4514816818
5   9   4   10   0.0173004698
5   9   5   9   0.4378299637
5   10   1   6   0.0750244661
5   10   1   8   0.0014101294
5   10   2   7   0.0530779070
5   10   3   6   0.0014101294
5   10   3   8   0.0199128537
5   10   4   9   0.0173004698
5   10   5   10   0.4724309033

End IJKL Block
Begin IJAB Block
1   6   1   4   0.0502964788
1   6   2   5   0.0502964788
1   6   3   6   0.0733110687
1   8   1   4   0.0179296355
1   8   2   5   0.0179296355
1   8   3   6   -0.0484638453
1   9   1   6   0.0216560632
1   9   2   6   0.0048937015
1   9   3   4   0.0622425105
1   9   3   5   0.0140651726
1   10   1   6   -0.0048937015
1   10   2   6   0.0216560632
1   10   3   4   -0.0140651726
1   10   3   5   0.0622425105
2   7   1   4   0.0728851758
2   7   2   5   0.0728851758
2   7   3   6   0.0551262194
2   9   3   4   0.0000000000
2   10   3   5   0.0000000000
3   6   1   4   0.0179296355
3   6   2   5   0.0179296355
3   6   3   6   -0.0484638453
3   8   1   4   0.0225091423
3   8   2   5   0.0225091423
3   8   3   6   0.1245167121
3   9   1   6   -0.0055732562
3   9   2   6   -0.0012594095
3   9   3   4   -0.1156710567
3   9   3   5   -0.0261386207
3   10   1   6   0.0012594095
3   10   2   6   -0.0055732562
3   10   3   4   0.0261386207
3   10   3   5   -0.1156710567
4   6   1   6   0.0622425105
4   6   2   6   0.0140651726
4   6   3   4   0.0216560632
4   6   3   5   0.0048937015
4   7   1   6   0.0000000000
4   8   1   6   -0.1156710567
4   8   2   6   -0.0261386207
4   8   3   4   -0.0055732562
4   8   3   5   -0.0012594095
4   9   1   4   0.1682333192
4   9   1   5   0.0346751041
4   9   2   4   0.0346751041
4   9   2   5   0.0226214848
4   9   3   6   0.0214596288
4   10   1   4   -0.0346751041
4   10   1   5   0.1386616752
4   10   2   4   0.0069501592
4   10   2   5   0.0346751041
5   6   1   6   -0.0140651726
5   6   2   6   0.0622425105
5   6   3   4   -0.0048937015
5   6   3   5   0.0216560632
5   7   2   6   0.0000000000
5   8   1   6   0.0261386207
5   8   2   6   -0.1156710567
5   8   3   4   0.0012594095
5   8   3   5   -0.0055732562
5   9   1   4   -0.0346751041
5   9   1   5   0.0069501592
5   9   2   4   0.1386616752
5   9   2   5   0.0346751041
5   10   1   4   0.0226214848
5   10   1   5   -0.0346751041
5   10   2   4   -0.0346751041
5   10   2   5   0.1682333192
5   10   3   6   0.0214596288

End IJAB Block
Begin ABCD Block
1   4   1   4   0.4661032319
1   4   2   5   0.0176681290
1   4   3   6   0.0224958233
1   5   1   5   0.4307669739
1   5   2   4   0.0176681290
1   6   1   6   0.4333072153
1   6   3   4   0.0224958233
2   4   1   5   0.0176681290
2   4   2   4   0.4307669739
2   5   1   4   0.0176681290
2   5   2   5   0.4661032319
2   5   3   6   0.0224958233
2   6   2   6   0.4333072153
2   6   3   5   0.0224958233
3   4   1   6   0.0224958233
3   4   3   4   0.4333072153
3   5   2   6   0.0224958233
3   5   3   5   0.4333072153
3   6   1   4   0.0224958233
3   6   2   5   0.0224958233
3   6   3   6   0.4720466664

End ABCD Block
Begin AIJB Block
1   6   1   4   0.0502964788
1   6   3   4   0.0179296355
1   6   4   6   0.0622425105
1   6   5   6   -0.0140651726
1   7   2   4   0.0728851758
1   7   4   6   0.0000000000
1   8   1   4   0.0179296355
1   8   3   4   0.0225091423
1   8   4   6   -0.1156710567
1   8   5   6   0.0261386207
1   9   1   6   0.0216560632
1   9   3   6   -0.0055732562
1   9   4   4   0.1682333192
1   9   4   5   0.0346751041
1   9   5   4   -0.0346751041
1   9   5   5   0.0069501592
1   10   1   6   -0.0048937015
1   10   3   6   0.0012594095
1   10   4   4   -0.0346751041
1   10   4   5   0.1386616752
1   10   5   4   0.0226214848
1   10   5   5   -0.0346751041
2   6   1   5   0.0502964788
2   6   3   5   0.0179296355
2   6   4   6   0.0140651726
2   6   5   6   0.0622425105
2   7   2   5   0.0728851758
2   7   5   6   0.0000000000
2   8   1   5   0.0179296355
2   8   3   5   0.0225091423
2   8   4   6   -0.0261386207
2   8   5   6   -0.1156710567
2   9   1   6   0.0048937015
2   9   3   6   -0.0012594095
2   9   4   4   0.0346751041
2   9   4   5   0.0226214848
2   9   5   4   0.1386616752
2   9   5   5   0.0346751041
2   10   1   6   0.0216560632
2   10   3   6   -0.0055732562
2   10   4   4   0.0069501592
2   10   4   5   0.0346751041
2   10   5   4   -0.0346751041
2   10   5   5   0.1682333192
3   6   1   6   0.0733110687
3   6   3   6   -0.0484638453
3   6   4   4   0.0216560632
3   6   4   5   0.0048937015
3   6   5   4   -0.0048937015
3   6   5   5   0.0216560632
3   7   2   6   0.0551262194
3   8   1   6   -0.0484638453
3   8   3   6   0.1245167121
3   8   4   4   -0.0055732562
3   8   4   5   -0.0012594095
3   8   5   4   0.0012594095
3   8   5   5   -0.0055732562
3   9   1   4   0.0622425105
3   9   1   5   0.0140651726
3   9   2   4   0.0000000000
3   9   3   4   -0.1156710567
3   9   3   5   -0.0261386207
3   9   4   6   0.0214596288
3   10   1   4   -0.0140651726
3   10   1   5   0.0622425105
3   10   2   5   0.0000000000
3   10   3   4   0.0261386207
3   10   3   5   -0.1156710567
3   10   5   6   0.0214596288

1   6   6   1   -0.4760320500
1   6   7   1   -0.0000000000
1   6   8   1   0.0169411267
1   6   9   3   -0.0283086735
1   6   10   3   0.0063970167
1   7   6   1   -0.0000000000
1   7   7   1   -0.4626910938
1   8   6   1   0.0169411267
1   8   8   1   -0.4519814953
1   8   9   3   0.0107220956
1   8   10   3   -0.0024229120
1   9   6   3   -0.0283086735
1   9   8   3   0.0107220956
1   9   9   1   -0.4619491901
1   9   9   2   -0.0071397724
1   9   10   1   0.0071397724
1   9   10   2   -0.0149910920
1   10   6   3   0.0063970167
1   10   8   3   -0.0024229120
1   10   9   1   0.0071397724
1   10   9   2   -0.0149910920
1   10   10   1   -0.4319670060
1   10   10   2   0.0071397724
2   6   6   2   -0.4760320500
2   6   7   2   -0.0000000000
2   6   8   2   0.0169411267
2   6   9   3   -0.0063970167
2   6   10   3   -0.0283086735
2   7   6   2   -0.0000000000
2   7   7   2   -0.4626910938
2   8   6   2   0.0169411267
2   8   8   2   -0.4519814953
2   8   9   3   0.0024229120
2   8   10   3   0.0107220956
2   9   6   3   -0.0063970167
2   9   8   3   0.0024229120
2   9   9   1   -0.0071397724
2   9   9   2   -0.4319670060
2   9   10   1   -0.0149910920
2   9   10   2   -0.0071397724
2   10   6   3   -0.0283086735
2   10   8   3   0.0107220956
2   10   9   1   -0.0149910920
2   10   9   2   -0.0071397724
2   10   10   1   0.0071397724
2   10   10   2   -0.4619491901
3   6   6   3   -0.4985703575
3   6   7   3   -0.0000000000
3   6   8   3   0.0529091957
3   6   9   1   -0.0283086735
3   6   9   2   -0.0063970167
3   6   10   1   0.0063970167
3   6   10   2   -0.0283086735
3   7   6   3   -0.0000000000
3   7   7   3   -0.4521695553
3   8   6   3   0.0529091957
3   8   8   3   -0.4747166022
3   8   9   1   0.0107220956
3   8   9   2   0.0024229120
3   8   10   1   -0.0024229120
3   8   10   2   0.0107220956
3   9   6   1   -0.0283086735
3   9   6   2   -0.0063970167
3   9   8   1   0.0107220956
3   9   8   2   0.0024229120
3   9   9   3   -0.4397229729
3   10   6   1   0.0063970167
3   10   6   2   -0.0283086735
3   10   8   1   -0.0024229120
3   10   8   2   0.0107220956
3   10   10   3   -0.4397229729

End AIJB Block
Begin IJKA Block
1   6   1   6   -0.0000000000
1   6   2   6   0.0605882559
1   6   3   6   0.0000000000
1   6   4   4   -0.0000000000
1   6   5   5   -0.0000000000
1   7   1   6   0.0759121118
1   7   2   6   0.0000000000
1   7   3   6   -0.0573824638
1   7   4   4   0.0661600881
1   7   4   5   0.0149504422
1   7   5   4   -0.0149504422
1   7   5   5   0.0661600881
1   8   1   6   0.0000000000
1   8   2   6   -0.1249844256
1   9   1   4   -0.0000000000
1   9   2   4   0.1506687784
1   9   2   5   0.0340471866
1   10   1   5   -0.0000000000
1   10   2   4   -0.0340471866
1   10   2   5   0.1506687784
2   6   1   6   0.0605882559
2   6   2   6   0.0000000000
2   6   3   6   -0.0053633471
2   6   4   4   0.0497266795
2   6   4   5   0.0112369235
2   6   5   4   -0.0112369235
2   6   5   5   0.0497266795
2   7   1   6   0.0000000000
2   7   2   6   0.0155350725
2   8   1   6   -0.1249844256
2   8   2   6   -0.0000000000
2   8   3   6   -0.0961373435
2   8   4   4   0.0222738670
2   8   4   5   0.0050333089
2   8   5   4   -0.0050333089
2   8   5   5   0.0222738670
2   9   1   4   0.1506687784
2   9   1   5   0.0340471866
2   9   2   4   0.0000000000
2   9   3   4   0.1027915193
2   9   3   5   0.0232281836
2   9   4   6   0.0186366836
2   10   1   4   -0.0340471866
2   10   1   5   0.1506687784
2   10   2   5   0.0000000000
2   10   3   4   -0.0232281836
2   10   3   5   0.1027915193
2   10   5   6   0.0186366836
3   6   1   6   0.0000000000
3   6   2   6   -0.0053633471
3   7   1   6   -0.0573824638
3   7   3   6   0.0181047777
3   7   4   4   0.0157547055
3   7   4   5   0.0035601496
3   7   5   4   -0.0035601496
3   7   5   5   0.0157547055
3   8   2   6   -0.0961373435
3   9   2   4   0.1027915193
3   9   2   5   0.0232281836
3   10   2   4   -0.0232281836
3   10   2   5   0.1027915193
4   6   1   4   -0.0000000000
4   6   2   4   0.0497266795
4   6   2   5   0.0112369235
4   6   4   6   -0.0000000000
4   7   1   4   0.0661600881
4   7   1   5   0.0149504422
4   7   3   4   0.0157547055
4   7   3   5   0.0035601496
4   7   4   6   0.0536015472
4   8   2   4   0.0222738670
4   8   2   5   0.0050333089
4   8   4   6   0.0000000000
4   9   2   6   0.0186366836
4   9   4   4   -0.0000000000
4   10   4   5   -0.0000000000
5   6   1   5   -0.0000000000
5   6   2   4   -0.0112369235
5   6   2   5   0.0497266795
5   6   5   6   -0.0000000000
5   7   1   4   -0.0149504422
5   7   1   5   0.0661600881
5   7   3   4   -0.0035601496
5   7   3   5   0.0157547055
5   7   5   6   0.0536015472
5   8   2   4   -0.0050333089
5   8   2   5   0.0222738670
5   8   5   6   0.0000000000
5   9   5   4   -0.0000000000
5   10   2   6   0.0186366836
5   10   5   5   -0.0000000000

End IJKA Block
Begin IABC Block
2   4   1   6   0.0186020571
2   4   3   4   0.0391967747
2   5   2   6   0.0186020571
2   5   3   5   0.0391967747
2   6   1   4   0.0186020571
2   6   2   5   0.0186020571
2   6   3   6   0.0477391728
4   4   1   4   0.0000000000
5   5   2   5   0.0000000000

End IABC Block
