Begin IJ Block
1   1   -1.9063991597
2   2   -1.7732242397
2   3   0.0000000080
3   3   -1.7676352214

End IJ Block
Begin IA Block
1   3   -0.0024002574

End IA Block
Begin AB Block
1   1   -1.3835203001
1   2   0.0000000149
2   2   -1.3932444075
3   3   -0.9472887244

End AB Block
Begin IJKL Block
1   4   1   4   0.2912663091
1   4   2   5   0.0028100337
1   4   2   6   0.0000000022
1   4   3   5   0.0000000022
1   4   3   6   0.0043452960
1   5   1   5   0.2730485537
1   5   1   6   -0.0000000031
1   5   2   4   0.0043899866
1   5   3   4   0.0000000018
1   6   1   5   -0.0000000031
1   6   1   6   0.2708832296
1   6   2   4   0.0000000018
1   6   3   4   0.0056482341
2   4   1   5   0.0043899866
2   4   1   6   0.0000000018
2   4   2   4   0.2730485537
2   4   3   4   -0.0000000031
2   5   1   4   0.0028100337
2   5   2   5   0.3139731320
2   5   3   6   0.0199769513
2   6   1   4   0.0000000022
2   6   2   6   0.2722714371
2   6   3   5   0.0217247645
3   4   1   5   0.0000000018
3   4   1   6   0.0056482341
3   4   2   4   -0.0000000031
3   4   3   4   0.2708832296
3   5   1   4   0.0000000022
3   5   2   6   0.0217247645
3   5   3   5   0.2722714371
3   6   1   4   0.0043452960
3   6   2   5   0.0199769513
3   6   3   6   0.3139731297

End IJKL Block
Begin IJAB Block
1   4   1   4   0.0035698481
1   4   1   5   -0.0000000018
1   4   2   4   -0.0000000018
1   4   2   5   0.0047275570
1   4   3   6   0.0071974754
2   5   1   4   0.0337290312
2   5   1   5   -0.0000000029
2   5   2   4   -0.0000000029
2   5   2   5   0.0597130596
2   5   3   6   0.0018774019
2   6   1   4   -0.0000000029
2   6   1   5   0.0357923556
2   6   2   4   -0.0098148127
2   6   2   5   0.0000000029
2   6   3   6   0.0000000000
3   5   1   4   -0.0000000029
3   5   1   5   -0.0098148127
3   5   2   4   0.0357923556
3   5   2   5   0.0000000029
3   5   3   6   0.0000000000
3   6   1   4   0.0597116568
3   6   1   5   0.0000000029
3   6   2   4   0.0000000029
3   6   2   5   0.0337427998
3   6   3   6   0.0018869775

End IJAB Block
Begin ABCD Block
1   4   1   4   0.2806400195
1   4   1   5   -0.0000000000
1   4   2   4   -0.0000000000
1   4   2   5   0.0112231003
1   4   3   6   0.0015381248
1   5   1   4   -0.0000000000
1   5   1   5   0.2567926961
1   5   2   4   0.0126317802
1   5   2   5   -0.0000000000
1   5   3   6   -0.0000000000
1   6   1   6   0.1859416922
1   6   3   4   0.0018710933
2   4   1   4   -0.0000000000
2   4   1   5   0.0126317802
2   4   2   4   0.2567926961
2   4   2   5   -0.0000000000
2   4   3   6   -0.0000000000
2   5   1   4   0.0112231003
2   5   1   5   -0.0000000000
2   5   2   4   -0.0000000000
2   5   2   5   0.2806593098
2   5   3   6   0.0015497722
2   6   2   6   0.1859417041
2   6   3   5   0.0018710966
3   4   1   6   0.0018710933
3   4   3   4   0.1859416922
3   5   2   6   0.0018710966
3   5   3   5   0.1859417041
3   6   1   4   0.0015381248
3   6   1   5   -0.0000000000
3   6   2   4   -0.0000000000
3   6   2   5   0.0015497722
3   6   3   6   0.1713853311

End ABCD Block
Begin AIJB Block
1   4   1   4   0.0042628477
1   4   1   5   -0.0000000032
1   5   2   4   0.0403909951
1   5   2   5   -0.0000000020
1   5   3   4   -0.0000000020
1   5   3   5   -0.0141704924
1   6   2   4   -0.0000000020
1   6   2   5   0.0318805428
1   6   3   4   0.0581010471
1   6   3   5   0.0000000020
2   4   1   4   -0.0000000032
2   4   1   5   0.0063671552
2   5   2   4   -0.0000000020
2   5   2   5   0.0581010265
2   5   3   4   0.0318805428
2   5   3   5   0.0000000020
2   6   2   4   -0.0141704924
2   6   2   5   0.0000000020
2   6   3   4   0.0000000020
2   6   3   5   0.0403909875
3   4   1   6   0.0062055774
3   5   2   6   0.0020941288
3   6   3   6   0.0020941258

1   4   4   1   -0.2619434755
1   4   4   2   0.0000000091
1   5   5   1   -0.2703717758
1   5   5   2   0.0000000030
1   5   6   1   0.0000000030
1   5   6   2   -0.0137732624
1   6   5   1   0.0000000030
1   6   5   2   -0.0130184003
1   6   6   1   -0.2971634277
1   6   6   2   -0.0000000030
2   4   4   1   0.0000000091
2   4   4   2   -0.2678480780
2   5   5   1   0.0000000030
2   5   5   2   -0.2971634107
2   5   6   1   -0.0130184003
2   5   6   2   -0.0000000030
2   6   5   1   -0.0137732624
2   6   5   2   -0.0000000030
2   6   6   1   -0.0000000030
2   6   6   2   -0.2703717591
3   4   4   3   -0.1954741740
3   5   5   3   -0.1898334604
3   6   6   3   -0.1898334387

End AIJB Block
Begin IJKA Block
1   4   1   6   0.0023823184
1   5   2   6   -0.0000942023
1   5   3   6   -0.0000000001
1   6   2   6   -0.0000000001
1   6   3   6   0.0000941997
2   4   2   6   0.0009344289
2   4   3   6   0.0000000013
2   5   1   6   0.0000187357
2   6   1   6   0.0000000000
3   4   2   6   0.0000000013
3   4   3   6   -0.0009344732
3   5   1   6   0.0000000000
3   6   1   6   -0.0000187383

End IJKA Block
Begin IABC Block
1   4   1   6   0.0011004369
1   4   2   6   -0.0000000013
1   4   3   4   0.0008476742
1   4   3   5   -0.0000000010
1   5   1   6   -0.0000000013
1   5   2   6   -0.0011004400
1   5   3   4   -0.0000000010
1   5   3   5   -0.0008462675
1   6   1   4   0.0010100091
1   6   1   5   -0.0000000012
1   6   2   4   -0.0000000012
1   6   2   5   -0.0009873432
1   6   3   6   0.0000165764

End IABC Block
