Begin IJ Block
1   1   -4.4228218220
1   2   0.0000000000
1   3   0.1058093386
2   2   -4.4066227481
2   3   0.0000000000
3   3   -3.8570409893
4   4   -3.7903067945
5   5   -3.7903067945

End IJ Block
Begin IA Block
1   3   -0.0000000000
2   3   0.2002403048
3   3   0.0000000000
4   1   -0.0000000000
4   2   -0.0000000000
5   2   -0.0000000000

End IA Block
Begin AB Block
1   1   -3.8065052263
2   2   -3.8065052263
3   3   -3.8845855639

End AB Block
Begin IJKL Block
1   6   1   6   0.4434340853
1   6   1   7   -0.0000000000
1   6   1   8   -0.0111566214
1   6   2   6   -0.0000000000
1   6   2   7   0.2520332781
1   6   3   6   -0.0111566214
1   6   3   8   0.0692861820
1   6   4   9   0.0657889071
1   6   5   10   0.0657889071
1   7   1   6   -0.0000000000
1   7   1   7   0.4443009895
1   7   2   6   0.2520332781
1   7   2   7   0.0000000000
1   7   2   8   0.0448083981
1   7   3   7   0.0018462126
1   7   4   9   0.0000000000
1   7   4   10   0.0000000000
1   7   5   9   0.0000000000
1   7   5   10   -0.0000000000
1   8   1   6   -0.0111566214
1   8   1   8   0.4185417262
1   8   2   7   0.0448083981
1   8   2   8   0.0000000000
1   8   3   6   0.0692861820
1   8   3   8   -0.0133988827
1   8   4   9   0.0004585302
1   8   5   10   0.0004585302
1   9   1   9   0.4136269027
1   9   2   9   0.0000000001
1   9   2   10   0.0000000001
1   9   3   9   -0.0098052003
1   9   4   6   0.0657889071
1   9   4   7   0.0000000000
1   9   4   8   0.0004585302
1   9   5   7   0.0000000000
1   10   1   10   0.4136269027
1   10   2   9   0.0000000001
1   10   2   10   -0.0000000001
1   10   3   10   -0.0098052003
1   10   4   7   0.0000000000
1   10   5   6   0.0657889071
1   10   5   7   -0.0000000000
1   10   5   8   0.0004585302
2   6   1   6   -0.0000000000
2   6   1   7   0.2520332781
2   6   2   6   0.4443009895
2   6   2   7   0.0000000000
2   6   2   8   0.0018462126
2   6   3   7   0.0448083981
2   6   4   9   0.0000000000
2   6   4   10   0.0000000000
2   6   5   9   0.0000000000
2   6   5   10   -0.0000000000
2   7   1   6   0.2520332781
2   7   1   7   0.0000000000
2   7   1   8   0.0448083981
2   7   2   6   0.0000000000
2   7   2   7   0.4477443988
2   7   3   6   0.0448083981
2   7   3   8   0.0638564839
2   7   4   9   0.0623118968
2   7   5   10   0.0623118968
2   8   1   7   0.0448083981
2   8   1   8   0.0000000000
2   8   2   6   0.0018462126
2   8   2   8   0.4176391051
2   8   3   7   0.0638564839
2   8   4   9   0.0000000000
2   8   4   10   0.0000000000
2   8   5   9   0.0000000000
2   8   5   10   -0.0000000000
2   9   1   9   0.0000000001
2   9   1   10   0.0000000001
2   9   2   9   0.4144831299
2   9   3   9   0.0000000000
2   9   3   10   0.0000000000
2   9   4   6   0.0000000000
2   9   4   7   0.0623118968
2   9   4   8   0.0000000000
2   9   5   6   0.0000000000
2   9   5   8   0.0000000000
2   10   1   9   0.0000000001
2   10   1   10   -0.0000000001
2   10   2   10   0.4144831299
2   10   3   9   0.0000000000
2   10   3   10   -0.0000000000
2   10   4   6   0.0000000000
2   10   4   8   0.0000000000
2   10   5   6   -0.0000000000
2   10   5   7   0.0623118968
2   10   5   8   -0.0000000000
3   6   1   6   -0.0111566214
3   6   1   8   0.0692861820
3   6   2   7   0.0448083981
3   6   3   6   0.4185417262
3   6   3   7   0.0000000000
3   6   3   8   -0.0133988827
3   6   4   9   0.0004585302
3   6   5   10   0.0004585302
3   7   1   7   0.0018462126
3   7   2   6   0.0448083981
3   7   2   8   0.0638564839
3   7   3   6   0.0000000000
3   7   3   7   0.4176391051
3   7   4   9   0.0000000000
3   7   4   10   0.0000000000
3   7   5   9   0.0000000000
3   7   5   10   -0.0000000000
3   8   1   6   0.0692861820
3   8   1   8   -0.0133988827
3   8   2   7   0.0638564839
3   8   3   6   -0.0133988827
3   8   3   8   0.4217388296
3   8   4   9   0.0163576080
3   8   5   10   0.0163576080
3   9   1   9   -0.0098052003
3   9   2   9   0.0000000000
3   9   2   10   0.0000000000
3   9   3   9   0.3832900516
3   9   4   6   0.0004585302
3   9   4   7   0.0000000000
3   9   4   8   0.0163576080
3   9   5   7   0.0000000000
3   10   1   10   -0.0098052003
3   10   2   9   0.0000000000
3   10   2   10   -0.0000000000
3   10   3   10   0.3832900516
3   10   4   7   0.0000000000
3   10   5   6   0.0004585302
3   10   5   7   -0.0000000000
3   10   5   8   0.0163576080
4   6   1   9   0.0657889071
4   6   2   9   0.0000000000
4   6   2   10   0.0000000000
4   6   3   9   0.0004585302
4   6   4   6   0.4136269027
4   6   4   7   0.0000000001
4   6   4   8   -0.0098052003
4   6   5   7   0.0000000001
4   7   1   9   0.0000000000
4   7   1   10   0.0000000000
4   7   2   9   0.0623118968
4   7   3   9   0.0000000000
4   7   3   10   0.0000000000
4   7   4   6   0.0000000001
4   7   4   7   0.4144831299
4   7   4   8   0.0000000000
4   7   5   6   0.0000000001
4   7   5   8   0.0000000000
4   8   1   9   0.0004585302
4   8   2   9   0.0000000000
4   8   2   10   0.0000000000
4   8   3   9   0.0163576080
4   8   4   6   -0.0098052003
4   8   4   7   0.0000000000
4   8   4   8   0.3832900516
4   8   5   7   0.0000000000
4   9   1   6   0.0657889071
4   9   1   7   0.0000000000
4   9   1   8   0.0004585302
4   9   2   6   0.0000000000
4   9   2   7   0.0623118968
4   9   2   8   0.0000000000
4   9   3   6   0.0004585302
4   9   3   7   0.0000000000
4   9   3   8   0.0163576080
4   9   4   9   0.4101574880
4   9   5   10   0.0156090281
4   10   1   7   0.0000000000
4   10   2   6   0.0000000000
4   10   2   8   0.0000000000
4   10   3   7   0.0000000000
4   10   4   10   0.3789394317
4   10   5   9   0.0156090281
5   6   1   10   0.0657889071
5   6   2   9   0.0000000000
5   6   2   10   -0.0000000000
5   6   3   10   0.0004585302
5   6   4   7   0.0000000001
5   6   5   6   0.4136269027
5   6   5   7   -0.0000000001
5   6   5   8   -0.0098052003
5   7   1   9   0.0000000000
5   7   1   10   -0.0000000000
5   7   2   10   0.0623118968
5   7   3   9   0.0000000000
5   7   3   10   -0.0000000000
5   7   4   6   0.0000000001
5   7   4   8   0.0000000000
5   7   5   6   -0.0000000001
5   7   5   7   0.4144831299
5   7   5   8   -0.0000000000
5   8   1   10   0.0004585302
5   8   2   9   0.0000000000
5   8   2   10   -0.0000000000
5   8   3   10   0.0163576080
5   8   4   7   0.0000000000
5   8   5   6   -0.0098052003
5   8   5   7   -0.0000000000
5   8   5   8   0.3832900516
5   9   1   7   0.0000000000
5   9   2   6   0.0000000000
5   9   2   8   0.0000000000
5   9   3   7   0.0000000000
5   9   4   10   0.0156090281
5   9   5   9   0.3789394317
5   10   1   6   0.0657889071
5   10   1   7   -0.0000000000
5   10   1   8   0.0004585302
5   10   2   6   -0.0000000000
5   10   2   7   0.0623118968
5   10   2   8   -0.0000000000
5   10   3   6   0.0004585302
5   10   3   7   -0.0000000000
5   10   3   8   0.0163576080
5   10   4   9   0.0156090281
5   10   5   10   0.4101574880

End IJKL Block
Begin IJAB Block
1   6   1   4   0.0630413309
1   6   2   5   0.0630413309
1   6   3   6   0.0644824685
1   7   1   4   -0.0000000000
1   7   1   5   -0.0000000000
1   7   2   4   -0.0000000000
1   7   2   5   0.0000000000
1   8   1   4   0.0053516316
1   8   2   5   0.0053516316
1   8   3   6   -0.0104268388
1   9   1   6   0.0046166401
1   9   2   6   0.0042132652
1   9   3   4   0.0086496371
1   9   3   5   0.0078938826
1   10   1   6   0.0042132652
1   10   2   6   -0.0046166401
1   10   3   4   0.0078938826
1   10   3   5   -0.0086496371
2   6   1   4   -0.0000000000
2   6   1   5   -0.0000000000
2   6   2   4   -0.0000000000
2   6   2   5   0.0000000000
2   7   1   4   0.0688321396
2   7   2   5   0.0688321396
2   7   3   6   0.0704827814
2   8   1   4   -0.0000000000
2   8   1   5   -0.0000000000
2   8   2   4   -0.0000000000
2   8   2   5   0.0000000000
3   6   1   4   0.0053516316
3   6   2   5   0.0053516316
3   6   3   6   -0.0104268388
3   7   1   4   -0.0000000000
3   7   1   5   -0.0000000000
3   7   2   4   -0.0000000000
3   7   2   5   0.0000000000
3   8   1   4   0.0151493365
3   8   2   5   0.0151493365
3   8   3   6   0.2137780392
3   9   1   6   -0.0110130418
3   9   2   6   -0.0100507869
3   9   3   4   -0.1407344183
3   9   3   5   -0.1284378707
3   10   1   6   -0.0100507869
3   10   2   6   0.0110130418
3   10   3   4   -0.1284378707
3   10   3   5   0.1407344183
4   6   1   6   0.0086496371
4   6   2   6   0.0078938826
4   6   3   4   0.0046166401
4   6   3   5   0.0042132652
4   8   1   6   -0.1407344183
4   8   2   6   -0.1284378707
4   8   3   4   -0.0110130418
4   8   3   5   -0.0100507869
4   9   1   4   0.1321481525
4   9   1   5   0.1062109000
4   9   2   4   0.1062109000
4   9   2   5   0.1126995136
4   9   3   6   0.0168833625
4   10   1   4   0.1062109000
4   10   1   5   -0.1006107550
4   10   2   4   0.0811621161
4   10   2   5   -0.1062109000
5   6   1   6   0.0078938826
5   6   2   6   -0.0086496371
5   6   3   4   0.0042132652
5   6   3   5   -0.0046166401
5   8   1   6   -0.1284378707
5   8   2   6   0.1407344183
5   8   3   4   -0.0100507869
5   8   3   5   0.0110130418
5   9   1   4   0.1062109000
5   9   1   5   0.0811621161
5   9   2   4   -0.1006107550
5   9   2   5   -0.1062109000
5   10   1   4   0.1126995136
5   10   1   5   -0.1062109000
5   10   2   4   -0.1062109000
5   10   2   5   0.1321481525
5   10   3   6   0.0168833625

End IJAB Block
Begin ABCD Block
1   4   1   4   0.4201892635
1   4   2   5   0.0166009733
1   4   3   6   0.0175889321
1   5   1   5   0.3869873169
1   5   2   4   0.0166009733
1   6   1   6   0.3977999117
1   6   3   4   0.0175889321
2   4   1   5   0.0166009733
2   4   2   4   0.3869873169
2   5   1   4   0.0166009733
2   5   2   5   0.4201892635
2   5   3   6   0.0175889321
2   6   2   6   0.3977999117
2   6   3   5   0.0175889321
3   4   1   6   0.0175889321
3   4   3   4   0.3977999117
3   5   2   6   0.0175889321
3   5   3   5   0.3977999117
3   6   1   4   0.0175889321
3   6   2   5   0.0175889321
3   6   3   6   0.4448096746

End ABCD Block
Begin AIJB Block
1   6   1   4   0.0630413309
1   6   2   4   -0.0000000000
1   6   2   5   -0.0000000000
1   6   3   4   0.0053516316
1   6   4   6   0.0086496371
1   6   5   6   0.0078938826
1   7   1   4   -0.0000000000
1   7   1   5   -0.0000000000
1   7   2   4   0.0688321396
1   7   3   4   -0.0000000000
1   7   3   5   -0.0000000000
1   8   1   4   0.0053516316
1   8   2   4   -0.0000000000
1   8   2   5   -0.0000000000
1   8   3   4   0.0151493365
1   8   4   6   -0.1407344183
1   8   5   6   -0.1284378707
1   9   1   6   0.0046166401
1   9   3   6   -0.0110130418
1   9   4   4   0.1321481525
1   9   4   5   0.1062109000
1   9   5   4   0.1062109000
1   9   5   5   0.0811621161
1   10   1   6   0.0042132652
1   10   3   6   -0.0100507869
1   10   4   4   0.1062109000
1   10   4   5   -0.1006107550
1   10   5   4   0.1126995136
1   10   5   5   -0.1062109000
2   6   1   5   0.0630413309
2   6   2   4   -0.0000000000
2   6   2   5   0.0000000000
2   6   3   5   0.0053516316
2   6   4   6   0.0078938826
2   6   5   6   -0.0086496371
2   7   1   4   -0.0000000000
2   7   1   5   0.0000000000
2   7   2   5   0.0688321396
2   7   3   4   -0.0000000000
2   7   3   5   0.0000000000
2   8   1   5   0.0053516316
2   8   2   4   -0.0000000000
2   8   2   5   0.0000000000
2   8   3   5   0.0151493365
2   8   4   6   -0.1284378707
2   8   5   6   0.1407344183
2   9   1   6   0.0042132652
2   9   3   6   -0.0100507869
2   9   4   4   0.1062109000
2   9   4   5   0.1126995136
2   9   5   4   -0.1006107550
2   9   5   5   -0.1062109000
2   10   1   6   -0.0046166401
2   10   3   6   0.0110130418
2   10   4   4   0.0811621161
2   10   4   5   -0.1062109000
2   10   5   4   -0.1062109000
2   10   5   5   0.1321481525
3   6   1   6   0.0644824685
3   6   3   6   -0.0104268388
3   6   4   4   0.0046166401
3   6   4   5   0.0042132652
3   6   5   4   0.0042132652
3   6   5   5   -0.0046166401
3   7   2   6   0.0704827814
3   8   1   6   -0.0104268388
3   8   3   6   0.2137780392
3   8   4   4   -0.0110130418
3   8   4   5   -0.0100507869
3   8   5   4   -0.0100507869
3   8   5   5   0.0110130418
3   9   1   4   0.0086496371
3   9   1   5   0.0078938826
3   9   3   4   -0.1407344183
3   9   3   5   -0.1284378707
3   9   4   6   0.0168833625
3   10   1   4   0.0078938826
3   10   1   5   -0.0086496371
3   10   3   4   -0.1284378707
3   10   3   5   0.1407344183
3   10   5   6   0.0168833625

1   6   6   1   -0.4182334601
1   6   7   1   0.0000000001
1   6   7   2   0.0000000001
1   6   8   1   0.0050390858
1   6   9   3   -0.0052227550
1   6   10   3   -0.0047664213
1   7   6   1   0.0000000001
1   7   6   2   0.0000000001
1   7   7   1   -0.4201813163
1   7   8   1   0.0000000000
1   7   8   2   0.0000000000
1   8   6   1   0.0050390858
1   8   7   1   0.0000000000
1   8   7   2   0.0000000000
1   8   8   1   -0.3857992805
1   8   9   3   0.0118837099
1   8   10   3   0.0108453810
1   9   6   3   -0.0052227550
1   9   8   3   0.0118837099
1   9   9   1   -0.4001691721
1   9   9   2   -0.0159850396
1   9   10   1   -0.0159850396
1   9   10   2   0.0014635375
1   10   6   3   -0.0047664213
1   10   8   3   0.0108453810
1   10   9   1   -0.0159850396
1   10   9   2   0.0014635375
1   10   10   1   -0.3972420972
1   10   10   2   0.0159850396
2   6   6   2   -0.4182334601
2   6   7   1   0.0000000001
2   6   7   2   -0.0000000001
2   6   8   2   0.0050390858
2   6   9   3   -0.0047664213
2   6   10   3   0.0052227550
2   7   6   1   0.0000000001
2   7   6   2   -0.0000000001
2   7   7   2   -0.4201813163
2   7   8   1   0.0000000000
2   7   8   2   -0.0000000000
2   8   6   2   0.0050390858
2   8   7   1   0.0000000000
2   8   7   2   -0.0000000000
2   8   8   2   -0.3857992805
2   8   9   3   0.0108453810
2   8   10   3   -0.0118837099
2   9   6   3   -0.0047664213
2   9   8   3   0.0108453810
2   9   9   1   -0.0159850396
2   9   9   2   -0.3972420972
2   9   10   1   0.0014635375
2   9   10   2   0.0159850396
2   10   6   3   0.0052227550
2   10   8   3   -0.0118837099
2   10   9   1   0.0014635375
2   10   9   2   0.0159850396
2   10   10   1   0.0159850396
2   10   10   2   -0.4001691721
3   6   6   3   -0.4318789738
3   6   7   3   0.0000000000
3   6   8   3   0.0166834949
3   6   9   1   -0.0052227550
3   6   9   2   -0.0047664213
3   6   10   1   -0.0047664213
3   6   10   2   0.0052227550
3   7   6   3   0.0000000000
3   7   7   3   -0.4312956283
3   8   6   3   0.0166834949
3   8   8   3   -0.4291253812
3   8   9   1   0.0118837099
3   8   9   2   0.0108453810
3   8   10   1   0.0108453810
3   8   10   2   -0.0118837099
3   9   6   1   -0.0052227550
3   9   6   2   -0.0047664213
3   9   8   1   0.0118837099
3   9   8   2   0.0108453810
3   9   9   3   -0.3941914586
3   10   6   1   -0.0047664213
3   10   6   2   0.0052227550
3   10   8   1   0.0108453810
3   10   8   2   -0.0118837099
3   10   10   3   -0.3941914586

End AIJB Block
Begin IJKA Block
1   6   2   6   -0.0101870794
1   7   1   6   -0.0236520110
1   7   3   6   0.0684470762
1   7   4   4   -0.0495477360
1   7   4   5   -0.0452185456
1   7   5   4   -0.0452185456
1   7   5   5   0.0495477360
1   8   1   6   -0.0000000000
1   8   2   6   0.2199634022
1   8   5   5   -0.0000000000
1   9   1   4   -0.0000000000
1   9   1   5   0.0000000000
1   9   2   4   -0.1681933733
1   9   2   5   -0.1534976234
1   9   4   6   -0.0000000000
1   9   5   6   -0.0000000000
1   10   1   4   0.0000000000
1   10   1   5   -0.0000000000
1   10   2   4   -0.1534976234
1   10   2   5   0.1681933733
1   10   3   5   -0.0000000000
1   10   4   6   -0.0000000000
1   10   5   6   0.0000000000
2   6   1   6   -0.0101870794
2   6   3   6   0.0579843864
2   6   4   4   -0.0462836583
2   6   4   5   -0.0422396638
2   6   5   4   -0.0422396638
2   6   5   5   0.0462836583
2   7   2   6   -0.0114098039
2   7   4   4   -0.0000000000
2   7   5   5   -0.0000000000
2   8   1   6   0.2199634022
2   8   2   6   0.0000000000
2   8   3   6   0.0380159166
2   8   4   4   -0.0043975546
2   8   4   5   -0.0040133221
2   8   5   4   -0.0040133221
2   8   5   5   0.0043975546
2   9   1   4   -0.1681933733
2   9   1   5   -0.1534976234
2   9   2   4   -0.0000000000
2   9   2   5   -0.0000000000
2   9   3   4   -0.0279245837
2   9   3   5   -0.0254846975
2   9   4   6   -0.0055440445
2   10   1   4   -0.1534976234
2   10   1   5   0.1681933733
2   10   2   4   -0.0000000000
2   10   2   5   -0.0000000000
2   10   3   4   -0.0254846975
2   10   3   5   0.0279245837
2   10   5   6   -0.0055440445
3   6   2   6   0.0579843864
3   7   1   6   0.0684470762
3   7   3   6   -0.0182081508
3   7   4   4   -0.0021607542
3   7   4   5   -0.0019719602
3   7   5   4   -0.0019719602
3   7   5   5   0.0021607542
3   8   2   6   0.0380159166
3   8   3   6   0.0000000000
3   9   2   4   -0.0279245837
3   9   2   5   -0.0254846975
3   9   3   4   -0.0000000000
3   9   4   6   0.0000000000
3   9   5   6   0.0000000000
3   10   1   5   -0.0000000000
3   10   2   4   -0.0254846975
3   10   2   5   0.0279245837
3   10   3   5   -0.0000000000
3   10   4   6   0.0000000000
3   10   5   6   -0.0000000000
4   6   2   4   -0.0462836583
4   6   2   5   -0.0422396638
4   6   4   6   -0.0000000000
4   6   5   6   -0.0000000000
4   7   1   4   -0.0495477360
4   7   1   5   -0.0452185456
4   7   2   4   -0.0000000000
4   7   3   4   -0.0021607542
4   7   3   5   -0.0019719602
4   7   4   6   -0.0220923573
4   8   2   4   -0.0043975546
4   8   2   5   -0.0040133221
4   8   4   6   0.0000000001
4   8   5   6   0.0000000000
4   9   1   6   -0.0000000000
4   9   2   6   -0.0055440445
4   9   3   6   0.0000000000
4   9   4   4   -0.0000000000
4   9   4   5   -0.0000000000
4   9   5   4   -0.0000000000
4   9   5   5   -0.0000000000
4   10   1   6   -0.0000000000
4   10   3   6   0.0000000000
4   10   4   4   -0.0000000000
4   10   4   5   0.0000000000
4   10   5   4   -0.0000000000
4   10   5   5   0.0000000000
5   6   2   4   -0.0422396638
5   6   2   5   0.0462836583
5   6   4   6   -0.0000000000
5   6   5   6   0.0000000000
5   7   1   4   -0.0452185456
5   7   1   5   0.0495477360
5   7   2   5   -0.0000000000
5   7   3   4   -0.0019719602
5   7   3   5   0.0021607542
5   7   5   6   -0.0220923573
5   8   1   5   -0.0000000000
5   8   2   4   -0.0040133221
5   8   2   5   0.0043975546
5   8   4   6   0.0000000000
5   8   5   6   -0.0000000001
5   9   1   6   -0.0000000000
5   9   3   6   0.0000000000
5   9   4   4   -0.0000000000
5   9   4   5   -0.0000000000
5   9   5   4   0.0000000000
5   9   5   5   0.0000000000
5   10   1   6   0.0000000000
5   10   2   6   -0.0055440445
5   10   3   6   -0.0000000000
5   10   4   4   -0.0000000000
5   10   4   5   0.0000000000
5   10   5   4   0.0000000000
5   10   5   5   -0.0000000001

End IJKA Block
Begin IABC Block
1   4   1   6   0.0000000000
1   4   2   6   0.0000000000
1   4   3   4   0.0000000000
1   4   3   5   0.0000000000
1   5   1   6   0.0000000000
1   5   2   6   -0.0000000000
1   5   3   4   0.0000000000
1   5   3   5   -0.0000000000
1   6   1   4   0.0000000000
1   6   1   5   0.0000000000
1   6   2   4   0.0000000000
1   6   2   5   -0.0000000000
2   4   1   6   -0.0050237167
2   4   3   4   -0.0182554428
2   5   2   6   -0.0050237167
2   5   3   5   -0.0182554428
2   6   1   4   -0.0050237167
2   6   2   5   -0.0050237167
2   6   3   6   -0.0252230224
3   4   1   6   -0.0000000000
3   4   2   6   -0.0000000000
3   4   3   4   -0.0000000000
3   4   3   5   -0.0000000000
3   5   1   6   -0.0000000000
3   5   2   6   0.0000000000
3   5   3   4   -0.0000000000
3   5   3   5   0.0000000000
3   6   1   4   -0.0000000000
3   6   1   5   -0.0000000000
3   6   2   4   -0.0000000000
3   6   2   5   0.0000000000
3   6   3   6   -0.0000000000
4   4   1   4   0.0000000000
4   4   1   5   0.0000000000
4   4   2   4   0.0000000000
4   4   2   5   0.0000000000
4   5   1   4   0.0000000000
4   5   1   5   -0.0000000000
4   5   2   4   0.0000000000
4   5   2   5   -0.0000000000
4   6   1   6   -0.0000000000
5   4   1   4   0.0000000000
5   4   1   5   0.0000000000
5   4   2   4   -0.0000000000
5   4   2   5   -0.0000000000
5   5   1   4   0.0000000000
5   5   1   5   -0.0000000000
5   5   2   4   -0.0000000000
5   5   2   5   0.0000000000
5   6   2   6   -0.0000000000

End IABC Block
