Begin IJ Block
1   1   -27.5094563408
1   3   0.4616195447
1   4   0.0000000000
1   5   -0.2322859352
2   2   -27.5102151392
2   3   0.0000000000
2   4   -0.4916102137
2   5   -0.0000000000
3   3   -9.4226745247
3   5   -0.8665296656
4   4   -7.5697546019
5   5   -7.7001961704
6   6   -7.7036187246
7   7   -7.7036187246

End IJ Block
Begin IA Block
1   3   -0.0000000000
1   4   -0.0346741923
2   3   0.2630015857
2   4   -0.0000000000
3   4   -0.6536617083
4   3   1.0286099405
5   4   -1.3691313337
6   5   0.9212102746
6   6   -1.5142465648
7   5   -1.5142465648
7   6   -0.9212102746

End IA Block
Begin AB Block
1   1   -6.9483048085
2   2   -6.9483048085
3   3   -5.1573273157
4   4   -5.2144410659
5   5   -5.8153424580
6   6   -5.8153424580

End AB Block
Begin IJKL Block
1   8   1   8   2.2813485351
1   8   1   9   -0.0000000003
1   8   1   10   -0.1927805981
1   8   1   11   -0.0000000000
1   8   1   12   0.0700684437
1   8   2   8   -0.0000000003
1   8   2   9   1.8420617606
1   8   2   10   0.0000000000
1   8   2   11   0.1834965128
1   8   2   12   -0.0000000000
1   8   3   8   -0.1927805981
1   8   3   9   0.0000000000
1   8   3   10   0.0314888361
1   8   3   11   0.0000000000
1   8   3   12   -0.0038108622
1   8   4   8   -0.0000000000
1   8   4   9   0.1834965128
1   8   4   10   0.0000000000
1   8   4   11   0.0284343628
1   8   4   12   -0.0000000000
1   8   5   8   0.0700684437
1   8   5   9   -0.0000000000
1   8   5   10   -0.0038108622
1   8   5   11   -0.0000000000
1   8   5   12   0.0157819717
1   8   6   13   0.0104721234
1   8   7   14   0.0104721234
1   9   1   8   -0.0000000003
1   9   1   9   2.2818727075
1   9   1   10   0.0000000000
1   9   1   11   0.1891160288
1   9   1   12   -0.0000000000
1   9   2   8   1.8421304457
1   9   2   9   0.0000000003
1   9   2   10   -0.2000322215
1   9   2   11   0.0000000000
1   9   2   12   0.0565249426
1   9   3   8   0.0000000000
1   9   3   9   -0.1928004587
1   9   3   11   -0.0253982443
1   9   4   8   0.1834532242
1   9   4   9   0.0000000000
1   9   4   10   -0.0255891409
1   9   4   12   0.0138071481
1   9   5   8   -0.0000000000
1   9   5   9   0.0701013743
1   9   5   11   0.0141566417
1   10   1   8   -0.1927805981
1   10   1   9   0.0000000000
1   10   1   10   0.7873718929
1   10   1   11   0.0000000000
1   10   1   12   0.0843920205
1   10   2   8   0.0000000000
1   10   2   9   -0.2000837962
1   10   2   11   -0.1950100454
1   10   3   8   0.0329635412
1   10   3   10   0.0022749666
1   10   3   12   0.0075258063
1   10   4   8   0.0000000000
1   10   4   9   -0.0261287684
1   10   4   10   -0.0000000000
1   10   4   11   -0.0048304814
1   10   5   8   -0.0032364526
1   10   5   10   0.0260829567
1   10   5   12   0.0152680698
1   10   6   13   0.0146960626
1   10   7   14   0.0146960626
1   11   1   8   -0.0000000000
1   11   1   9   0.1891160288
1   11   1   10   0.0000000000
1   11   1   11   0.6581189266
1   11   1   12   -0.0000000000
1   11   2   8   0.1834532242
1   11   2   9   0.0000000000
1   11   2   10   -0.1950522784
1   11   2   12   0.2444886915
1   11   3   8   0.0000000000
1   11   3   9   -0.0259715304
1   11   3   11   -0.0119866684
1   11   3   12   0.0000000000
1   11   4   8   0.0296356728
1   11   4   10   -0.0044872177
1   11   4   12   -0.0019886670
1   11   5   8   -0.0000000000
1   11   5   9   0.0150347048
1   11   5   11   -0.0046693737
1   11   5   12   0.0000000000
1   12   1   8   0.0700684437
1   12   1   9   -0.0000000000
1   12   1   10   0.0843920205
1   12   1   11   -0.0000000000
1   12   1   12   0.6826481972
1   12   2   8   -0.0000000000
1   12   2   9   0.0565269256
1   12   2   11   0.2444845614
1   12   3   8   -0.0032364526
1   12   3   10   0.0078808636
1   12   3   11   0.0000000000
1   12   3   12   -0.0079478538
1   12   4   8   -0.0000000000
1   12   4   9   0.0146844004
1   12   4   11   -0.0021816275
1   12   5   8   0.0173322706
1   12   5   10   0.0157068936
1   12   5   11   0.0000000000
1   12   5   12   -0.0010081464
1   12   6   13   -0.0034207390
1   12   7   14   -0.0034207390
1   13   1   13   0.6581457474
1   13   3   13   -0.0014142518
1   13   5   13   0.0090511431
1   13   6   8   0.0120070028
1   13   6   10   0.0152502780
1   13   6   12   -0.0037809812
1   14   1   14   0.6581457474
1   14   3   14   -0.0014142518
1   14   5   14   0.0090511431
1   14   7   8   0.0120070028
1   14   7   10   0.0152502780
1   14   7   12   -0.0037809812
2   8   1   8   -0.0000000003
2   8   1   9   1.8421304457
2   8   1   10   0.0000000000
2   8   1   11   0.1834532242
2   8   1   12   -0.0000000000
2   8   2   8   2.2818727075
2   8   2   9   0.0000000003
2   8   2   10   -0.1928004587
2   8   2   11   0.0000000000
2   8   2   12   0.0701013743
2   8   3   8   0.0000000000
2   8   3   9   -0.2000322215
2   8   3   11   -0.0255891409
2   8   4   8   0.1891160288
2   8   4   9   0.0000000000
2   8   4   10   -0.0253982443
2   8   4   12   0.0141566417
2   8   5   8   -0.0000000000
2   8   5   9   0.0565249426
2   8   5   11   0.0138071481
2   9   1   8   1.8420617606
2   9   1   9   0.0000000003
2   9   1   10   -0.2000837962
2   9   1   11   0.0000000000
2   9   1   12   0.0565269256
2   9   2   8   0.0000000003
2   9   2   9   2.2822631102
2   9   2   10   -0.0000000001
2   9   2   11   0.1892175523
2   9   2   12   0.0000000000
2   9   3   8   -0.2000837962
2   9   3   9   -0.0000000001
2   9   3   10   0.0312288414
2   9   3   11   -0.0000000000
2   9   3   12   -0.0042898396
2   9   4   8   0.0000000000
2   9   4   9   0.1892175523
2   9   4   10   -0.0000000000
2   9   4   11   0.0285834113
2   9   4   12   0.0000000000
2   9   5   8   0.0565269256
2   9   5   9   0.0000000000
2   9   5   10   -0.0042898396
2   9   5   11   0.0000000000
2   9   5   12   0.0148915844
2   9   6   13   0.0100367731
2   9   7   14   0.0100367731
2   10   1   8   0.0000000000
2   10   1   9   -0.2000322215
2   10   1   11   -0.1950522784
2   10   2   8   -0.1928004587
2   10   2   9   -0.0000000001
2   10   2   10   0.7873693035
2   10   2   11   -0.0000000000
2   10   2   12   0.0843453036
2   10   3   9   0.0327757989
2   10   3   11   0.0084278602
2   10   4   8   -0.0259715304
2   10   4   9   -0.0000000000
2   10   4   10   0.0180930790
2   10   4   12   0.0062666137
2   10   5   9   -0.0036962895
2   10   5   10   0.0000000000
2   10   5   11   0.0014128657
2   10   5   12   0.0000000000
2   10   6   13   0.0000000000
2   10   7   14   0.0000000000
2   11   1   8   0.1834965128
2   11   1   9   0.0000000000
2   11   1   10   -0.1950100454
2   11   1   12   0.2444845614
2   11   2   8   0.0000000000
2   11   2   9   0.1892175523
2   11   2   10   -0.0000000000
2   11   2   11   0.6581172650
2   11   2   12   0.0000000000
2   11   3   8   -0.0261287684
2   11   3   9   -0.0000000000
2   11   3   10   0.0089825384
2   11   3   11   -0.0000000000
2   11   3   12   -0.0130776919
2   11   4   9   0.0297699155
2   11   4   11   0.0048849387
2   11   5   8   0.0146844004
2   11   5   9   0.0000000000
2   11   5   10   0.0017939912
2   11   5   12   -0.0149181633
2   11   6   13   -0.0100778540
2   11   7   14   -0.0100778540
2   12   1   8   -0.0000000000
2   12   1   9   0.0565249426
2   12   1   11   0.2444886915
2   12   2   8   0.0701013743
2   12   2   9   0.0000000000
2   12   2   10   0.0843453036
2   12   2   11   0.0000000000
2   12   2   12   0.6826396891
2   12   3   9   -0.0036962895
2   12   3   11   -0.0132953246
2   12   4   8   0.0150347048
2   12   4   9   0.0000000000
2   12   4   10   0.0064012387
2   12   4   12   0.0051346303
2   12   5   9   0.0164725739
2   12   5   10   0.0000000000
2   12   5   11   -0.0150858185
2   13   2   13   0.6581376235
2   13   4   13   0.0078773350
2   13   6   9   0.0115929057
2   13   6   10   0.0000000000
2   13   6   11   -0.0107372508
2   14   2   14   0.6581376235
2   14   4   14   0.0078773350
2   14   7   9   0.0115929057
2   14   7   10   0.0000000000
2   14   7   11   -0.0107372508
3   8   1   8   -0.1927805981
3   8   1   9   0.0000000000
3   8   1   10   0.0329635412
3   8   1   11   0.0000000000
3   8   1   12   -0.0032364526
3   8   2   8   0.0000000000
3   8   2   9   -0.2000837962
3   8   2   11   -0.0261287684
3   8   3   8   0.7873718929
3   8   3   10   0.0022749666
3   8   3   11   -0.0000000000
3   8   3   12   0.0260829567
3   8   4   8   0.0000000000
3   8   4   9   -0.1950100454
3   8   4   11   -0.0048304814
3   8   5   8   0.0843920205
3   8   5   10   0.0075258063
3   8   5   12   0.0152680698
3   8   6   13   0.0146960626
3   8   7   14   0.0146960626
3   9   1   8   0.0000000000
3   9   1   9   -0.1928004587
3   9   1   11   -0.0259715304
3   9   2   8   -0.2000322215
3   9   2   9   -0.0000000001
3   9   2   10   0.0327757989
3   9   2   11   -0.0000000000
3   9   2   12   -0.0036962895
3   9   3   9   0.7873693035
3   9   3   11   0.0180930790
3   9   3   12   0.0000000000
3   9   4   8   -0.1950522784
3   9   4   9   -0.0000000000
3   9   4   10   0.0084278602
3   9   4   12   0.0014128657
3   9   5   9   0.0843453036
3   9   5   11   0.0062666137
3   9   5   12   0.0000000000
3   9   6   13   0.0000000000
3   9   7   14   0.0000000000
3   10   1   8   0.0314888361
3   10   1   10   0.0022749666
3   10   1   12   0.0078808636
3   10   2   9   0.0312288414
3   10   2   11   0.0089825384
3   10   3   8   0.0022749666
3   10   3   10   0.7464885627
3   10   3   12   0.1289941907
3   10   4   9   0.0089825384
3   10   4   11   0.0668115415
3   10   5   8   0.0078808636
3   10   5   10   0.1289941907
3   10   5   12   0.0641656014
3   10   6   13   0.0857902448
3   10   7   14   0.0857902448
3   11   1   8   0.0000000000
3   11   1   9   -0.0253982443
3   11   1   11   -0.0119866684
3   11   1   12   0.0000000000
3   11   2   8   -0.0255891409
3   11   2   9   -0.0000000000
3   11   2   10   0.0084278602
3   11   2   11   -0.0000000000
3   11   2   12   -0.0132953246
3   11   3   8   -0.0000000000
3   11   3   9   0.0180930790
3   11   3   11   0.5081830378
3   11   4   8   -0.0044872177
3   11   4   10   0.0700320460
3   11   4   12   -0.0974928858
3   11   5   9   0.0064012387
3   11   5   11   0.0049288273
3   12   1   8   -0.0038108622
3   12   1   10   0.0075258063
3   12   1   11   0.0000000000
3   12   1   12   -0.0079478538
3   12   2   9   -0.0042898396
3   12   2   11   -0.0130776919
3   12   3   8   0.0260829567
3   12   3   9   0.0000000000
3   12   3   10   0.1289941907
3   12   3   12   0.5491413057
3   12   4   9   0.0017939912
3   12   4   11   -0.0991573512
3   12   5   8   0.0157068936
3   12   5   9   0.0000000000
3   12   5   10   0.0674219443
3   12   5   12   0.0290265592
3   12   6   13   -0.0098907803
3   12   7   14   -0.0098907803
3   13   1   13   -0.0014142518
3   13   3   13   0.5895955668
3   13   5   13   0.0552382824
3   13   6   8   0.0152502780
3   13   6   9   0.0000000000
3   13   6   10   0.0884781480
3   13   6   12   -0.0102096633
3   14   1   14   -0.0014142518
3   14   3   14   0.5895955668
3   14   5   14   0.0552382824
3   14   7   8   0.0152502780
3   14   7   9   0.0000000000
3   14   7   10   0.0884781480
3   14   7   12   -0.0102096633
4   8   1   8   -0.0000000000
4   8   1   9   0.1834532242
4   8   1   10   0.0000000000
4   8   1   11   0.0296356728
4   8   1   12   -0.0000000000
4   8   2   8   0.1891160288
4   8   2   9   0.0000000000
4   8   2   10   -0.0259715304
4   8   2   12   0.0150347048
4   8   3   8   0.0000000000
4   8   3   9   -0.1950522784
4   8   3   11   -0.0044872177
4   8   4   8   0.6581189266
4   8   4   10   -0.0119866684
4   8   4   12   -0.0046693737
4   8   5   8   -0.0000000000
4   8   5   9   0.2444886915
4   8   5   10   0.0000000000
4   8   5   11   -0.0019886670
4   8   5   12   0.0000000000
4   9   1   8   0.1834965128
4   9   1   9   0.0000000000
4   9   1   10   -0.0261287684
4   9   1   12   0.0146844004
4   9   2   8   0.0000000000
4   9   2   9   0.1892175523
4   9   2   10   -0.0000000000
4   9   2   11   0.0297699155
4   9   2   12   0.0000000000
4   9   3   8   -0.1950100454
4   9   3   9   -0.0000000000
4   9   3   10   0.0089825384
4   9   3   12   0.0017939912
4   9   4   9   0.6581172650
4   9   4   10   -0.0000000000
4   9   4   11   0.0048849387
4   9   5   8   0.2444845614
4   9   5   9   0.0000000000
4   9   5   10   -0.0130776919
4   9   5   12   -0.0149181633
4   9   6   13   -0.0100778540
4   9   7   14   -0.0100778540
4   10   1   8   0.0000000000
4   10   1   9   -0.0255891409
4   10   1   10   -0.0000000000
4   10   1   11   -0.0044872177
4   10   2   8   -0.0253982443
4   10   2   9   -0.0000000000
4   10   2   10   0.0180930790
4   10   2   12   0.0064012387
4   10   3   9   0.0084278602
4   10   3   11   0.0700320460
4   10   4   8   -0.0119866684
4   10   4   9   -0.0000000000
4   10   4   10   0.5081830378
4   10   4   12   0.0049288273
4   10   5   8   0.0000000000
4   10   5   9   -0.0132953246
4   10   5   11   -0.0974928858
4   11   1   8   0.0284343628
4   11   1   10   -0.0048304814
4   11   1   12   -0.0021816275
4   11   2   9   0.0285834113
4   11   2   11   0.0048849387
4   11   3   8   -0.0048304814
4   11   3   10   0.0668115415
4   11   3   12   -0.0991573512
4   11   4   9   0.0048849387
4   11   4   11   0.5191316346
4   11   5   8   -0.0021816275
4   11   5   10   -0.0991573512
4   11   5   12   0.1869042629
4   11   6   13   0.0398410215
4   11   7   14   0.0398410215
4   12   1   8   -0.0000000000
4   12   1   9   0.0138071481
4   12   1   11   -0.0019886670
4   12   2   8   0.0141566417
4   12   2   9   0.0000000000
4   12   2   10   0.0062666137
4   12   2   12   0.0051346303
4   12   3   9   0.0014128657
4   12   3   11   -0.0974928858
4   12   4   8   -0.0046693737
4   12   4   10   0.0049288273
4   12   4   12   0.5215463092
4   12   5   8   0.0000000000
4   12   5   9   -0.0150858185
4   12   5   11   0.1864180030
4   13   2   13   0.0078773350
4   13   4   13   0.4782215187
4   13   6   9   -0.0107372508
4   13   6   11   0.0425792211
4   14   2   14   0.0078773350
4   14   4   14   0.4782215187
4   14   7   9   -0.0107372508
4   14   7   11   0.0425792211
5   8   1   8   0.0700684437
5   8   1   9   -0.0000000000
5   8   1   10   -0.0032364526
5   8   1   11   -0.0000000000
5   8   1   12   0.0173322706
5   8   2   8   -0.0000000000
5   8   2   9   0.0565269256
5   8   2   11   0.0146844004
5   8   3   8   0.0843920205
5   8   3   10   0.0078808636
5   8   3   12   0.0157068936
5   8   4   8   -0.0000000000
5   8   4   9   0.2444845614
5   8   4   10   0.0000000000
5   8   4   11   -0.0021816275
5   8   4   12   0.0000000000
5   8   5   8   0.6826481972
5   8   5   10   -0.0079478538
5   8   5   12   -0.0010081464
5   8   6   13   -0.0034207390
5   8   7   14   -0.0034207390
5   9   1   8   -0.0000000000
5   9   1   9   0.0701013743
5   9   1   11   0.0150347048
5   9   2   8   0.0565249426
5   9   2   9   0.0000000000
5   9   2   10   -0.0036962895
5   9   2   11   0.0000000000
5   9   2   12   0.0164725739
5   9   3   9   0.0843453036
5   9   3   11   0.0064012387
5   9   3   12   0.0000000000
5   9   4   8   0.2444886915
5   9   4   9   0.0000000000
5   9   4   10   -0.0132953246
5   9   4   12   -0.0150858185
5   9   5   9   0.6826396891
5   9   5   11   0.0051346303
5   10   1   8   -0.0038108622
5   10   1   10   0.0260829567
5   10   1   12   0.0157068936
5   10   2   9   -0.0042898396
5   10   2   10   0.0000000000
5   10   2   11   0.0017939912
5   10   2   12   0.0000000000
5   10   3   8   0.0075258063
5   10   3   10   0.1289941907
5   10   3   12   0.0674219443
5   10   4   8   0.0000000000
5   10   4   9   -0.0130776919
5   10   4   11   -0.0991573512
5   10   5   8   -0.0079478538
5   10   5   10   0.5491413057
5   10   5   12   0.0290265592
5   10   6   13   -0.0098907803
5   10   7   14   -0.0098907803
5   11   1   8   -0.0000000000
5   11   1   9   0.0141566417
5   11   1   11   -0.0046693737
5   11   1   12   0.0000000000
5   11   2   8   0.0138071481
5   11   2   9   0.0000000000
5   11   2   10   0.0014128657
5   11   2   12   -0.0150858185
5   11   3   9   0.0062666137
5   11   3   11   0.0049288273
5   11   4   8   -0.0019886670
5   11   4   10   -0.0974928858
5   11   4   12   0.1864180030
5   11   5   9   0.0051346303
5   11   5   11   0.5215463092
5   12   1   8   0.0157819717
5   12   1   10   0.0152680698
5   12   1   11   0.0000000000
5   12   1   12   -0.0010081464
5   12   2   9   0.0148915844
5   12   2   10   0.0000000000
5   12   2   11   -0.0149181633
5   12   3   8   0.0152680698
5   12   3   9   0.0000000000
5   12   3   10   0.0641656014
5   12   3   12   0.0290265592
5   12   4   8   0.0000000000
5   12   4   9   -0.0149181633
5   12   4   11   0.1869042629
5   12   5   8   -0.0010081464
5   12   5   10   0.0290265592
5   12   5   12   0.5455191546
5   12   6   13   0.0182291583
5   12   7   14   0.0182291583
5   13   1   13   0.0090511431
5   13   3   13   0.0552382824
5   13   5   13   0.4865647750
5   13   6   8   -0.0037809812
5   13   6   10   -0.0102096633
5   13   6   12   0.0211840805
5   14   1   14   0.0090511431
5   14   3   14   0.0552382824
5   14   5   14   0.4865647750
5   14   7   8   -0.0037809812
5   14   7   10   -0.0102096633
5   14   7   12   0.0211840805
6   8   1   13   0.0120070028
6   8   3   13   0.0152502780
6   8   5   13   -0.0037809812
6   8   6   8   0.6581457474
6   8   6   10   -0.0014142518
6   8   6   12   0.0090511431
6   9   2   13   0.0115929057
6   9   3   13   0.0000000000
6   9   4   13   -0.0107372508
6   9   6   9   0.6581376235
6   9   6   11   0.0078773350
6   10   1   13   0.0152502780
6   10   2   13   0.0000000000
6   10   3   13   0.0884781480
6   10   5   13   -0.0102096633
6   10   6   8   -0.0014142518
6   10   6   10   0.5895955668
6   10   6   12   0.0552382824
6   11   2   13   -0.0107372508
6   11   4   13   0.0425792211
6   11   6   9   0.0078773350
6   11   6   11   0.4782215187
6   12   1   13   -0.0037809812
6   12   3   13   -0.0102096633
6   12   5   13   0.0211840805
6   12   6   8   0.0090511431
6   12   6   10   0.0552382824
6   12   6   12   0.4865647750
6   13   1   8   0.0104721234
6   13   1   10   0.0146960626
6   13   1   12   -0.0034207390
6   13   2   9   0.0100367731
6   13   2   10   0.0000000000
6   13   2   11   -0.0100778540
6   13   3   8   0.0146960626
6   13   3   9   0.0000000000
6   13   3   10   0.0857902448
6   13   3   12   -0.0098907803
6   13   4   9   -0.0100778540
6   13   4   11   0.0398410215
6   13   5   8   -0.0034207390
6   13   5   10   -0.0098907803
6   13   5   12   0.0182291583
6   13   6   13   0.5378631738
6   13   7   14   0.0169896837
6   14   6   14   0.5008453546
6   14   7   13   0.0200281354
7   8   1   14   0.0120070028
7   8   3   14   0.0152502780
7   8   5   14   -0.0037809812
7   8   7   8   0.6581457474
7   8   7   10   -0.0014142518
7   8   7   12   0.0090511431
7   9   2   14   0.0115929057
7   9   3   14   0.0000000000
7   9   4   14   -0.0107372508
7   9   7   9   0.6581376235
7   9   7   11   0.0078773350
7   10   1   14   0.0152502780
7   10   2   14   0.0000000000
7   10   3   14   0.0884781480
7   10   5   14   -0.0102096633
7   10   7   8   -0.0014142518
7   10   7   10   0.5895955668
7   10   7   12   0.0552382824
7   11   2   14   -0.0107372508
7   11   4   14   0.0425792211
7   11   7   9   0.0078773350
7   11   7   11   0.4782215187
7   12   1   14   -0.0037809812
7   12   3   14   -0.0102096633
7   12   5   14   0.0211840805
7   12   7   8   0.0090511431
7   12   7   10   0.0552382824
7   12   7   12   0.4865647750
7   13   6   14   0.0200281354
7   13   7   13   0.5008453546
7   14   1   8   0.0104721234
7   14   1   10   0.0146960626
7   14   1   12   -0.0034207390
7   14   2   9   0.0100367731
7   14   2   10   0.0000000000
7   14   2   11   -0.0100778540
7   14   3   8   0.0146960626
7   14   3   9   0.0000000000
7   14   3   10   0.0857902448
7   14   3   12   -0.0098907803
7   14   4   9   -0.0100778540
7   14   4   11   0.0398410215
7   14   5   8   -0.0034207390
7   14   5   10   -0.0098907803
7   14   5   12   0.0182291583
7   14   6   13   0.0169896837
7   14   7   14   0.5378631738

End IJKL Block
Begin IJAB Block
1   8   1   7   0.0122808921
1   8   1   12   -0.0000000000
1   8   2   8   0.0122808921
1   8   2   11   -0.0000000000
1   8   3   9   0.0150774827
1   8   3   10   -0.0000000000
1   8   4   9   -0.0000000000
1   8   4   10   0.0107112641
1   8   5   8   -0.0000000000
1   8   5   11   0.0196350089
1   8   6   7   -0.0000000000
1   8   6   12   0.0196350089
1   9   1   11   0.0043953736
1   9   1   12   0.0147653042
1   9   2   11   0.0147653042
1   9   2   12   -0.0043953736
1   9   3   10   0.0057086746
1   9   4   9   0.0058994978
1   9   5   7   0.0045025926
1   9   5   8   0.0151254832
1   9   6   7   0.0151254832
1   9   6   8   -0.0045025926
1   10   1   7   0.0107628506
1   10   2   8   0.0107628506
1   10   3   9   -0.0005457659
1   10   4   10   0.0075537525
1   10   5   8   -0.0000000000
1   10   5   11   0.0107357319
1   10   6   7   -0.0000000000
1   10   6   12   0.0107357319
1   11   1   7   0.0000000000
1   11   1   11   -0.0021903902
1   11   1   12   -0.0073581410
1   11   2   8   0.0000000000
1   11   2   11   -0.0073581410
1   11   2   12   0.0021903902
1   11   3   10   -0.0018288687
1   11   4   9   -0.0029691502
1   11   5   7   -0.0043379154
1   11   5   8   -0.0145722859
1   11   6   7   -0.0145722859
1   11   6   8   0.0043379154
1   12   1   7   -0.0062785204
1   12   2   8   -0.0062785204
1   12   3   9   0.0004653980
1   12   4   10   0.0037637809
1   12   5   11   -0.0011101300
1   12   6   12   -0.0011101300
1   13   1   9   0.0052397609
1   13   2   9   -0.0057973508
1   13   3   7   -0.0014821148
1   13   3   8   0.0016398343
1   13   4   11   -0.0014197857
1   13   4   12   0.0023337838
1   13   5   10   0.0012075851
1   13   6   10   -0.0019849774
1   14   1   9   0.0057973508
1   14   2   9   0.0052397609
1   14   3   7   -0.0016398343
1   14   3   8   -0.0014821148
1   14   4   11   0.0023337838
1   14   4   12   0.0014197857
1   14   5   10   -0.0019849774
1   14   6   10   -0.0012075851
2   8   1   11   0.0045025926
2   8   1   12   0.0151254832
2   8   2   11   0.0151254832
2   8   2   12   -0.0045025926
2   8   3   10   0.0058994978
2   8   4   9   0.0057086746
2   8   5   7   0.0043953736
2   8   5   8   0.0147653042
2   8   6   7   0.0147653042
2   8   6   8   -0.0043953736
2   9   1   7   0.0125735460
2   9   1   12   0.0000000000
2   9   2   8   0.0125735460
2   9   2   11   0.0000000000
2   9   3   9   0.0151304702
2   9   3   10   0.0000000000
2   9   4   9   0.0000000000
2   9   4   10   0.0102190527
2   9   5   8   0.0000000000
2   9   5   11   0.0191670108
2   9   6   7   0.0000000000
2   9   6   12   0.0191670108
2   10   1   11   0.0026166752
2   10   1   12   0.0087901528
2   10   2   11   0.0087901528
2   10   2   12   -0.0026166752
2   10   3   10   0.0018674409
2   10   4   9   0.0031693291
2   10   5   7   0.0034161535
2   10   5   8   0.0114758269
2   10   6   7   0.0114758269
2   10   6   8   -0.0034161535
2   11   1   7   -0.0140595996
2   11   2   8   -0.0140595996
2   11   3   9   0.0007849729
2   11   4   10   -0.0025982070
2   11   5   8   -0.0000000000
2   11   5   11   -0.0083862905
2   11   6   7   -0.0000000000
2   11   6   12   -0.0083862905
2   12   1   11   -0.0003206733
2   12   1   12   -0.0010772323
2   12   2   11   -0.0010772323
2   12   2   12   0.0003206733
2   12   3   10   -0.0008102791
2   12   4   9   0.0010111252
2   12   5   7   -0.0018115596
2   12   5   8   -0.0060855417
2   12   6   7   -0.0060855417
2   12   6   8   0.0018115596
2   13   1   10   -0.0015794392
2   13   2   10   0.0017475154
2   13   3   11   0.0008203018
2   13   3   12   -0.0013483775
2   13   4   7   -0.0025586526
2   13   4   8   0.0028309320
2   13   5   9   -0.0042952326
2   13   6   9   0.0070603221
2   14   1   10   -0.0017475154
2   14   2   10   -0.0015794392
2   14   3   11   -0.0013483775
2   14   3   12   -0.0008203018
2   14   4   7   -0.0028309320
2   14   4   8   -0.0025586526
2   14   5   9   0.0070603221
2   14   6   9   0.0042952326
3   8   1   7   0.0107628506
3   8   1   12   -0.0000000000
3   8   2   8   0.0107628506
3   8   2   11   -0.0000000000
3   8   3   9   -0.0005457659
3   8   4   10   0.0075537525
3   8   5   11   0.0107357319
3   8   6   12   0.0107357319
3   9   1   11   0.0034161535
3   9   1   12   0.0114758269
3   9   2   11   0.0114758269
3   9   2   12   -0.0034161535
3   9   3   10   0.0031693291
3   9   4   9   0.0018674409
3   9   5   7   0.0026166752
3   9   5   8   0.0087901528
3   9   6   7   0.0087901528
3   9   6   8   -0.0026166752
3   10   1   7   0.0390530858
3   10   2   8   0.0390530858
3   10   3   9   0.0542437145
3   10   4   10   0.0377750551
3   10   5   11   0.0249567214
3   10   6   12   0.0249567214
3   11   1   11   -0.0043791622
3   11   1   12   -0.0147108457
3   11   2   11   -0.0147108457
3   11   2   12   0.0043791622
3   11   3   10   0.0079051333
3   11   4   9   -0.0057655426
3   11   5   7   -0.0054965106
3   11   5   8   -0.0184643352
3   11   6   7   -0.0184643352
3   11   6   8   0.0054965106
3   12   1   7   -0.0217017111
3   12   2   8   -0.0217017111
3   12   3   9   0.0153555579
3   12   4   10   0.0222226785
3   12   5   11   -0.0010249013
3   12   6   12   -0.0010249013
3   13   1   9   0.0190069382
3   13   2   9   -0.0210295644
3   13   3   7   0.0408094591
3   13   3   8   -0.0451522038
3   13   4   11   -0.0135260356
3   13   4   12   0.0222335264
3   13   5   10   -0.0009633402
3   13   6   10   0.0015834980
3   14   1   9   0.0210295644
3   14   2   9   0.0190069382
3   14   3   7   0.0451522038
3   14   3   8   0.0408094591
3   14   4   11   0.0222335264
3   14   4   12   0.0135260356
3   14   5   10   0.0015834980
3   14   6   10   0.0009633402
4   8   1   7   0.0000000000
4   8   1   11   -0.0043379154
4   8   1   12   -0.0145722859
4   8   2   8   0.0000000000
4   8   2   11   -0.0145722859
4   8   2   12   0.0043379154
4   8   3   10   -0.0029691502
4   8   4   9   -0.0018288687
4   8   5   7   -0.0021903902
4   8   5   8   -0.0073581410
4   8   6   7   -0.0073581410
4   8   6   8   0.0021903902
4   9   1   7   -0.0140595996
4   9   1   12   -0.0000000000
4   9   2   8   -0.0140595996
4   9   2   11   -0.0000000000
4   9   3   9   0.0007849729
4   9   4   10   -0.0025982070
4   9   5   11   -0.0083862905
4   9   6   12   -0.0083862905
4   10   1   11   -0.0054965106
4   10   1   12   -0.0184643352
4   10   2   11   -0.0184643352
4   10   2   12   0.0054965106
4   10   3   10   -0.0057655426
4   10   4   9   0.0079051333
4   10   5   7   -0.0043791622
4   10   5   8   -0.0147108457
4   10   6   7   -0.0147108457
4   10   6   8   0.0043791622
4   11   1   7   0.0735966413
4   11   2   8   0.0735966413
4   11   3   9   0.0367836744
4   11   4   10   0.0160120714
4   11   5   11   0.0150179034
4   11   6   12   0.0150179034
4   12   1   11   -0.0001905386
4   12   1   12   -0.0006400731
4   12   2   11   -0.0006400731
4   12   2   12   0.0001905386
4   12   3   10   -0.0347083081
4   12   4   9   -0.0148825397
4   12   5   7   0.0020768041
4   12   5   8   0.0069765730
4   12   6   7   0.0069765730
4   12   6   8   -0.0020768041
4   13   1   10   0.0119491707
4   13   2   10   -0.0132207435
4   13   3   11   0.0157692072
4   13   3   12   -0.0259207572
4   13   4   7   0.0044103591
4   13   4   8   -0.0048796881
4   13   5   9   0.0054836382
4   13   6   9   -0.0090137730
4   14   1   10   0.0132207435
4   14   2   10   0.0119491707
4   14   3   11   -0.0259207572
4   14   3   12   -0.0157692072
4   14   4   7   0.0048796881
4   14   4   8   0.0044103591
4   14   5   9   -0.0090137730
4   14   6   9   -0.0054836382
5   8   1   7   -0.0062785204
5   8   2   8   -0.0062785204
5   8   3   9   0.0004653980
5   8   4   10   0.0037637809
5   8   5   11   -0.0011101300
5   8   6   12   -0.0011101300
5   9   1   11   -0.0018115596
5   9   1   12   -0.0060855417
5   9   2   11   -0.0060855417
5   9   2   12   0.0018115596
5   9   3   10   0.0010111252
5   9   4   9   -0.0008102791
5   9   5   7   -0.0003206733
5   9   5   8   -0.0010772323
5   9   6   7   -0.0010772323
5   9   6   8   0.0003206733
5   10   1   7   -0.0217017111
5   10   2   8   -0.0217017111
5   10   3   9   0.0153555579
5   10   4   10   0.0222226785
5   10   5   11   -0.0010249013
5   10   6   12   -0.0010249013
5   11   1   11   0.0020768041
5   11   1   12   0.0069765730
5   11   2   11   0.0069765730
5   11   2   12   -0.0020768041
5   11   3   10   -0.0148825397
5   11   4   9   -0.0347083081
5   11   5   7   -0.0001905386
5   11   5   8   -0.0006400731
5   11   6   7   -0.0006400731
5   11   6   8   0.0001905386
5   12   1   7   0.0386439497
5   12   2   8   0.0386439497
5   12   3   9   0.0366826745
5   12   4   10   0.0485030968
5   12   5   11   0.0107115834
5   12   6   12   0.0107115834
5   13   1   9   -0.0038512717
5   13   2   9   0.0042611053
5   13   3   7   0.0228929018
5   13   3   8   -0.0253290533
5   13   4   11   -0.0201295789
5   13   4   12   0.0330881522
5   13   5   10   -0.0002815624
5   13   6   10   0.0004628203
5   14   1   9   -0.0042611053
5   14   2   9   -0.0038512717
5   14   3   7   0.0253290533
5   14   3   8   0.0228929018
5   14   4   11   0.0330881522
5   14   4   12   0.0201295789
5   14   5   10   0.0004628203
5   14   6   10   0.0002815624
6   8   1   9   -0.0014821148
6   8   2   9   0.0016398343
6   8   3   7   0.0052397609
6   8   3   8   -0.0057973508
6   8   4   11   0.0012075851
6   8   4   12   -0.0019849774
6   8   5   10   -0.0014197857
6   8   6   10   0.0023337838
6   9   1   10   -0.0025586526
6   9   2   10   0.0028309320
6   9   3   11   -0.0042952326
6   9   3   12   0.0070603221
6   9   4   7   -0.0015794392
6   9   4   8   0.0017475154
6   9   5   9   0.0008203018
6   9   6   9   -0.0013483775
6   10   1   9   0.0408094591
6   10   2   9   -0.0451522038
6   10   3   7   0.0190069382
6   10   3   8   -0.0210295644
6   10   4   11   -0.0009633402
6   10   4   12   0.0015834980
6   10   5   10   -0.0135260356
6   10   6   10   0.0222335264
6   11   1   10   0.0044103591
6   11   2   10   -0.0048796881
6   11   3   11   0.0054836382
6   11   3   12   -0.0090137730
6   11   4   7   0.0119491707
6   11   4   8   -0.0132207435
6   11   5   9   0.0157692072
6   11   6   9   -0.0259207572
6   12   1   9   0.0228929018
6   12   2   9   -0.0253290533
6   12   3   7   -0.0038512717
6   12   3   8   0.0042611053
6   12   4   11   -0.0002815624
6   12   4   12   0.0004628203
6   12   5   10   -0.0201295789
6   12   6   10   0.0330881522
6   13   1   7   0.0711778482
6   13   1   8   -0.0587871528
6   13   2   7   -0.0587871528
6   13   2   8   0.0830878476
6   13   3   9   0.0211548153
6   13   4   10   0.0177471420
6   13   5   11   0.0224964060
6   13   5   12   -0.0267639138
6   13   6   11   -0.0267639138
6   13   6   12   0.0502076460
6   14   1   7   0.0587871528
6   14   1   8   0.0371177190
6   14   2   7   -0.0490277185
6   14   2   8   -0.0587871528
6   14   5   11   -0.0267639138
6   14   5   12   -0.0084986036
6   14   6   11   0.0362098436
6   14   6   12   0.0267639138
7   8   1   9   -0.0016398343
7   8   2   9   -0.0014821148
7   8   3   7   0.0057973508
7   8   3   8   0.0052397609
7   8   4   11   -0.0019849774
7   8   4   12   -0.0012075851
7   8   5   10   0.0023337838
7   8   6   10   0.0014197857
7   9   1   10   -0.0028309320
7   9   2   10   -0.0025586526
7   9   3   11   0.0070603221
7   9   3   12   0.0042952326
7   9   4   7   -0.0017475154
7   9   4   8   -0.0015794392
7   9   5   9   -0.0013483775
7   9   6   9   -0.0008203018
7   10   1   9   0.0451522038
7   10   2   9   0.0408094591
7   10   3   7   0.0210295644
7   10   3   8   0.0190069382
7   10   4   11   0.0015834980
7   10   4   12   0.0009633402
7   10   5   10   0.0222335264
7   10   6   10   0.0135260356
7   11   1   10   0.0048796881
7   11   2   10   0.0044103591
7   11   3   11   -0.0090137730
7   11   3   12   -0.0054836382
7   11   4   7   0.0132207435
7   11   4   8   0.0119491707
7   11   5   9   -0.0259207572
7   11   6   9   -0.0157692072
7   12   1   9   0.0253290533
7   12   2   9   0.0228929018
7   12   3   7   -0.0042611053
7   12   3   8   -0.0038512717
7   12   4   11   0.0004628203
7   12   4   12   0.0002815624
7   12   5   10   0.0330881522
7   12   6   10   0.0201295789
7   13   1   7   0.0587871528
7   13   1   8   -0.0490277185
7   13   2   7   0.0371177190
7   13   2   8   -0.0587871528
7   13   5   11   -0.0267639138
7   13   5   12   0.0362098436
7   13   6   11   -0.0084986036
7   13   6   12   0.0267639138
7   14   1   7   0.0830878476
7   14   1   8   0.0587871528
7   14   2   7   0.0587871528
7   14   2   8   0.0711778482
7   14   3   9   0.0211548153
7   14   4   10   0.0177471420
7   14   5   11   0.0502076460
7   14   5   12   0.0267639138
7   14   6   11   0.0267639138
7   14   6   12   0.0224964060

End IJAB Block
Begin ABCD Block
1   7   1   7   0.4860293942
1   7   2   8   0.0186008236
1   7   3   9   0.0220644611
1   7   4   10   0.0073443081
1   7   5   11   0.0105448923
1   7   5   12   0.0122555360
1   7   6   11   0.0122555360
1   7   6   12   0.0480664483
1   8   1   8   0.4488236048
1   8   2   7   0.0186049658
1   8   5   11   0.0122555360
1   8   5   12   0.0031441079
1   8   6   11   0.0343774481
1   8   6   12   -0.0122555360
1   9   1   9   0.3751854386
1   9   3   7   0.0221372302
1   9   4   11   0.0007278215
1   9   4   12   0.0024449585
1   9   5   10   0.0031913546
1   9   6   10   0.0107206638
1   10   1   10   0.3896294907
1   10   3   11   0.0031778430
1   10   3   12   0.0106752745
1   10   4   7   0.0073959503
1   10   5   9   0.0032262532
1   10   6   9   0.0108378978
1   11   1   11   0.4118635332
1   11   1   12   0.0074753454
1   11   2   11   0.0074753454
1   11   2   12   0.0114262184
1   11   3   10   0.0031677528
1   11   4   9   0.0007274241
1   11   5   7   0.0105811980
1   11   5   8   0.0123641875
1   11   6   7   0.0123641875
1   11   6   8   0.0346445307
1   12   1   11   0.0074753454
1   12   1   12   0.4347500549
1   12   2   11   0.0114603033
1   12   2   12   -0.0074753454
1   12   3   10   0.0106413785
1   12   4   9   0.0024436236
1   12   5   7   0.0123641875
1   12   5   8   0.0032096727
1   12   6   7   0.0484354014
1   12   6   8   -0.0123641875
2   7   1   8   0.0186049658
2   7   2   7   0.4488236048
2   7   5   11   0.0122555360
2   7   5   12   0.0343774481
2   7   6   11   0.0031441079
2   7   6   12   -0.0122555360
2   8   1   7   0.0186008236
2   8   2   8   0.4860293942
2   8   3   9   0.0220644611
2   8   4   10   0.0073443081
2   8   5   11   0.0480664483
2   8   5   12   -0.0122555360
2   8   6   11   -0.0122555360
2   8   6   12   0.0105448923
2   9   2   9   0.3751854386
2   9   3   8   0.0221372302
2   9   4   11   0.0024449585
2   9   4   12   -0.0007278215
2   9   5   10   0.0107206638
2   9   6   10   -0.0031913546
2   10   2   10   0.3896294907
2   10   3   11   0.0106752745
2   10   3   12   -0.0031778430
2   10   4   8   0.0073959503
2   10   5   9   0.0108378978
2   10   6   9   -0.0032262532
2   11   1   11   0.0074753454
2   11   1   12   0.0114603033
2   11   2   11   0.4347500549
2   11   2   12   -0.0074753454
2   11   3   10   0.0106413785
2   11   4   9   0.0024436236
2   11   5   7   0.0123641875
2   11   5   8   0.0484354014
2   11   6   7   0.0032096727
2   11   6   8   -0.0123641875
2   12   1   11   0.0114262184
2   12   1   12   -0.0074753454
2   12   2   11   -0.0074753454
2   12   2   12   0.4118635332
2   12   3   10   -0.0031677528
2   12   4   9   -0.0007274241
2   12   5   7   0.0346445307
2   12   5   8   -0.0123641875
2   12   6   7   -0.0123641875
2   12   6   8   0.0105811980
3   7   1   9   0.0221372302
3   7   3   7   0.3751854386
3   7   4   11   0.0031913546
3   7   4   12   0.0107206638
3   7   5   10   0.0007278215
3   7   6   10   0.0024449585
3   8   2   9   0.0221372302
3   8   3   8   0.3751854386
3   8   4   11   0.0107206638
3   8   4   12   -0.0031913546
3   8   5   10   0.0024449585
3   8   6   10   -0.0007278215
3   9   1   7   0.0220644611
3   9   2   8   0.0220644611
3   9   3   9   0.3661644313
3   9   4   10   0.0750812180
3   9   5   11   0.0119381651
3   9   6   12   0.0119381651
3   10   1   11   0.0031677528
3   10   1   12   0.0106413785
3   10   2   11   0.0106413785
3   10   2   12   -0.0031677528
3   10   3   10   0.3590864061
3   10   4   9   0.0751534907
3   10   5   7   0.0007274241
3   10   5   8   0.0024436236
3   10   6   7   0.0024436236
3   10   6   8   -0.0007274241
3   11   1   10   0.0031778430
3   11   2   10   0.0106752745
3   11   3   11   0.3463752963
3   11   4   7   0.0032262532
3   11   4   8   0.0108378978
3   11   5   9   0.0119849228
3   12   1   10   0.0106752745
3   12   2   10   -0.0031778430
3   12   3   12   0.3463752963
3   12   4   7   0.0108378978
3   12   4   8   -0.0032262532
3   12   6   9   0.0119849228
4   7   1   10   0.0073959503
4   7   3   11   0.0032262532
4   7   3   12   0.0108378978
4   7   4   7   0.3896294907
4   7   5   9   0.0031778430
4   7   6   9   0.0106752745
4   8   2   10   0.0073959503
4   8   3   11   0.0108378978
4   8   3   12   -0.0032262532
4   8   4   8   0.3896294907
4   8   5   9   0.0106752745
4   8   6   9   -0.0031778430
4   9   1   11   0.0007274241
4   9   1   12   0.0024436236
4   9   2   11   0.0024436236
4   9   2   12   -0.0007274241
4   9   3   10   0.0751534907
4   9   4   9   0.3590864061
4   9   5   7   0.0031677528
4   9   5   8   0.0106413785
4   9   6   7   0.0106413785
4   9   6   8   -0.0031677528
4   10   1   7   0.0073443081
4   10   2   8   0.0073443081
4   10   3   9   0.0750812180
4   10   4   10   0.3754030670
4   10   5   11   0.0168866516
4   10   6   12   0.0168866516
4   11   1   9   0.0007278215
4   11   2   9   0.0024449585
4   11   3   7   0.0031913546
4   11   3   8   0.0107206638
4   11   4   11   0.3711586191
4   11   5   10   0.0169204133
4   12   1   9   0.0024449585
4   12   2   9   -0.0007278215
4   12   3   7   0.0107206638
4   12   3   8   -0.0031913546
4   12   4   12   0.3711586191
4   12   6   10   0.0169204133
5   7   1   11   0.0105811980
5   7   1   12   0.0123641875
5   7   2   11   0.0123641875
5   7   2   12   0.0346445307
5   7   3   10   0.0007274241
5   7   4   9   0.0031677528
5   7   5   7   0.4118635332
5   7   5   8   0.0074753454
5   7   6   7   0.0074753454
5   7   6   8   0.0114262184
5   8   1   11   0.0123641875
5   8   1   12   0.0032096727
5   8   2   11   0.0484354014
5   8   2   12   -0.0123641875
5   8   3   10   0.0024436236
5   8   4   9   0.0106413785
5   8   5   7   0.0074753454
5   8   5   8   0.4347500549
5   8   6   7   0.0114603033
5   8   6   8   -0.0074753454
5   9   1   10   0.0032262532
5   9   2   10   0.0108378978
5   9   3   11   0.0119849228
5   9   4   7   0.0031778430
5   9   4   8   0.0106752745
5   9   5   9   0.3463752963
5   10   1   9   0.0031913546
5   10   2   9   0.0107206638
5   10   3   7   0.0007278215
5   10   3   8   0.0024449585
5   10   4   11   0.0169204133
5   10   5   10   0.3711586191
5   11   1   7   0.0105448923
5   11   1   8   0.0122555360
5   11   2   7   0.0122555360
5   11   2   8   0.0480664483
5   11   3   9   0.0119381651
5   11   4   10   0.0168866516
5   11   5   11   0.4236294081
5   11   6   12   0.0160762816
5   12   1   7   0.0122555360
5   12   1   8   0.0031441079
5   12   2   7   0.0343774481
5   12   2   8   -0.0122555360
5   12   5   12   0.3914768228
5   12   6   11   0.0160763036
6   7   1   11   0.0123641875
6   7   1   12   0.0484354014
6   7   2   11   0.0032096727
6   7   2   12   -0.0123641875
6   7   3   10   0.0024436236
6   7   4   9   0.0106413785
6   7   5   7   0.0074753454
6   7   5   8   0.0114603033
6   7   6   7   0.4347500549
6   7   6   8   -0.0074753454
6   8   1   11   0.0346445307
6   8   1   12   -0.0123641875
6   8   2   11   -0.0123641875
6   8   2   12   0.0105811980
6   8   3   10   -0.0007274241
6   8   4   9   -0.0031677528
6   8   5   7   0.0114262184
6   8   5   8   -0.0074753454
6   8   6   7   -0.0074753454
6   8   6   8   0.4118635332
6   9   1   10   0.0108378978
6   9   2   10   -0.0032262532
6   9   3   12   0.0119849228
6   9   4   7   0.0106752745
6   9   4   8   -0.0031778430
6   9   6   9   0.3463752963
6   10   1   9   0.0107206638
6   10   2   9   -0.0031913546
6   10   3   7   0.0024449585
6   10   3   8   -0.0007278215
6   10   4   12   0.0169204133
6   10   6   10   0.3711586191
6   11   1   7   0.0122555360
6   11   1   8   0.0343774481
6   11   2   7   0.0031441079
6   11   2   8   -0.0122555360
6   11   5   12   0.0160763036
6   11   6   11   0.3914768228
6   12   1   7   0.0480664483
6   12   1   8   -0.0122555360
6   12   2   7   -0.0122555360
6   12   2   8   0.0105448923
6   12   3   9   0.0119381651
6   12   4   10   0.0168866516
6   12   5   11   0.0160762816
6   12   6   12   0.4236294081

End ABCD Block
Begin AIJB Block
1   8   1   7   0.0120851975
1   8   1   12   -0.0000000000
1   8   2   11   0.0043726475
1   8   2   12   0.0146889611
1   8   3   7   0.0102588962
1   8   3   12   -0.0000000000
1   8   4   7   0.0000000000
1   8   4   11   -0.0042970225
1   8   4   12   -0.0144349153
1   8   5   7   -0.0061552232
1   8   6   9   -0.0020189675
1   8   7   9   -0.0022338162
1   9   1   11   0.0042670542
1   9   1   12   0.0143342430
1   9   2   7   0.0123838932
1   9   2   12   0.0000000000
1   9   3   11   0.0033421664
1   9   3   12   0.0112272833
1   9   4   7   -0.0135946948
1   9   4   12   -0.0000000000
1   9   5   11   -0.0017926991
1   9   5   12   -0.0060221837
1   9   6   10   -0.0024662418
1   9   7   10   -0.0027286873
1   10   1   7   0.0102588962
1   10   2   11   0.0024968556
1   10   2   12   0.0083876447
1   10   3   7   0.0357992946
1   10   4   11   -0.0049080183
1   10   4   12   -0.0164874230
1   10   5   7   -0.0202141860
1   10   6   9   0.0387774294
1   10   7   9   0.0429039354
1   11   1   7   0.0000000000
1   11   1   11   -0.0020314787
1   11   1   12   -0.0068243121
1   11   2   7   -0.0135946948
1   11   3   11   -0.0034634325
1   11   3   12   -0.0116346504
1   11   4   7   0.0688552244
1   11   5   11   0.0014693869
1   11   5   12   0.0049360868
1   11   6   10   0.0044348140
1   11   7   10   0.0049067454
1   12   1   7   -0.0061552232
1   12   2   11   -0.0002856606
1   12   2   12   -0.0009596148
1   12   3   7   -0.0202141860
1   12   4   11   -0.0007861515
1   12   4   12   -0.0026409055
1   12   5   7   0.0340142935
1   12   6   9   0.0220029564
1   12   7   9   0.0243444043
1   13   1   9   0.0047833878
1   13   2   10   -0.0016205489
1   13   3   9   0.0157690808
1   13   4   10   0.0121893051
1   13   5   9   -0.0041631511
1   13   6   7   0.0696878805
1   13   6   8   -0.0598280186
1   13   7   7   0.0598280186
1   13   7   8   -0.0505514753
1   14   1   9   0.0052924128
1   14   2   10   -0.0017929998
1   14   3   9   0.0174471499
1   14   4   10   0.0134864318
1   14   5   9   -0.0046061735
1   14   6   7   0.0598280186
1   14   6   8   0.0384306013
1   14   7   7   0.0818087545
1   14   7   8   0.0598280186
2   8   1   8   0.0120851975
2   8   1   11   -0.0000000000
2   8   2   11   0.0146889611
2   8   2   12   -0.0043726475
2   8   3   8   0.0102588962
2   8   3   11   -0.0000000000
2   8   4   8   0.0000000000
2   8   4   11   -0.0144349153
2   8   4   12   0.0042970225
2   8   5   8   -0.0061552232
2   8   6   9   0.0022338162
2   8   7   9   -0.0020189675
2   9   1   11   0.0143342430
2   9   1   12   -0.0042670542
2   9   2   8   0.0123838932
2   9   2   11   0.0000000000
2   9   3   11   0.0112272833
2   9   3   12   -0.0033421664
2   9   4   8   -0.0135946948
2   9   4   11   -0.0000000000
2   9   5   11   -0.0060221837
2   9   5   12   0.0017926991
2   9   6   10   0.0027286873
2   9   7   10   -0.0024662418
2   10   1   8   0.0102588962
2   10   2   11   0.0083876447
2   10   2   12   -0.0024968556
2   10   3   8   0.0357992946
2   10   4   11   -0.0164874230
2   10   4   12   0.0049080183
2   10   5   8   -0.0202141860
2   10   6   9   -0.0429039354
2   10   7   9   0.0387774294
2   11   1   8   0.0000000000
2   11   1   11   -0.0068243121
2   11   1   12   0.0020314787
2   11   2   8   -0.0135946948
2   11   3   11   -0.0116346504
2   11   3   12   0.0034634325
2   11   4   8   0.0688552244
2   11   5   11   0.0049360868
2   11   5   12   -0.0014693869
2   11   6   10   -0.0049067454
2   11   7   10   0.0044348140
2   12   1   8   -0.0061552232
2   12   2   11   -0.0009596148
2   12   2   12   0.0002856606
2   12   3   8   -0.0202141860
2   12   4   11   -0.0026409055
2   12   4   12   0.0007861515
2   12   5   8   0.0340142935
2   12   6   9   -0.0243444043
2   12   7   9   0.0220029564
2   13   1   9   -0.0052924128
2   13   2   10   0.0017929998
2   13   3   9   -0.0174471499
2   13   4   10   -0.0134864318
2   13   5   9   0.0046061735
2   13   6   7   -0.0598280186
2   13   6   8   0.0818087545
2   13   7   7   0.0384306013
2   13   7   8   -0.0598280186
2   14   1   9   0.0047833878
2   14   2   10   -0.0016205489
2   14   3   9   0.0157690808
2   14   4   10   0.0121893051
2   14   5   9   -0.0041631511
2   14   6   7   -0.0505514753
2   14   6   8   -0.0598280186
2   14   7   7   0.0598280186
2   14   7   8   0.0696878805
3   8   1   9   0.0146466216
3   8   2   10   0.0054157454
3   8   3   9   -0.0012450189
3   8   4   10   -0.0029398350
3   8   5   9   0.0001468107
3   8   6   7   0.0047833878
3   8   6   8   -0.0052924128
3   8   7   7   0.0052924128
3   8   7   8   0.0047833878
3   9   1   10   0.0052247269
3   9   2   9   0.0147338076
3   9   3   10   0.0031065465
3   9   4   9   0.0005959675
3   9   5   10   0.0009781747
3   9   6   11   -0.0043121027
3   9   6   12   0.0070880524
3   9   7   11   0.0070880524
3   9   7   12   0.0043121027
3   10   1   9   -0.0012450189
3   10   2   10   0.0017090869
3   10   3   9   0.0450932394
3   10   4   10   -0.0055878569
3   10   5   9   0.0123321485
3   10   6   7   0.0157690808
3   10   6   8   -0.0174471499
3   10   7   7   0.0174471499
3   10   7   8   0.0157690808
3   11   1   10   -0.0017562125
3   11   2   9   0.0005959675
3   11   3   10   0.0081015404
3   11   4   9   0.0365446483
3   11   5   10   -0.0154336385
3   11   6   11   0.0054208696
3   11   6   12   -0.0089105966
3   11   7   11   -0.0089105966
3   11   7   12   -0.0054208696
3   12   1   9   0.0001468107
3   12   2   10   -0.0007440782
3   12   3   9   0.0123321485
3   12   4   10   -0.0349879159
3   12   5   9   0.0347752697
3   12   6   7   -0.0041631511
3   12   6   8   0.0046061735
3   12   7   7   -0.0046061735
3   12   7   8   -0.0041631511
3   13   1   7   -0.0020189675
3   13   1   8   0.0022338162
3   13   2   11   0.0008096899
3   13   2   12   -0.0013309342
3   13   3   7   0.0387774294
3   13   3   8   -0.0429039354
3   13   4   11   0.0157555576
3   13   4   12   -0.0258983205
3   13   5   7   0.0220029564
3   13   5   8   -0.0243444043
3   13   6   9   0.0193085956
3   14   1   7   -0.0022338162
3   14   1   8   -0.0020189675
3   14   2   11   -0.0013309342
3   14   2   12   -0.0008096899
3   14   3   7   0.0429039354
3   14   3   8   0.0387774294
3   14   4   11   -0.0258983205
3   14   4   12   -0.0157555576
3   14   5   7   0.0243444043
3   14   5   8   0.0220029564
3   14   7   9   0.0193085956
4   8   1   10   0.0103276605
4   8   2   9   0.0052247269
4   8   3   10   0.0072496516
4   8   4   9   -0.0017562125
4   8   5   10   0.0037870875
4   8   6   11   0.0012806497
4   8   6   12   -0.0021050779
4   8   7   11   -0.0021050779
4   8   7   12   -0.0012806497
4   9   1   9   0.0054157454
4   9   2   10   0.0098350267
4   9   3   9   0.0017090869
4   9   4   10   -0.0024380681
4   9   5   9   -0.0007440782
4   9   6   7   -0.0016205489
4   9   6   8   0.0017929998
4   9   7   7   -0.0017929998
4   9   7   8   -0.0016205489
4   10   1   10   0.0072496516
4   10   2   9   0.0031065465
4   10   3   10   0.0373085902
4   10   4   9   0.0081015404
4   10   5   10   0.0232477065
4   10   6   11   -0.0010330171
4   10   6   12   0.0016980299
4   10   7   11   0.0016980299
4   10   7   12   0.0010330171
4   11   1   9   -0.0029398350
4   11   2   10   -0.0024380681
4   11   3   9   -0.0055878569
4   11   4   10   0.0160062301
4   11   5   9   -0.0349879159
4   11   6   7   0.0121893051
4   11   6   8   -0.0134864318
4   11   7   7   0.0134864318
4   11   7   8   0.0121893051
4   12   1   10   0.0037870875
4   12   2   9   0.0009781747
4   12   3   10   0.0232477065
4   12   4   9   -0.0154336385
4   12   5   10   0.0502412493
4   12   6   11   -0.0002293837
4   12   6   12   0.0003770513
4   12   7   11   0.0003770513
4   12   7   12   0.0002293837
4   13   1   11   -0.0013405647
4   13   1   12   0.0022035637
4   13   2   7   -0.0024662418
4   13   2   8   0.0027286873
4   13   3   11   -0.0142355356
4   13   3   12   0.0233997725
4   13   4   7   0.0044348140
4   13   4   8   -0.0049067454
4   13   5   11   -0.0213239676
4   13   5   12   0.0350514379
4   13   6   10   0.0180642088
4   14   1   11   0.0022035637
4   14   1   12   0.0013405647
4   14   2   7   -0.0027286873
4   14   2   8   -0.0024662418
4   14   3   11   0.0233997725
4   14   3   12   0.0142355356
4   14   4   7   0.0049067454
4   14   4   8   0.0044348140
4   14   5   11   0.0350514379
4   14   5   12   0.0213239676
4   14   7   10   0.0180642088
5   8   1   8   -0.0000000000
5   8   1   11   0.0192850969
5   8   2   7   0.0042670542
5   8   2   8   0.0143342430
5   8   3   11   0.0104529779
5   8   4   7   -0.0020314787
5   8   4   8   -0.0068243121
5   8   5   11   -0.0008109766
5   8   6   10   -0.0013405647
5   8   7   10   0.0022035637
5   9   1   7   0.0043726475
5   9   1   8   0.0146889611
5   9   2   8   0.0000000000
5   9   2   11   0.0188243463
5   9   3   7   0.0024968556
5   9   3   8   0.0083876447
5   9   4   11   -0.0081625377
5   9   5   7   -0.0002856606
5   9   5   8   -0.0009596148
5   9   6   9   0.0008096899
5   9   7   9   -0.0013309342
5   10   1   8   -0.0000000000
5   10   1   11   0.0104529779
5   10   2   7   0.0033421664
5   10   2   8   0.0112272833
5   10   3   11   0.0247078709
5   10   4   7   -0.0034634325
5   10   4   8   -0.0116346504
5   10   5   11   0.0014926460
5   10   6   10   -0.0142355356
5   10   7   10   0.0233997725
5   11   1   7   -0.0042970225
5   11   1   8   -0.0144349153
5   11   2   8   -0.0000000000
5   11   2   11   -0.0081625377
5   11   3   7   -0.0049080183
5   11   3   8   -0.0164874230
5   11   4   11   0.0145619821
5   11   5   7   -0.0007861515
5   11   5   8   -0.0026409055
5   11   6   9   0.0157555576
5   11   7   9   -0.0258983205
5   12   1   11   -0.0008109766
5   12   2   7   -0.0017926991
5   12   2   8   -0.0060221837
5   12   3   11   0.0014926460
5   12   4   7   0.0014693869
5   12   4   8   0.0049360868
5   12   5   11   0.0108806283
5   12   6   10   -0.0213239676
5   12   7   10   0.0350514379
5   13   1   10   0.0012806497
5   13   2   9   -0.0043121027
5   13   3   10   -0.0010330171
5   13   4   9   0.0054208696
5   13   5   10   -0.0002293837
5   13   6   11   0.0256214207
5   13   6   12   -0.0286141606
5   13   7   11   -0.0286141606
5   13   7   12   0.0387845729
5   14   1   10   -0.0021050779
5   14   2   9   0.0070880524
5   14   3   10   0.0016980299
5   14   4   9   -0.0089105966
5   14   5   10   0.0003770513
5   14   6   11   -0.0286141606
5   14   6   12   -0.0091575954
5   14   7   11   0.0552483983
5   14   7   12   0.0286141606
6   8   1   7   -0.0000000000
6   8   1   12   0.0192850969
6   8   2   7   0.0143342430
6   8   2   8   -0.0042670542
6   8   3   12   0.0104529779
6   8   4   7   -0.0068243121
6   8   4   8   0.0020314787
6   8   5   12   -0.0008109766
6   8   6   10   0.0022035637
6   8   7   10   0.0013405647
6   9   1   7   0.0146889611
6   9   1   8   -0.0043726475
6   9   2   7   0.0000000000
6   9   2   12   0.0188243463
6   9   3   7   0.0083876447
6   9   3   8   -0.0024968556
6   9   4   12   -0.0081625377
6   9   5   7   -0.0009596148
6   9   5   8   0.0002856606
6   9   6   9   -0.0013309342
6   9   7   9   -0.0008096899
6   10   1   7   -0.0000000000
6   10   1   12   0.0104529779
6   10   2   7   0.0112272833
6   10   2   8   -0.0033421664
6   10   3   12   0.0247078709
6   10   4   7   -0.0116346504
6   10   4   8   0.0034634325
6   10   5   12   0.0014926460
6   10   6   10   0.0233997725
6   10   7   10   0.0142355356
6   11   1   7   -0.0144349153
6   11   1   8   0.0042970225
6   11   2   7   -0.0000000000
6   11   2   12   -0.0081625377
6   11   3   7   -0.0164874230
6   11   3   8   0.0049080183
6   11   4   12   0.0145619821
6   11   5   7   -0.0026409055
6   11   5   8   0.0007861515
6   11   6   9   -0.0258983205
6   11   7   9   -0.0157555576
6   12   1   12   -0.0008109766
6   12   2   7   -0.0060221837
6   12   2   8   0.0017926991
6   12   3   12   0.0014926460
6   12   4   7   0.0049360868
6   12   4   8   -0.0014693869
6   12   5   12   0.0108806283
6   12   6   10   0.0350514379
6   12   7   10   0.0213239676
6   13   1   10   -0.0021050779
6   13   2   9   0.0070880524
6   13   3   10   0.0016980299
6   13   4   9   -0.0089105966
6   13   5   10   0.0003770513
6   13   6   11   -0.0286141606
6   13   6   12   0.0552483983
6   13   7   11   -0.0091575954
6   13   7   12   0.0286141606
6   14   1   10   -0.0012806497
6   14   2   9   0.0043121027
6   14   3   10   0.0010330171
6   14   4   9   -0.0054208696
6   14   5   10   0.0002293837
6   14   6   11   0.0387845729
6   14   6   12   0.0286141606
6   14   7   11   0.0286141606
6   14   7   12   0.0256214207

1   8   8   1   -0.6200240167
1   8   8   5   0.0000000000
1   8   8   6   0.0000000000
1   8   9   5   -0.0472512565
1   8   9   6   -0.1587303487
1   8   10   1   0.0042938194
1   8   11   5   -0.0014840310
1   8   11   6   -0.0049852804
1   8   12   1   -0.0026270987
1   8   13   3   -0.0053981868
1   8   14   3   -0.0059726356
1   9   8   5   -0.0472508266
1   9   8   6   -0.1587289044
1   9   9   1   -0.6200463670
1   9   9   5   -0.0000000000
1   9   9   6   -0.0000000000
1   9   10   5   0.0017856431
1   9   10   6   0.0059984806
1   9   11   1   -0.0049024152
1   9   12   5   -0.0003956127
1   9   12   6   -0.0013289751
1   9   13   4   0.0007810929
1   9   14   4   0.0008642130
1   10   8   1   0.0042938194
1   10   9   5   0.0018014965
1   10   9   6   0.0060517369
1   10   10   1   -0.5248386066
1   10   11   5   0.0100937300
1   10   11   6   0.0339076969
1   10   12   1   -0.0270472606
1   10   13   3   -0.0256591851
1   10   14   3   -0.0283897111
1   11   8   5   -0.0014703300
1   11   8   6   -0.0049392547
1   11   9   1   -0.0049024152
1   11   10   5   0.0099751637
1   11   10   6   0.0335093990
1   11   11   1   -0.4804455376
1   11   12   5   -0.0101827384
1   11   12   6   -0.0342067014
1   11   13   4   -0.0042851337
1   11   14   4   -0.0047411368
1   12   8   1   -0.0026270987
1   12   9   5   -0.0003695480
1   12   9   6   -0.0012414162
1   12   10   1   -0.0270472606
1   12   11   5   -0.0102166758
1   12   11   6   -0.0343207066
1   12   12   1   -0.4832672834
1   12   13   3   0.0016561213
1   12   14   3   0.0018323577
1   13   8   3   -0.0052819768
1   13   9   4   0.0008286491
1   13   10   3   -0.0257273775
1   13   11   4   -0.0041157596
1   13   12   3   0.0010766951
1   13   13   1   -0.4846715673
1   13   13   2   0.0183176129
1   13   14   1   -0.0183176129
1   13   14   2   0.0004320122
1   14   8   3   -0.0058440591
1   14   9   4   0.0009168299
1   14   10   3   -0.0284651602
1   14   11   4   -0.0045537387
1   14   12   3   0.0011912718
1   14   13   1   -0.0183176129
1   14   13   2   0.0032790497
1   14   14   1   -0.4883826292
1   14   14   2   -0.0183176129
2   8   8   2   -0.6200240167
2   8   8   5   0.0000000000
2   8   8   6   -0.0000000000
2   8   9   5   -0.1587303487
2   8   9   6   0.0472512565
2   8   10   2   0.0042938194
2   8   11   5   -0.0049852804
2   8   11   6   0.0014840310
2   8   12   2   -0.0026270987
2   8   13   3   0.0059726356
2   8   14   3   -0.0053981868
2   9   8   5   -0.1587289044
2   9   8   6   0.0472508266
2   9   9   2   -0.6200463670
2   9   9   5   -0.0000000000
2   9   9   6   0.0000000000
2   9   10   5   0.0059984806
2   9   10   6   -0.0017856431
2   9   11   2   -0.0049024152
2   9   12   5   -0.0013289751
2   9   12   6   0.0003956127
2   9   13   4   -0.0008642130
2   9   14   4   0.0007810929
2   10   8   2   0.0042938194
2   10   9   5   0.0060517369
2   10   9   6   -0.0018014965
2   10   10   2   -0.5248386066
2   10   11   5   0.0339076969
2   10   11   6   -0.0100937300
2   10   12   2   -0.0270472606
2   10   13   3   0.0283897111
2   10   14   3   -0.0256591851
2   11   8   5   -0.0049392547
2   11   8   6   0.0014703300
2   11   9   2   -0.0049024152
2   11   10   5   0.0335093990
2   11   10   6   -0.0099751637
2   11   11   2   -0.4804455376
2   11   12   5   -0.0342067014
2   11   12   6   0.0101827384
2   11   13   4   0.0047411368
2   11   14   4   -0.0042851337
2   12   8   2   -0.0026270987
2   12   9   5   -0.0012414162
2   12   9   6   0.0003695480
2   12   10   2   -0.0270472606
2   12   11   5   -0.0343207066
2   12   11   6   0.0102166758
2   12   12   2   -0.4832672834
2   12   13   3   -0.0018323577
2   12   14   3   0.0016561213
2   13   8   3   0.0058440591
2   13   9   4   -0.0009168299
2   13   10   3   0.0284651602
2   13   11   4   0.0045537387
2   13   12   3   -0.0011912718
2   13   13   1   0.0183176129
2   13   13   2   -0.4883826292
2   13   14   1   0.0032790497
2   13   14   2   0.0183176129
2   14   8   3   -0.0052819768
2   14   9   4   0.0008286491
2   14   10   3   -0.0257273775
2   14   11   4   -0.0041157596
2   14   12   3   0.0010766951
2   14   13   1   0.0004320122
2   14   13   2   0.0183176129
2   14   14   1   -0.0183176129
2   14   14   2   -0.4846715673
3   8   8   3   -0.4756208531
3   8   8   4   -0.0000000000
3   8   9   4   0.0167334202
3   8   10   3   0.0018792997
3   8   11   4   -0.0045352265
3   8   12   3   -0.0058428904
3   8   13   1   -0.0052819768
3   8   13   2   0.0058440591
3   8   14   1   -0.0058440591
3   8   14   2   -0.0052819768
3   9   8   4   0.0167326403
3   9   9   3   -0.4756203338
3   9   9   4   0.0000000000
3   9   10   4   -0.0014696266
3   9   11   3   -0.0057236679
3   9   12   4   -0.0074230297
3   9   13   5   0.0032132021
3   9   13   6   -0.0052817259
3   9   14   5   -0.0052817259
3   9   14   6   -0.0032132021
3   10   8   3   0.0018792997
3   10   9   4   -0.0013350207
3   10   10   3   -0.4265029870
3   10   11   4   -0.0324129292
3   10   12   3   -0.0248156419
3   10   13   1   -0.0257273775
3   10   13   2   0.0284651602
3   10   14   1   -0.0284651602
3   10   14   2   -0.0257273775
3   11   8   4   -0.0045211292
3   11   9   3   -0.0057236679
3   11   10   4   -0.0324931575
3   11   11   3   -0.3911151017
3   11   12   4   0.0753202786
3   11   13   5   -0.0084023583
3   11   13   6   0.0138114419
3   11   14   5   0.0138114419
3   11   14   6   0.0084023583
3   12   8   3   -0.0058428904
3   12   9   4   -0.0072390874
3   12   10   3   -0.0248156419
3   12   11   4   0.0752158626
3   12   12   3   -0.4037344692
3   12   13   1   0.0010766951
3   12   13   2   -0.0011912718
3   12   14   1   0.0011912718
3   12   14   2   0.0010766951
3   13   8   1   -0.0053981868
3   13   8   2   0.0059726356
3   13   9   5   0.0031481351
3   13   9   6   -0.0051747715
3   13   10   1   -0.0256591851
3   13   10   2   0.0283897111
3   13   11   5   -0.0083888715
3   13   11   6   0.0137892729
3   13   12   1   0.0016561213
3   13   12   2   -0.0018323577
3   13   13   3   -0.3866160101
3   14   8   1   -0.0059726356
3   14   8   2   -0.0053981868
3   14   9   5   -0.0051747715
3   14   9   6   -0.0031481351
3   14   10   1   -0.0283897111
3   14   10   2   -0.0256591851
3   14   11   5   0.0137892729
3   14   11   6   0.0083888715
3   14   12   1   0.0018323577
3   14   12   2   0.0016561213
3   14   14   3   -0.3866160101
4   8   8   3   -0.0000000000
4   8   8   4   -0.5045294756
4   8   9   3   0.0167326403
4   8   10   4   0.0008470450
4   8   11   3   -0.0045211292
4   8   12   4   -0.0073997371
4   8   13   5   0.0008733526
4   8   13   6   -0.0014355801
4   8   14   5   -0.0014355801
4   8   14   6   -0.0008733526
4   9   8   3   0.0167334202
4   9   9   3   0.0000000000
4   9   9   4   -0.5045424988
4   9   10   3   -0.0013350207
4   9   11   4   -0.0061608668
4   9   12   3   -0.0072390874
4   9   13   1   0.0008286491
4   9   13   2   -0.0009168299
4   9   14   1   0.0009168299
4   9   14   2   0.0008286491
4   10   8   4   0.0008470450
4   10   9   3   -0.0014696266
4   10   10   4   -0.4660235218
4   10   11   3   -0.0324931575
4   10   12   4   -0.0400793064
4   10   13   5   0.0111176219
4   10   13   6   -0.0182746777
4   10   14   5   -0.0182746777
4   10   14   6   -0.0111176219
4   11   8   3   -0.0045352265
4   11   9   4   -0.0061608668
4   11   10   3   -0.0324129292
4   11   11   4   -0.3993458669
4   11   12   3   0.0752158626
4   11   13   1   -0.0041157596
4   11   13   2   0.0045537387
4   11   14   1   -0.0045537387
4   11   14   2   -0.0041157596
4   12   8   4   -0.0073997371
4   12   9   3   -0.0074230297
4   12   10   4   -0.0400793064
4   12   11   3   0.0753202786
4   12   12   4   -0.4173835003
4   12   13   5   0.0022924400
4   12   13   6   -0.0037682161
4   12   14   5   -0.0037682161
4   12   14   6   -0.0022924400
4   13   8   5   0.0009055288
4   13   8   6   -0.0014884699
4   13   9   1   0.0007810929
4   13   9   2   -0.0008642130
4   13   10   5   0.0109605094
4   13   10   6   -0.0180164227
4   13   11   1   -0.0042851337
4   13   11   2   0.0047411368
4   13   12   5   0.0022933635
4   13   12   6   -0.0037697341
4   13   13   4   -0.4129384723
4   14   8   5   -0.0014884699
4   14   8   6   -0.0009055288
4   14   9   1   0.0008642130
4   14   9   2   0.0007810929
4   14   10   5   -0.0180164227
4   14   10   6   -0.0109605094
4   14   11   1   -0.0047411368
4   14   11   2   -0.0042851337
4   14   12   5   -0.0037697341
4   14   12   6   -0.0022933635
4   14   14   4   -0.4129384723
5   8   8   1   0.0000000000
5   8   8   2   0.0000000000
5   8   8   5   -0.5960664335
5   8   9   1   -0.0472508266
5   8   9   2   -0.1587289044
5   8   10   5   0.0048130058
5   8   11   1   -0.0014703300
5   8   11   2   -0.0049392547
5   8   12   5   -0.0077315008
5   8   13   4   0.0009055288
5   8   14   4   -0.0014884699
5   9   8   1   -0.0472512565
5   9   8   2   -0.1587303487
5   9   9   1   -0.0000000000
5   9   9   2   -0.0000000000
5   9   9   5   -0.5960881760
5   9   10   1   0.0018014965
5   9   10   2   0.0060517369
5   9   11   5   -0.0090620152
5   9   12   1   -0.0003695480
5   9   12   2   -0.0012414162
5   9   13   3   0.0031481351
5   9   14   3   -0.0051747715
5   10   8   5   0.0048130058
5   10   9   1   0.0017856431
5   10   9   2   0.0059984806
5   10   10   5   -0.4976942533
5   10   11   1   0.0099751637
5   10   11   2   0.0335093990
5   10   12   5   -0.0397465212
5   10   13   4   0.0109605094
5   10   14   4   -0.0180164227
5   11   8   1   -0.0014840310
5   11   8   2   -0.0049852804
5   11   9   5   -0.0090620152
5   11   10   1   0.0100937300
5   11   10   2   0.0339076969
5   11   11   5   -0.4219991131
5   11   12   1   -0.0102166758
5   11   12   2   -0.0343207066
5   11   13   3   -0.0083888715
5   11   14   3   0.0137892729
5   12   8   5   -0.0077315008
5   12   9   1   -0.0003956127
5   12   9   2   -0.0013289751
5   12   10   5   -0.0397465212
5   12   11   1   -0.0101827384
5   12   11   2   -0.0342067014
5   12   12   5   -0.4285924350
5   12   13   4   0.0022933635
5   12   14   4   -0.0037697341
5   13   8   4   0.0008733526
5   13   9   3   0.0032132021
5   13   10   4   0.0111176219
5   13   11   3   -0.0084023583
5   13   12   4   0.0022924400
5   13   13   5   -0.4430887061
5   13   13   6   0.0135272930
5   13   14   5   0.0135272930
5   13   14   6   -0.0069289095
5   14   8   4   -0.0014355801
5   14   9   3   -0.0052817259
5   14   10   4   -0.0182746777
5   14   11   3   0.0138114419
5   14   12   4   -0.0037682161
5   14   13   5   0.0135272930
5   14   13   6   -0.0070771909
5   14   14   5   -0.4570948065
5   14   14   6   -0.0135272930
6   8   8   1   0.0000000000
6   8   8   2   -0.0000000000
6   8   8   6   -0.5960664335
6   8   9   1   -0.1587289044
6   8   9   2   0.0472508266
6   8   10   6   0.0048130058
6   8   11   1   -0.0049392547
6   8   11   2   0.0014703300
6   8   12   6   -0.0077315008
6   8   13   4   -0.0014884699
6   8   14   4   -0.0009055288
6   9   8   1   -0.1587303487
6   9   8   2   0.0472512565
6   9   9   1   -0.0000000000
6   9   9   2   0.0000000000
6   9   9   6   -0.5960881760
6   9   10   1   0.0060517369
6   9   10   2   -0.0018014965
6   9   11   6   -0.0090620152
6   9   12   1   -0.0012414162
6   9   12   2   0.0003695480
6   9   13   3   -0.0051747715
6   9   14   3   -0.0031481351
6   10   8   6   0.0048130058
6   10   9   1   0.0059984806
6   10   9   2   -0.0017856431
6   10   10   6   -0.4976942533
6   10   11   1   0.0335093990
6   10   11   2   -0.0099751637
6   10   12   6   -0.0397465212
6   10   13   4   -0.0180164227
6   10   14   4   -0.0109605094
6   11   8   1   -0.0049852804
6   11   8   2   0.0014840310
6   11   9   6   -0.0090620152
6   11   10   1   0.0339076969
6   11   10   2   -0.0100937300
6   11   11   6   -0.4219991131
6   11   12   1   -0.0343207066
6   11   12   2   0.0102166758
6   11   13   3   0.0137892729
6   11   14   3   0.0083888715
6   12   8   6   -0.0077315008
6   12   9   1   -0.0013289751
6   12   9   2   0.0003956127
6   12   10   6   -0.0397465212
6   12   11   1   -0.0342067014
6   12   11   2   0.0101827384
6   12   12   6   -0.4285924350
6   12   13   4   -0.0037697341
6   12   14   4   -0.0022933635
6   13   8   4   -0.0014355801
6   13   9   3   -0.0052817259
6   13   10   4   -0.0182746777
6   13   11   3   0.0138114419
6   13   12   4   -0.0037682161
6   13   13   5   0.0135272930
6   13   13   6   -0.4570948065
6   13   14   5   -0.0070771909
6   13   14   6   -0.0135272930
6   14   8   4   -0.0008733526
6   14   9   3   -0.0032132021
6   14   10   4   -0.0111176219
6   14   11   3   0.0084023583
6   14   12   4   -0.0022924400
6   14   13   5   -0.0069289095
6   14   13   6   -0.0135272930
6   14   14   5   -0.0135272930
6   14   14   6   -0.4430887061

End AIJB Block
Begin IJKA Block
1   8   1   9   0.0000000000
1   8   1   10   -0.0044948941
1   8   2   9   -0.1259338082
1   8   2   10   0.0000000000
1   8   3   9   -0.0000000000
1   8   3   10   0.0068597994
1   8   4   9   -0.0164150203
1   8   5   10   0.0115686209
1   8   6   7   -0.0000000000
1   8   6   8   0.0000000000
1   8   6   11   -0.0078054414
1   8   6   12   0.0128302551
1   8   7   7   -0.0000000000
1   8   7   8   -0.0000000000
1   8   7   11   0.0128302551
1   8   7   12   0.0078054414
1   9   1   9   -0.1218805631
1   9   1   10   0.0000000000
1   9   2   9   -0.0000000000
1   9   2   10   -0.0145894192
1   9   3   9   0.0221087843
1   9   4   10   0.0034887320
1   9   5   9   -0.0009750723
1   9   6   7   0.0080789637
1   9   6   8   -0.0089386878
1   9   7   7   0.0089386878
1   9   7   8   0.0080789637
1   10   1   9   -0.0000000000
1   10   1   10   0.0884423841
1   10   2   9   0.1451296066
1   10   3   10   0.0021245663
1   10   4   9   0.0065414743
1   10   5   10   0.0100099268
1   10   6   11   -0.0046371013
1   10   6   12   0.0076222714
1   10   7   11   0.0076222714
1   10   7   12   0.0046371013
1   11   1   9   -0.1233278925
1   11   1   10   -0.0000000000
1   11   2   10   0.0321529163
1   11   3   9   0.0018930979
1   11   4   10   -0.0000982129
1   11   5   9   -0.0060558022
1   11   6   7   -0.0089946246
1   11   6   8   0.0099517890
1   11   7   7   -0.0099517890
1   11   7   8   -0.0089946246
1   12   1   9   -0.0000000000
1   12   1   10   0.1714973336
1   12   2   9   0.0566343481
1   12   3   10   -0.0016647146
1   12   4   9   0.0002293216
1   12   5   10   0.0066913733
1   12   6   11   0.0002948372
1   12   6   12   -0.0004846410
1   12   7   11   -0.0004846410
1   12   7   12   -0.0002948372
1   13   1   7   -0.0000000000
1   13   1   8   0.0000000000
1   13   1   11   -0.1168232596
1   13   1   12   0.1920291430
1   13   2   7   0.1432817473
1   13   2   8   -0.1585290958
1   13   3   11   0.0019359572
1   13   3   12   -0.0031822447
1   13   4   7   0.0003659817
1   13   4   8   -0.0004049277
1   13   5   11   -0.0030989961
1   13   5   12   0.0050939990
1   13   6   10   -0.0023149952
1   14   1   7   -0.0000000000
1   14   1   8   -0.0000000000
1   14   1   11   0.1920291430
1   14   1   12   0.1168232596
1   14   2   7   0.1585290958
1   14   2   8   0.1432817473
1   14   3   11   -0.0031822447
1   14   3   12   -0.0019359572
1   14   4   7   0.0004049277
1   14   4   8   0.0003659817
1   14   5   11   0.0050939990
1   14   5   12   0.0030989961
1   14   7   10   -0.0023149952
2   8   1   9   -0.1259520734
2   8   1   10   0.0000000000
2   8   2   9   -0.0000000000
2   8   2   10   -0.0044521502
2   8   3   9   0.0219492351
2   8   4   10   0.0037713053
2   8   5   9   -0.0012319197
2   8   6   7   0.0078401549
2   8   6   8   -0.0086744662
2   8   7   7   0.0086744662
2   8   7   8   0.0078401549
2   9   1   9   -0.0000000000
2   9   1   10   -0.0145904463
2   9   2   9   -0.1219670294
2   9   2   10   -0.0000000000
2   9   3   9   0.0000000000
2   9   3   10   0.0065344852
2   9   4   9   -0.0163125530
2   9   5   10   0.0109070969
2   9   6   7   0.0000000000
2   9   6   8   -0.0000000000
2   9   6   11   -0.0075774150
2   9   6   12   0.0124554350
2   9   7   7   0.0000000000
2   9   7   8   0.0000000000
2   9   7   11   0.0124554350
2   9   7   12   0.0075774150
2   10   1   9   0.1450679597
2   10   2   9   0.0000000000
2   10   2   10   0.0884724715
2   10   3   9   -0.0032820840
2   10   4   10   0.0061063271
2   10   5   9   0.0059378002
2   10   6   7   0.0067978249
2   10   6   8   -0.0075212164
2   10   7   7   0.0075212164
2   10   7   8   0.0067978249
2   11   1   10   0.0321433785
2   11   2   9   -0.1232986499
2   11   2   10   0.0000000000
2   11   3   10   -0.0025944379
2   11   4   9   -0.0059020950
2   11   5   10   -0.0024695605
2   11   6   11   0.0035542822
2   11   6   12   -0.0058423791
2   11   7   11   -0.0058423791
2   11   7   12   -0.0035542822
2   12   1   9   0.0566143832
2   12   2   9   0.0000000000
2   12   2   10   0.1715087991
2   12   3   9   0.0001861942
2   12   4   10   0.0062556209
2   12   5   9   0.0006144192
2   12   6   7   -0.0036817740
2   12   6   8   0.0040735705
2   12   7   7   -0.0040735705
2   12   7   8   -0.0036817740
2   13   1   7   0.1432386023
2   13   1   8   -0.1584813596
2   13   2   7   0.0000000000
2   13   2   8   -0.0000000000
2   13   2   11   -0.1168354339
2   13   2   12   0.1920491546
2   13   3   7   -0.0036804245
2   13   3   8   0.0040720775
2   13   4   11   -0.0036422772
2   13   4   12   0.0059870215
2   13   5   7   -0.0025186942
2   13   5   8   0.0027867214
2   13   6   9   0.0070531484
2   14   1   7   0.1584813596
2   14   1   8   0.1432386023
2   14   2   7   0.0000000000
2   14   2   8   0.0000000000
2   14   2   11   0.1920491546
2   14   2   12   0.1168354339
2   14   3   7   -0.0040720775
2   14   3   8   -0.0036804245
2   14   4   11   0.0059870215
2   14   4   12   0.0036422772
2   14   5   7   -0.0027867214
2   14   5   8   -0.0025186942
2   14   7   9   0.0070531484
3   8   1   9   -0.0000000000
3   8   1   10   0.0067021378
3   8   2   9   0.0226775274
3   8   3   10   0.0174381452
3   8   4   9   0.0047591855
3   8   5   10   0.0122251369
3   8   6   8   0.0000000000
3   8   6   11   -0.0090804536
3   8   6   12   0.0149260664
3   8   7   7   -0.0000000000
3   8   7   11   0.0149260664
3   8   7   12   0.0090804536
3   9   1   9   0.0228133524
3   9   2   9   0.0000000000
3   9   2   10   0.0064129603
3   9   3   9   0.0032964610
3   9   3   10   0.0000000000
3   9   4   10   0.0031576316
3   9   5   9   0.0056416946
3   9   5   10   0.0000000000
3   9   6   7   0.0101583389
3   9   6   8   -0.0112393400
3   9   6   12   0.0000000000
3   9   7   7   0.0112393400
3   9   7   8   0.0101583389
3   9   7   11   0.0000000000
3   10   1   10   0.0017411914
3   10   2   9   -0.0022304491
3   10   3   10   0.0735720824
3   10   4   9   -0.0425067062
3   10   5   10   0.0355320532
3   10   6   11   -0.0157610500
3   10   6   12   0.0259073488
3   10   7   11   0.0259073488
3   10   7   12   0.0157610500
3   11   1   9   0.0018700941
3   11   2   10   -0.0023103227
3   11   3   9   -0.0957772829
3   11   4   10   -0.0046809296
3   11   5   9   -0.0235591439
3   11   6   7   -0.0405143878
3   11   6   8   0.0448257324
3   11   7   7   -0.0448257324
3   11   7   8   -0.0405143878
3   12   1   10   -0.0019125884
3   12   2   9   0.0004063684
3   12   3   10   0.1229051978
3   12   4   9   -0.0254776143
3   12   5   10   0.0366129897
3   12   6   11   -0.0061980743
3   12   6   12   0.0101881330
3   12   7   11   0.0101881330
3   12   7   12   0.0061980743
3   13   1   11   0.0020263980
3   13   1   12   -0.0033309075
3   13   2   7   -0.0028075131
3   13   2   8   0.0031062750
3   13   3   11   -0.0710558867
3   13   3   12   0.1167986673
3   13   4   7   -0.0581907743
3   13   4   8   0.0643831543
3   13   5   11   -0.0144435803
3   13   5   12   0.0237417476
3   13   6   10   -0.0235510707
3   14   1   11   -0.0033309075
3   14   1   12   -0.0020263980
3   14   2   7   -0.0031062750
3   14   2   8   -0.0028075131
3   14   3   11   0.1167986673
3   14   3   12   0.0710558867
3   14   4   7   -0.0643831543
3   14   4   8   -0.0581907743
3   14   5   11   0.0237417476
3   14   5   12   0.0144435803
3   14   7   10   -0.0235510707
4   8   1   9   -0.0167028403
4   8   2   10   0.0037783565
4   8   3   9   0.0049009693
4   8   4   10   -0.0063956356
4   8   5   9   -0.0093313213
4   8   5   10   0.0000000000
4   8   6   7   -0.0077347070
4   8   6   8   0.0085577970
4   8   7   7   -0.0085577970
4   8   7   8   -0.0077347070
4   9   1   10   0.0034961011
4   9   2   9   -0.0166000645
4   9   3   10   0.0030783864
4   9   4   9   -0.0081540694
4   9   5   10   -0.0129000053
4   9   6   11   0.0064617362
4   9   6   12   -0.0106215293
4   9   7   11   -0.0106215293
4   9   7   12   -0.0064617362
4   10   1   9   0.0063382732
4   10   2   10   0.0059986493
4   10   3   9   -0.0432017246
4   10   4   10   0.0191176703
4   10   5   9   0.0363599875
4   10   6   7   -0.0244945936
4   10   6   8   0.0271011895
4   10   7   7   -0.0271011895
4   10   7   8   -0.0244945936
4   11   1   10   -0.0001407621
4   11   2   9   -0.0062321436
4   11   3   10   -0.0043363039
4   11   4   9   -0.0398949176
4   11   5   10   -0.0011709937
4   11   6   11   -0.0058376283
4   11   6   12   0.0095956470
4   11   7   11   0.0095956470
4   11   7   12   0.0058376283
4   12   1   9   -0.0000392403
4   12   2   10   0.0061934181
4   12   3   9   -0.0258452790
4   12   4   10   0.0570045136
4   12   5   9   0.0512417735
4   12   6   7   0.0194000836
4   12   6   8   -0.0214645464
4   12   7   7   0.0214645464
4   12   7   8   0.0194000836
4   13   1   7   0.0003429391
4   13   1   8   -0.0003794330
4   13   2   11   -0.0037056164
4   13   2   12   0.0060911359
4   13   3   7   -0.0580914794
4   13   3   8   0.0642732929
4   13   4   11   -0.0461631713
4   13   4   12   0.0758810725
4   13   5   7   0.0812652042
4   13   5   8   -0.0899130531
4   13   6   9   -0.0197088267
4   14   1   7   0.0003794330
4   14   1   8   0.0003429391
4   14   2   11   0.0060911359
4   14   2   12   0.0037056164
4   14   3   7   -0.0642732929
4   14   3   8   -0.0580914794
4   14   4   11   0.0758810725
4   14   4   12   0.0461631713
4   14   5   7   0.0899130531
4   14   5   8   0.0812652042
4   14   7   9   -0.0197088267
5   8   1   10   0.0114786937
5   8   2   9   -0.0009345105
5   8   3   10   0.0121325782
5   8   4   9   -0.0094287056
5   8   4   10   0.0000000000
5   8   5   10   -0.0025118066
5   8   6   11   0.0021606339
5   8   6   12   -0.0035515588
5   8   7   11   -0.0035515588
5   8   7   12   -0.0021606339
5   9   1   9   -0.0007052887
5   9   2   10   0.0108384488
5   9   3   9   0.0057113797
5   9   3   10   0.0000000000
5   9   4   10   -0.0129099939
5   9   5   9   -0.0057520865
5   9   6   7   -0.0028079375
5   9   6   8   0.0031067446
5   9   7   7   -0.0031067446
5   9   7   8   -0.0028079375
5   10   1   10   0.0095385887
5   10   2   9   0.0061994629
5   10   3   10   0.0354307091
5   10   4   9   0.0365395898
5   10   5   10   0.0394939401
5   10   6   11   -0.0014754702
5   10   6   12   0.0024253157
5   10   7   11   0.0024253157
5   10   7   12   0.0014754702
5   11   1   9   -0.0061498241
5   11   2   10   -0.0022769706
5   11   3   9   -0.0231160581
5   11   4   10   -0.0009826950
5   11   5   9   -0.0370169814
5   11   6   7   0.0180603812
5   11   6   8   -0.0199822793
5   11   7   7   0.0199822793
5   11   7   8   0.0180603812
5   12   1   10   0.0063487065
5   12   2   9   0.0005142507
5   12   3   10   0.0362384758
5   12   4   9   0.0514713627
5   12   5   10   0.0688682955
5   12   6   11   -0.0019113307
5   12   6   12   0.0031417648
5   12   7   11   0.0031417648
5   12   7   12   0.0019113307
5   13   1   11   -0.0030788005
5   13   1   12   0.0050608024
5   13   2   7   -0.0021257729
5   13   2   8   0.0023519874
5   13   3   11   -0.0145887415
5   13   3   12   0.0239803576
5   13   4   7   0.0811714356
5   13   4   8   -0.0898093061
5   13   5   11   -0.0505274276
5   13   5   12   0.0830548527
5   13   6   10   0.0066877995
5   14   1   11   0.0050608024
5   14   1   12   0.0030788005
5   14   2   7   -0.0023519874
5   14   2   8   -0.0021257729
5   14   3   11   0.0239803576
5   14   3   12   0.0145887415
5   14   4   7   0.0898093061
5   14   4   8   0.0811714356
5   14   5   11   0.0830548527
5   14   5   12   0.0505274276
5   14   7   10   0.0066877995
6   8   1   7   -0.0000000000
6   8   1   8   0.0000000000
6   8   1   11   -0.0078737329
6   8   1   12   0.0129425098
6   8   2   7   0.0085256243
6   8   2   8   -0.0094328799
6   8   3   8   0.0000000000
6   8   3   11   -0.0090051505
6   8   3   12   0.0148022864
6   8   4   7   -0.0078039016
6   8   4   8   0.0086343550
6   8   5   11   0.0022249809
6   8   5   12   -0.0036573297
6   8   6   10   0.0049933084
6   9   1   7   0.0087309502
6   9   1   8   -0.0096600556
6   9   2   7   0.0000000000
6   9   2   8   -0.0000000000
6   9   2   11   -0.0076533519
6   9   2   12   0.0125802568
6   9   3   7   0.0103064500
6   9   3   8   -0.0114032124
6   9   3   12   0.0000000000
6   9   4   11   0.0064844530
6   9   4   12   -0.0106588701
6   9   5   7   -0.0028863867
6   9   5   8   0.0031935420
6   9   6   9   0.0002631153
6   10   1   11   -0.0042991225
6   10   1   12   0.0070667162
6   10   2   7   0.0071206816
6   10   2   8   -0.0078784300
6   10   3   11   -0.0152643705
6   10   3   12   0.0250909279
6   10   4   7   -0.0236869141
6   10   4   8   0.0262075606
6   10   5   11   -0.0008242914
6   10   5   12   0.0013549353
6   10   6   10   0.0240991568
6   11   1   7   -0.0087170767
6   11   1   8   0.0096447057
6   11   2   11   0.0032486175
6   11   2   12   -0.0053399403
6   11   3   7   -0.0389547631
6   11   3   8   0.0431001400
6   11   4   11   -0.0060377184
6   11   4   12   0.0099245466
6   11   5   7   0.0187045568
6   11   5   8   -0.0206950050
6   11   6   9   -0.0707129311
6   12   1   11   0.0002583004
6   12   1   12   -0.0004245833
6   12   2   7   -0.0035670361
6   12   2   8   0.0039466227
6   12   3   11   -0.0057515415
6   12   3   12   0.0094541412
6   12   4   7   0.0203927595
6   12   4   8   -0.0225628580
6   12   5   11   -0.0020367221
6   12   5   12   0.0033478778
6   12   6   10   0.0778346746
6   13   1   10   -0.0022719567
6   13   2   9   0.0064293783
6   13   3   10   -0.0220350354
6   13   4   9   -0.0187196547
6   13   5   10   0.0062216455
6   13   6   11   -0.0495214088
6   13   6   12   0.0814012014
6   13   7   11   0.0014635304
6   13   7   12   0.0008903565
6   14   6   11   0.0786865833
6   14   6   12   0.0478699379
6   14   7   11   -0.0007611144
6   14   7   12   0.0012510877
7   8   1   7   -0.0000000000
7   8   1   8   -0.0000000000
7   8   1   11   0.0129425098
7   8   1   12   0.0078737329
7   8   2   7   0.0094328799
7   8   2   8   0.0085256243
7   8   3   7   -0.0000000000
7   8   3   11   0.0148022864
7   8   3   12   0.0090051505
7   8   4   7   -0.0086343550
7   8   4   8   -0.0078039016
7   8   5   11   -0.0036573297
7   8   5   12   -0.0022249809
7   8   7   10   0.0049933084
7   9   1   7   0.0096600556
7   9   1   8   0.0087309502
7   9   2   7   0.0000000000
7   9   2   8   0.0000000000
7   9   2   11   0.0125802568
7   9   2   12   0.0076533519
7   9   3   7   0.0114032124
7   9   3   8   0.0103064500
7   9   3   11   0.0000000000
7   9   4   11   -0.0106588701
7   9   4   12   -0.0064844530
7   9   5   7   -0.0031935420
7   9   5   8   -0.0028863867
7   9   7   9   0.0002631153
7   10   1   11   0.0070667162
7   10   1   12   0.0042991225
7   10   2   7   0.0078784300
7   10   2   8   0.0071206816
7   10   3   11   0.0250909279
7   10   3   12   0.0152643705
7   10   4   7   -0.0262075606
7   10   4   8   -0.0236869141
7   10   5   11   0.0013549353
7   10   5   12   0.0008242914
7   10   7   10   0.0240991568
7   11   1   7   -0.0096447057
7   11   1   8   -0.0087170767
7   11   2   11   -0.0053399403
7   11   2   12   -0.0032486175
7   11   3   7   -0.0431001400
7   11   3   8   -0.0389547631
7   11   4   11   0.0099245466
7   11   4   12   0.0060377184
7   11   5   7   0.0206950050
7   11   5   8   0.0187045568
7   11   7   9   -0.0707129311
7   12   1   11   -0.0004245833
7   12   1   12   -0.0002583004
7   12   2   7   -0.0039466227
7   12   2   8   -0.0035670361
7   12   3   11   0.0094541412
7   12   3   12   0.0057515415
7   12   4   7   0.0225628580
7   12   4   8   0.0203927595
7   12   5   11   0.0033478778
7   12   5   12   0.0020367221
7   12   7   10   0.0778346746
7   13   6   11   0.0012510877
7   13   6   12   0.0007611144
7   13   7   11   -0.0478699379
7   13   7   12   0.0786865833
7   14   1   10   -0.0022719567
7   14   2   9   0.0064293783
7   14   3   10   -0.0220350354
7   14   4   9   -0.0187196547
7   14   5   10   0.0062216455
7   14   6   11   -0.0008903565
7   14   6   12   0.0014635304
7   14   7   11   0.0814012014
7   14   7   12   0.0495214088

End IJKA Block
Begin IABC Block
1   7   1   10   -0.0013456393
1   7   3   11   -0.0008772477
1   7   3   12   -0.0029469234
1   7   4   7   0.0004626703
1   7   5   9   0.0025929173
1   7   6   9   0.0087103433
1   8   2   10   -0.0013456393
1   8   3   11   -0.0029469234
1   8   3   12   0.0008772477
1   8   4   8   0.0004626703
1   8   5   9   0.0087103433
1   8   6   9   -0.0025929173
1   9   1   11   0.0017492287
1   9   1   12   0.0058761546
1   9   2   11   0.0058761546
1   9   2   12   -0.0017492287
1   9   3   10   0.0013529251
1   9   4   9   0.0034019691
1   9   5   7   0.0025684282
1   9   5   8   0.0086280776
1   9   6   7   0.0086280776
1   9   6   8   -0.0025684282
1   10   1   7   -0.0013561973
1   10   2   8   -0.0013561973
1   10   3   9   0.0013663875
1   10   4   10   0.0047109832
1   10   5   11   0.0019163412
1   10   6   12   0.0019163412
1   11   1   9   0.0017566384
1   11   2   9   0.0059010456
1   11   3   7   -0.0008745273
1   11   3   8   -0.0029377847
1   11   4   11   0.0034316124
1   11   5   10   0.0019208430
1   12   1   9   0.0059010456
1   12   2   9   -0.0017566384
1   12   3   7   -0.0029377847
1   12   3   8   0.0008745273
1   12   4   12   0.0034316124
1   12   6   10   0.0019208430
2   7   1   9   0.0077429502
2   7   3   7   -0.0018896907
2   7   4   11   -0.0002480911
2   7   4   12   -0.0008334082
2   7   5   10   -0.0003737808
2   7   6   10   -0.0012556354
2   8   2   9   0.0077429502
2   8   3   8   -0.0018896907
2   8   4   11   -0.0008334082
2   8   4   12   0.0002480911
2   8   5   10   -0.0012556354
2   8   6   10   0.0003737808
2   9   1   7   0.0077021158
2   9   2   8   0.0077021158
2   9   3   9   -0.0008211926
2   9   4   10   0.0049618069
2   9   5   11   0.0072135903
2   9   6   12   0.0072135903
2   10   1   11   0.0004039629
2   10   1   12   0.0013570258
2   10   2   11   0.0013570258
2   10   2   12   -0.0004039629
2   10   3   10   -0.0001418827
2   10   4   9   0.0049210334
2   10   5   7   -0.0003770361
2   10   5   8   -0.0012665710
2   10   6   7   -0.0012665710
2   10   6   8   0.0003770361
2   11   1   10   0.0004058950
2   11   2   10   0.0013635162
2   11   3   11   -0.0019678726
2   11   4   7   -0.0002466764
2   11   4   8   -0.0008286559
2   11   5   9   0.0072003338
2   12   1   10   0.0013635162
2   12   2   10   -0.0004058950
2   12   3   12   -0.0019678726
2   12   4   7   -0.0008286559
2   12   4   8   0.0002466764
2   12   6   9   0.0072003338
3   7   1   10   -0.0039976254
3   7   3   11   0.0095622097
3   7   3   12   0.0321221698
3   7   4   7   0.0204714504
3   7   5   9   0.0050267141
3   7   6   9   0.0168861559
3   8   2   10   -0.0039976254
3   8   3   11   0.0321221698
3   8   3   12   -0.0095622097
3   8   4   8   0.0204714504
3   8   5   9   0.0168861559
3   8   6   9   -0.0050267141
3   9   1   11   0.0046354922
3   9   1   12   0.0155719308
3   9   2   11   0.0155719308
3   9   2   12   -0.0046354922
3   9   3   10   0.0010884371
3   9   4   9   0.0266353672
3   9   5   7   0.0046872499
3   9   5   8   0.0157457994
3   9   6   7   0.0157457994
3   9   6   8   -0.0046872499
3   10   1   7   -0.0047053584
3   10   2   8   -0.0047053584
3   10   3   9   0.0017966476
3   10   4   10   0.0265299150
3   10   5   11   0.0023531813
3   10   6   12   0.0023531813
3   11   1   9   0.0049322395
3   11   2   9   0.0165687890
3   11   3   7   0.0094965748
3   11   3   8   0.0319016835
3   11   4   11   0.0209816814
3   11   5   10   0.0027164486
3   12   1   9   0.0165687890
3   12   2   9   -0.0049322395
3   12   3   7   0.0319016835
3   12   3   8   -0.0094965748
3   12   4   12   0.0209816814
3   12   6   10   0.0027164486
4   7   1   9   -0.0234112746
4   7   3   7   -0.0566013904
4   7   4   11   0.0035196534
4   7   4   12   0.0118235123
4   7   5   10   0.0013362481
4   7   6   10   0.0044888358
4   8   2   9   -0.0234112746
4   8   3   8   -0.0566013904
4   8   4   11   0.0118235123
4   8   4   12   -0.0035196534
4   8   5   10   0.0044888358
4   8   6   10   -0.0013362481
4   9   1   7   -0.0229990410
4   9   2   8   -0.0229990410
4   9   3   9   -0.0143226042
4   9   4   10   0.0200288514
4   9   5   11   -0.0069987138
4   9   6   12   -0.0069987138
4   10   1   11   -0.0014644014
4   10   1   12   -0.0049193388
4   10   2   11   -0.0049193388
4   10   2   12   0.0014644014
4   10   3   10   -0.0272560964
4   10   4   9   0.0198120928
4   10   5   7   0.0012912255
4   10   5   8   0.0043375919
4   10   6   7   0.0043375919
4   10   6   8   -0.0012912255
4   11   1   10   -0.0013368607
4   11   2   10   -0.0044908937
4   11   3   11   -0.0539674599
4   11   4   7   0.0033600805
4   11   4   8   0.0112874619
4   11   5   9   -0.0067876755
4   12   1   10   -0.0044908937
4   12   2   10   0.0013368607
4   12   3   12   -0.0539674599
4   12   4   7   0.0112874619
4   12   4   8   -0.0033600805
4   12   6   9   -0.0067876755
5   7   1   10   0.0039508459
5   7   3   11   0.0007538219
5   7   3   12   0.0025323012
5   7   4   7   0.0639186779
5   7   5   9   0.0002143479
5   7   6   9   0.0007200551
5   8   2   10   0.0039508459
5   8   3   11   0.0025323012
5   8   3   12   -0.0007538219
5   8   4   8   0.0639186779
5   8   5   9   0.0007200551
5   8   6   9   -0.0002143479
5   9   1   11   -0.0023270753
5   9   1   12   -0.0078173049
5   9   2   11   -0.0078173049
5   9   2   12   0.0023270753
5   9   3   10   -0.0378096177
5   9   4   9   0.0231942696
5   9   5   7   0.0003966807
5   9   5   8   0.0013325627
5   9   6   7   0.0013325627
5   9   6   8   -0.0003966807
5   10   1   7   0.0035441786
5   10   2   8   0.0035441786
5   10   3   9   -0.0362750220
5   10   4   10   0.0413317921
5   10   5   11   0.0064150320
5   10   6   12   0.0064150320
5   11   1   9   -0.0021858083
5   11   2   9   -0.0073427488
5   11   3   7   0.0013127832
5   11   3   8   0.0044100106
5   11   4   11   0.0625653307
5   11   5   10   0.0059398208
5   12   1   9   -0.0073427488
5   12   2   9   0.0021858083
5   12   3   7   0.0044100106
5   12   3   8   -0.0013127832
5   12   4   12   0.0625653307
5   12   6   10   0.0059398208
6   7   1   11   0.0058273006
6   7   1   12   0.0309205573
6   7   2   11   -0.0051385594
6   7   2   12   -0.0277643018
6   7   3   10   -0.0036875623
6   7   4   9   -0.0073161905
6   7   5   7   -0.0424996920
6   7   5   8   0.0015326277
6   7   6   7   0.0779762517
6   7   6   8   -0.0040057144
6   8   1   11   0.0233753508
6   8   1   12   -0.0104175185
6   8   2   11   -0.0323545197
6   8   2   12   0.0126837658
6   8   3   10   0.0040799748
6   8   4   9   0.0080947440
6   8   5   7   0.0021224787
6   8   5   8   -0.0501522778
6   8   6   7   -0.0036468714
6   8   6   8   0.0743211454
6   9   1   10   -0.0294233713
6   9   2   10   0.0325544638
6   9   3   11   -0.0048624264
6   9   3   12   0.0079926512
6   9   4   7   -0.0070581446
6   9   4   8   0.0078092381
6   9   5   9   -0.0289873954
6   9   6   9   0.0476482570
6   10   1   9   -0.0289655499
6   10   2   9   0.0320479232
6   10   3   7   -0.0034568755
6   10   3   8   0.0038247395
6   10   4   11   0.0053670133
6   10   4   12   -0.0088220700
6   10   5   10   -0.0276406281
6   10   6   10   0.0454344978
6   11   1   7   0.0057565572
6   11   1   8   0.0231341038
6   11   2   7   -0.0046541751
6   11   2   8   -0.0329343123
6   11   3   9   -0.0051790805
6   11   4   10   0.0052835470
6   11   5   11   -0.0373670562
6   11   5   12   -0.0000990324
6   11   6   11   0.0615490886
6   11   6   12   0.0000168313
6   12   1   7   0.0315767877
6   12   1   8   -0.0108927664
6   12   2   7   -0.0277981031
6   12   2   8   0.0130968590
6   12   3   9   0.0085131540
6   12   4   10   -0.0086848716
6   12   5   11   -0.0000276665
6   12   5   12   -0.0374441350
6   12   6   11   0.0000602476
6   12   6   12   0.0614223896
7   7   1   11   0.0126837658
7   7   1   12   0.0323545197
7   7   2   11   0.0104175185
7   7   2   12   0.0233753508
7   7   3   10   -0.0040799748
7   7   4   9   -0.0080947440
7   7   5   7   0.0743211454
7   7   5   8   0.0036468714
7   7   6   7   0.0501522778
7   7   6   8   0.0021224787
7   8   1   11   0.0277643018
7   8   1   12   -0.0051385594
7   8   2   11   0.0309205573
7   8   2   12   -0.0058273006
7   8   3   10   -0.0036875623
7   8   4   9   -0.0073161905
7   8   5   7   0.0040057144
7   8   5   8   0.0779762517
7   8   6   7   0.0015326277
7   8   6   8   0.0424996920
7   9   1   10   -0.0325544638
7   9   2   10   -0.0294233713
7   9   3   11   0.0079926512
7   9   3   12   0.0048624264
7   9   4   7   -0.0078092381
7   9   4   8   -0.0070581446
7   9   5   9   0.0476482570
7   9   6   9   0.0289873954
7   10   1   9   -0.0320479232
7   10   2   9   -0.0289655499
7   10   3   7   -0.0038247395
7   10   3   8   -0.0034568755
7   10   4   11   -0.0088220700
7   10   4   12   -0.0053670133
7   10   5   10   0.0454344978
7   10   6   10   0.0276406281
7   11   1   7   0.0130968590
7   11   1   8   0.0277981031
7   11   2   7   0.0108927664
7   11   2   8   0.0315767877
7   11   3   9   0.0085131540
7   11   4   10   -0.0086848716
7   11   5   11   0.0614223896
7   11   5   12   -0.0000602476
7   11   6   11   0.0374441350
7   11   6   12   -0.0000276665
7   12   1   7   0.0329343123
7   12   1   8   -0.0046541751
7   12   2   7   0.0231341038
7   12   2   8   -0.0057565572
7   12   3   9   0.0051790805
7   12   4   10   -0.0052835470
7   12   5   11   -0.0000168313
7   12   5   12   0.0615490886
7   12   6   11   -0.0000990324
7   12   6   12   0.0373670562

End IABC Block
