Begin IJ Block
1   1   -27.8156163403
1   3   0.4696459425
1   4   0.0000000000
1   5   -0.2526104726
2   2   -27.8166372492
2   3   0.0000000000
2   4   -0.4946501800
2   5   -0.0000000000
3   3   -9.9776989922
3   5   -0.9597599149
4   4   -7.6656613640
5   5   -7.8526463887
6   6   -8.0569408707
7   7   -8.0569408707

End IJ Block
Begin IA Block
1   3   -0.0000000000
1   4   0.0226162874
2   3   0.2666794432
3   4   0.7474128464
4   3   1.1314402728
5   4   1.2954207395
6   5   -0.8746146386
6   6   -1.6070587631
7   5   1.6070587631
7   6   -0.8746146386

End IA Block
Begin AB Block
1   1   -6.9289323506
2   2   -6.9289323506
3   3   -4.5459620403
4   4   -5.2156666456
5   5   -5.8608830688
6   6   -5.8608830688

End AB Block
Begin IJKL Block
1   8   1   8   2.3021785323
1   8   1   9   -0.0000000001
1   8   1   10   -0.1981836892
1   8   1   11   -0.0000000000
1   8   1   12   0.0714988373
1   8   2   8   -0.0000000001
1   8   2   9   1.8193542033
1   8   2   10   0.0000000000
1   8   2   11   0.1771657804
1   8   3   8   -0.1981836892
1   8   3   9   0.0000000000
1   8   3   10   0.0347217239
1   8   3   12   -0.0028181940
1   8   4   8   -0.0000000000
1   8   4   9   0.1771657804
1   8   4   11   0.0274113773
1   8   5   8   0.0714988373
1   8   5   10   -0.0028181940
1   8   5   12   0.0161798898
1   8   6   13   0.0110576113
1   8   7   14   0.0110576113
1   9   1   8   -0.0000000001
1   9   1   9   2.3032579564
1   9   1   10   0.0000000000
1   9   1   11   0.1847795426
1   9   2   8   1.8194774546
1   9   2   9   0.0000000001
1   9   2   10   -0.2086365240
1   9   2   11   0.0000000000
1   9   2   12   0.0548816655
1   9   3   8   0.0000000000
1   9   3   9   -0.1982844030
1   9   3   11   -0.0247672342
1   9   4   8   0.1771141400
1   9   4   9   0.0000000000
1   9   4   10   -0.0250979913
1   9   4   12   0.0140859931
1   9   5   9   0.0715423112
1   9   5   11   0.0146142141
1   10   1   8   -0.1981836892
1   10   1   9   0.0000000000
1   10   1   10   0.8398860179
1   10   1   11   0.0000000000
1   10   1   12   0.0994394038
1   10   2   8   0.0000000000
1   10   2   9   -0.2086962583
1   10   2   11   -0.1682945974
1   10   3   8   0.0362967348
1   10   3   10   0.0054079227
1   10   3   12   0.0086746985
1   10   4   9   -0.0255573204
1   10   4   11   -0.0041638455
1   10   5   8   -0.0022383719
1   10   5   10   0.0306572831
1   10   5   12   0.0157332691
1   10   6   13   0.0162620383
1   10   7   14   0.0162620383
1   11   1   8   -0.0000000000
1   11   1   9   0.1847795426
1   11   1   10   0.0000000000
1   11   1   11   0.6646563267
1   11   1   12   -0.0000000000
1   11   2   8   0.1771141400
1   11   2   9   0.0000000000
1   11   2   10   -0.1683408972
1   11   2   12   0.2488546752
1   11   3   9   -0.0252614388
1   11   3   11   -0.0130202103
1   11   4   8   0.0286287147
1   11   4   10   -0.0038261708
1   11   4   12   -0.0030437669
1   11   5   9   0.0155418841
1   11   5   11   -0.0052767308
1   12   1   8   0.0714988373
1   12   1   10   0.0994394038
1   12   1   11   -0.0000000000
1   12   1   12   0.6939079957
1   12   2   9   0.0548914125
1   12   2   11   0.2488532336
1   12   3   8   -0.0022383719
1   12   3   10   0.0089906571
1   12   3   12   -0.0083452420
1   12   4   9   0.0150139306
1   12   4   11   -0.0032379099
1   12   5   8   0.0176785534
1   12   5   10   0.0160860841
1   12   5   12   -0.0008576335
1   12   6   13   -0.0037385698
1   12   7   14   -0.0037385698
1   13   1   13   0.6874656992
1   13   3   13   -0.0004539847
1   13   5   13   0.0104345553
1   13   6   8   0.0126852527
1   13   6   10   0.0168080482
1   13   6   12   -0.0041725843
1   14   1   14   0.6874656992
1   14   3   14   -0.0004539847
1   14   5   14   0.0104345553
1   14   7   8   0.0126852527
1   14   7   10   0.0168080482
1   14   7   12   -0.0041725843
2   8   1   8   -0.0000000001
2   8   1   9   1.8194774546
2   8   1   10   0.0000000000
2   8   1   11   0.1771141400
2   8   2   8   2.3032579564
2   8   2   9   0.0000000001
2   8   2   10   -0.1982844030
2   8   2   11   0.0000000000
2   8   2   12   0.0715423112
2   8   3   8   0.0000000000
2   8   3   9   -0.2086365240
2   8   3   11   -0.0250979913
2   8   4   8   0.1847795426
2   8   4   9   0.0000000000
2   8   4   10   -0.0247672342
2   8   4   12   0.0146142141
2   8   5   9   0.0548816655
2   8   5   11   0.0140859931
2   9   1   8   1.8193542033
2   9   1   9   0.0000000001
2   9   1   10   -0.2086962583
2   9   1   11   0.0000000000
2   9   1   12   0.0548914125
2   9   2   8   0.0000000001
2   9   2   9   2.3040971415
2   9   2   10   -0.0000000000
2   9   2   11   0.1849562561
2   9   2   12   0.0000000000
2   9   3   8   -0.2086962583
2   9   3   9   -0.0000000000
2   9   3   10   0.0342755309
2   9   3   12   -0.0035757791
2   9   4   8   0.0000000000
2   9   4   9   0.1849562561
2   9   4   11   0.0276633841
2   9   5   8   0.0548914125
2   9   5   9   0.0000000000
2   9   5   10   -0.0035757791
2   9   5   12   0.0149638057
2   9   6   13   0.0104297802
2   9   7   14   0.0104297802
2   10   1   8   0.0000000000
2   10   1   9   -0.2086365240
2   10   1   11   -0.1683408972
2   10   2   8   -0.1982844030
2   10   2   9   -0.0000000000
2   10   2   10   0.8398334633
2   10   2   11   -0.0000000000
2   10   2   12   0.0993449832
2   10   3   9   0.0359344786
2   10   3   11   0.0087583645
2   10   4   8   -0.0252614388
2   10   4   10   0.0216072609
2   10   4   12   0.0073957276
2   10   5   9   -0.0029740209
2   10   5   11   0.0016692691
2   11   1   8   0.1771657804
2   11   1   9   0.0000000000
2   11   1   10   -0.1682945974
2   11   1   12   0.2488532336
2   11   2   8   0.0000000000
2   11   2   9   0.1849562561
2   11   2   10   -0.0000000000
2   11   2   11   0.6646879652
2   11   2   12   0.0000000000
2   11   3   8   -0.0255573204
2   11   3   10   0.0093013473
2   11   3   12   -0.0153718506
2   11   4   9   0.0288702057
2   11   4   11   0.0039090820
2   11   5   8   0.0150139306
2   11   5   10   0.0019708205
2   11   5   12   -0.0156608564
2   11   6   13   -0.0098704172
2   11   7   14   -0.0098704172
2   12   1   9   0.0548816655
2   12   1   11   0.2488546752
2   12   2   8   0.0715423112
2   12   2   9   0.0000000000
2   12   2   10   0.0993449832
2   12   2   11   0.0000000000
2   12   2   12   0.6939024203
2   12   3   9   -0.0029740209
2   12   3   11   -0.0155255571
2   12   4   8   0.0155418841
2   12   4   10   0.0075122334
2   12   4   12   0.0048627071
2   12   5   9   0.0164947650
2   12   5   11   -0.0157137542
2   13   2   13   0.6874487974
2   13   4   13   0.0088931728
2   13   6   9   0.0120814499
2   13   6   11   -0.0105470750
2   14   2   14   0.6874487974
2   14   4   14   0.0088931728
2   14   7   9   0.0120814499
2   14   7   11   -0.0105470750
3   8   1   8   -0.1981836892
3   8   1   9   0.0000000000
3   8   1   10   0.0362967348
3   8   1   12   -0.0022383719
3   8   2   8   0.0000000000
3   8   2   9   -0.2086962583
3   8   2   11   -0.0255573204
3   8   3   8   0.8398860179
3   8   3   10   0.0054079227
3   8   3   12   0.0306572831
3   8   4   8   0.0000000000
3   8   4   9   -0.1682945974
3   8   4   11   -0.0041638455
3   8   5   8   0.0994394038
3   8   5   10   0.0086746985
3   8   5   12   0.0157332691
3   8   6   13   0.0162620383
3   8   7   14   0.0162620383
3   9   1   8   0.0000000000
3   9   1   9   -0.1982844030
3   9   1   11   -0.0252614388
3   9   2   8   -0.2086365240
3   9   2   9   -0.0000000000
3   9   2   10   0.0359344786
3   9   2   12   -0.0029740209
3   9   3   9   0.8398334633
3   9   3   11   0.0216072609
3   9   4   8   -0.1683408972
3   9   4   9   -0.0000000000
3   9   4   10   0.0087583645
3   9   4   12   0.0016692691
3   9   5   9   0.0993449832
3   9   5   11   0.0073957276
3   10   1   8   0.0347217239
3   10   1   10   0.0054079227
3   10   1   12   0.0089906571
3   10   2   9   0.0342755309
3   10   2   11   0.0093013473
3   10   3   8   0.0054079227
3   10   3   10   0.8113668638
3   10   3   12   0.1398767780
3   10   4   9   0.0093013473
3   10   4   11   0.0503635907
3   10   5   8   0.0089906571
3   10   5   10   0.1398767780
3   10   5   12   0.0612376148
3   10   6   13   0.0930880988
3   10   7   14   0.0930880988
3   11   1   9   -0.0247672342
3   11   1   11   -0.0130202103
3   11   2   8   -0.0250979913
3   11   2   10   0.0087583645
3   11   2   12   -0.0155255571
3   11   3   9   0.0216072609
3   11   3   11   0.5195718965
3   11   4   8   -0.0038261708
3   11   4   10   0.0537574376
3   11   4   12   -0.0879972883
3   11   5   9   0.0075122334
3   11   5   11   0.0088869436
3   12   1   8   -0.0028181940
3   12   1   10   0.0086746985
3   12   1   12   -0.0083452420
3   12   2   9   -0.0035757791
3   12   2   11   -0.0153718506
3   12   3   8   0.0306572831
3   12   3   10   0.1398767780
3   12   3   12   0.5654822876
3   12   4   9   0.0019708205
3   12   4   11   -0.0894513025
3   12   5   8   0.0160860841
3   12   5   10   0.0644225215
3   12   5   12   0.0334528161
3   12   6   13   -0.0118582816
3   12   7   14   -0.0118582816
3   13   1   13   -0.0004539847
3   13   3   13   0.6269513421
3   13   5   13   0.0597660066
3   13   6   8   0.0168080482
3   13   6   10   0.0956092852
3   13   6   12   -0.0123264012
3   14   1   14   -0.0004539847
3   14   3   14   0.6269513421
3   14   5   14   0.0597660066
3   14   7   8   0.0168080482
3   14   7   10   0.0956092852
3   14   7   12   -0.0123264012
4   8   1   8   -0.0000000000
4   8   1   9   0.1771141400
4   8   1   11   0.0286287147
4   8   2   8   0.1847795426
4   8   2   9   0.0000000000
4   8   2   10   -0.0252614388
4   8   2   12   0.0155418841
4   8   3   8   0.0000000000
4   8   3   9   -0.1683408972
4   8   3   11   -0.0038261708
4   8   4   8   0.6646563267
4   8   4   10   -0.0130202103
4   8   4   12   -0.0052767308
4   8   5   8   -0.0000000000
4   8   5   9   0.2488546752
4   8   5   11   -0.0030437669
4   9   1   8   0.1771657804
4   9   1   9   0.0000000000
4   9   1   10   -0.0255573204
4   9   1   12   0.0150139306
4   9   2   8   0.0000000000
4   9   2   9   0.1849562561
4   9   2   11   0.0288702057
4   9   3   8   -0.1682945974
4   9   3   9   -0.0000000000
4   9   3   10   0.0093013473
4   9   3   12   0.0019708205
4   9   4   9   0.6646879652
4   9   4   11   0.0039090820
4   9   5   8   0.2488532336
4   9   5   9   0.0000000000
4   9   5   10   -0.0153718506
4   9   5   12   -0.0156608564
4   9   6   13   -0.0098704172
4   9   7   14   -0.0098704172
4   10   1   9   -0.0250979913
4   10   1   11   -0.0038261708
4   10   2   8   -0.0247672342
4   10   2   10   0.0216072609
4   10   2   12   0.0075122334
4   10   3   9   0.0087583645
4   10   3   11   0.0537574376
4   10   4   8   -0.0130202103
4   10   4   10   0.5195718965
4   10   4   12   0.0088869436
4   10   5   9   -0.0155255571
4   10   5   11   -0.0879972883
4   11   1   8   0.0274113773
4   11   1   10   -0.0041638455
4   11   1   12   -0.0032379099
4   11   2   9   0.0276633841
4   11   2   11   0.0039090820
4   11   3   8   -0.0041638455
4   11   3   10   0.0503635907
4   11   3   12   -0.0894513025
4   11   4   9   0.0039090820
4   11   4   11   0.5271859219
4   11   5   8   -0.0032379099
4   11   5   10   -0.0894513025
4   11   5   12   0.1977593950
4   11   6   13   0.0370273849
4   11   7   14   0.0370273849
4   12   1   9   0.0140859931
4   12   1   11   -0.0030437669
4   12   2   8   0.0146142141
4   12   2   10   0.0073957276
4   12   2   12   0.0048627071
4   12   3   9   0.0016692691
4   12   3   11   -0.0879972883
4   12   4   8   -0.0052767308
4   12   4   10   0.0088869436
4   12   4   12   0.5300514497
4   12   5   9   -0.0157137542
4   12   5   11   0.1969824024
4   13   2   13   0.0088931728
4   13   4   13   0.4892619300
4   13   6   9   -0.0105470750
4   13   6   11   0.0401655675
4   14   2   14   0.0088931728
4   14   4   14   0.4892619300
4   14   7   9   -0.0105470750
4   14   7   11   0.0401655675
5   8   1   8   0.0714988373
5   8   1   10   -0.0022383719
5   8   1   12   0.0176785534
5   8   2   9   0.0548914125
5   8   2   11   0.0150139306
5   8   3   8   0.0994394038
5   8   3   10   0.0089906571
5   8   3   12   0.0160860841
5   8   4   8   -0.0000000000
5   8   4   9   0.2488532336
5   8   4   11   -0.0032379099
5   8   5   8   0.6939079957
5   8   5   10   -0.0083452420
5   8   5   12   -0.0008576335
5   8   6   13   -0.0037385698
5   8   7   14   -0.0037385698
5   9   1   9   0.0715423112
5   9   1   11   0.0155418841
5   9   2   8   0.0548816655
5   9   2   9   0.0000000000
5   9   2   10   -0.0029740209
5   9   2   12   0.0164947650
5   9   3   9   0.0993449832
5   9   3   11   0.0075122334
5   9   4   8   0.2488546752
5   9   4   9   0.0000000000
5   9   4   10   -0.0155255571
5   9   4   12   -0.0157137542
5   9   5   9   0.6939024203
5   9   5   11   0.0048627071
5   10   1   8   -0.0028181940
5   10   1   10   0.0306572831
5   10   1   12   0.0160860841
5   10   2   9   -0.0035757791
5   10   2   11   0.0019708205
5   10   3   8   0.0086746985
5   10   3   10   0.1398767780
5   10   3   12   0.0644225215
5   10   4   9   -0.0153718506
5   10   4   11   -0.0894513025
5   10   5   8   -0.0083452420
5   10   5   10   0.5654822876
5   10   5   12   0.0334528161
5   10   6   13   -0.0118582816
5   10   7   14   -0.0118582816
5   11   1   9   0.0146142141
5   11   1   11   -0.0052767308
5   11   2   8   0.0140859931
5   11   2   10   0.0016692691
5   11   2   12   -0.0157137542
5   11   3   9   0.0073957276
5   11   3   11   0.0088869436
5   11   4   8   -0.0030437669
5   11   4   10   -0.0879972883
5   11   4   12   0.1969824024
5   11   5   9   0.0048627071
5   11   5   11   0.5300514497
5   12   1   8   0.0161798898
5   12   1   10   0.0157332691
5   12   1   12   -0.0008576335
5   12   2   9   0.0149638057
5   12   2   11   -0.0156608564
5   12   3   8   0.0157332691
5   12   3   10   0.0612376148
5   12   3   12   0.0334528161
5   12   4   9   -0.0156608564
5   12   4   11   0.1977593950
5   12   5   8   -0.0008576335
5   12   5   10   0.0334528161
5   12   5   12   0.5525575984
5   12   6   13   0.0195803058
5   12   7   14   0.0195803058
5   13   1   13   0.0104345553
5   13   3   13   0.0597660066
5   13   5   13   0.5005545935
5   13   6   8   -0.0041725843
5   13   6   10   -0.0123264012
5   13   6   12   0.0229916051
5   14   1   14   0.0104345553
5   14   3   14   0.0597660066
5   14   5   14   0.5005545935
5   14   7   8   -0.0041725843
5   14   7   10   -0.0123264012
5   14   7   12   0.0229916051
6   8   1   13   0.0126852527
6   8   3   13   0.0168080482
6   8   5   13   -0.0041725843
6   8   6   8   0.6874656992
6   8   6   10   -0.0004539847
6   8   6   12   0.0104345553
6   9   2   13   0.0120814499
6   9   4   13   -0.0105470750
6   9   6   9   0.6874487974
6   9   6   11   0.0088931728
6   10   1   13   0.0168080482
6   10   3   13   0.0956092852
6   10   5   13   -0.0123264012
6   10   6   8   -0.0004539847
6   10   6   10   0.6269513421
6   10   6   12   0.0597660066
6   11   2   13   -0.0105470750
6   11   4   13   0.0401655675
6   11   6   9   0.0088931728
6   11   6   11   0.4892619300
6   12   1   13   -0.0041725843
6   12   3   13   -0.0123264012
6   12   5   13   0.0229916051
6   12   6   8   0.0104345553
6   12   6   10   0.0597660066
6   12   6   12   0.5005545935
6   13   1   8   0.0110576113
6   13   1   10   0.0162620383
6   13   1   12   -0.0037385698
6   13   2   9   0.0104297802
6   13   2   11   -0.0098704172
6   13   3   8   0.0162620383
6   13   3   10   0.0930880988
6   13   3   12   -0.0118582816
6   13   4   9   -0.0098704172
6   13   4   11   0.0370273849
6   13   5   8   -0.0037385698
6   13   5   10   -0.0118582816
6   13   5   12   0.0195803058
6   13   6   13   0.5658472039
6   13   7   14   0.0183145220
6   14   6   14   0.5258197186
6   14   7   13   0.0217129633
7   8   1   14   0.0126852527
7   8   3   14   0.0168080482
7   8   5   14   -0.0041725843
7   8   7   8   0.6874656992
7   8   7   10   -0.0004539847
7   8   7   12   0.0104345553
7   9   2   14   0.0120814499
7   9   4   14   -0.0105470750
7   9   7   9   0.6874487974
7   9   7   11   0.0088931728
7   10   1   14   0.0168080482
7   10   3   14   0.0956092852
7   10   5   14   -0.0123264012
7   10   7   8   -0.0004539847
7   10   7   10   0.6269513421
7   10   7   12   0.0597660066
7   11   2   14   -0.0105470750
7   11   4   14   0.0401655675
7   11   7   9   0.0088931728
7   11   7   11   0.4892619300
7   12   1   14   -0.0041725843
7   12   3   14   -0.0123264012
7   12   5   14   0.0229916051
7   12   7   8   0.0104345553
7   12   7   10   0.0597660066
7   12   7   12   0.5005545935
7   13   6   14   0.0217129633
7   13   7   13   0.5258197186
7   14   1   8   0.0110576113
7   14   1   10   0.0162620383
7   14   1   12   -0.0037385698
7   14   2   9   0.0104297802
7   14   2   11   -0.0098704172
7   14   3   8   0.0162620383
7   14   3   10   0.0930880988
7   14   3   12   -0.0118582816
7   14   4   9   -0.0098704172
7   14   4   11   0.0370273849
7   14   5   8   -0.0037385698
7   14   5   10   -0.0118582816
7   14   5   12   0.0195803058
7   14   6   13   0.0183145220
7   14   7   14   0.5658472039

End IJKL Block
Begin IJAB Block
1   8   1   7   0.0116369027
1   8   2   8   0.0116369027
1   8   3   9   0.0115930604
1   8   4   10   0.0089925756
1   8   5   11   0.0179364954
1   8   6   12   0.0179364954
1   9   1   11   0.0023680388
1   9   1   12   0.0140823276
1   9   2   11   -0.0140823276
1   9   2   12   0.0023680388
1   9   3   10   -0.0029525091
1   9   4   9   -0.0029910833
1   9   5   7   0.0024469058
1   9   5   8   -0.0145513360
1   9   6   7   0.0145513360
1   9   6   8   0.0024469058
1   10   1   7   0.0098939567
1   10   2   8   0.0098939567
1   10   3   9   -0.0018689617
1   10   4   10   0.0070448050
1   10   5   11   0.0107219532
1   10   6   12   0.0107219532
1   11   1   11   -0.0010785783
1   11   1   12   -0.0064141235
1   11   2   11   0.0064141235
1   11   2   12   -0.0010785783
1   11   3   10   0.0006432314
1   11   4   9   0.0003923491
1   11   5   7   -0.0023337615
1   11   5   8   0.0138784862
1   11   6   7   -0.0138784862
1   11   6   8   -0.0023337615
1   12   1   7   -0.0063588695
1   12   2   8   -0.0063588695
1   12   3   9   0.0007509785
1   12   4   10   0.0037877517
1   12   5   11   -0.0001592563
1   12   6   12   -0.0001592563
1   13   1   9   0.0065721573
1   13   2   9   -0.0022644028
1   13   3   7   -0.0009792107
1   13   3   8   0.0003373820
1   13   4   11   -0.0014232010
1   13   4   12   -0.0026150576
1   13   5   10   0.0009453086
1   13   6   10   0.0017369552
1   14   1   9   0.0022644028
1   14   2   9   0.0065721573
1   14   3   7   -0.0003373820
1   14   3   8   -0.0009792107
1   14   4   11   0.0026150576
1   14   4   12   -0.0014232010
1   14   5   10   -0.0017369552
1   14   6   10   0.0009453086
2   8   1   11   0.0024469058
2   8   1   12   0.0145513360
2   8   2   11   -0.0145513360
2   8   2   12   0.0024469058
2   8   3   10   -0.0029910833
2   8   4   9   -0.0029525091
2   8   5   7   0.0023680388
2   8   5   8   -0.0140823276
2   8   6   7   0.0140823276
2   8   6   8   0.0023680388
2   9   1   7   0.0120036013
2   9   2   8   0.0120036013
2   9   3   9   0.0116019700
2   9   4   10   0.0084303463
2   9   5   11   0.0173326603
2   9   6   12   0.0173326603
2   10   1   11   0.0015263869
2   10   1   12   0.0090771652
2   10   2   11   -0.0090771652
2   10   2   12   0.0015263869
2   10   3   10   0.0007735862
2   10   4   9   -0.0007881291
2   10   5   7   0.0017806105
2   10   5   8   -0.0105889903
2   10   6   7   0.0105889903
2   10   6   8   0.0017806105
2   11   1   7   -0.0133899425
2   11   2   8   -0.0133899425
2   11   3   9   0.0022733289
2   11   4   10   -0.0015962288
2   11   5   11   -0.0068740245
2   11   6   12   -0.0068740245
2   12   1   11   -0.0000602657
2   12   1   12   -0.0003583901
2   12   2   11   0.0003583901
2   12   2   12   -0.0000602657
2   12   3   10   0.0015863443
2   12   4   9   -0.0019983677
2   12   5   7   -0.0010213378
2   12   5   8   0.0060737234
2   12   6   7   -0.0060737234
2   12   6   8   -0.0010213378
2   13   1   10   0.0020094221
2   13   2   10   -0.0006923360
2   13   3   11   -0.0011097440
2   13   3   12   -0.0020390968
2   13   4   7   0.0037905546
2   13   4   8   -0.0013060160
2   13   5   9   0.0033982715
2   13   6   9   0.0062441466
2   14   1   10   0.0006923360
2   14   2   10   0.0020094221
2   14   3   11   0.0020390968
2   14   3   12   -0.0011097440
2   14   4   7   0.0013060160
2   14   4   8   0.0037905546
2   14   5   9   -0.0062441466
2   14   6   9   0.0033982715
3   8   1   7   0.0098939567
3   8   2   8   0.0098939567
3   8   3   9   -0.0018689617
3   8   4   10   0.0070448050
3   8   5   11   0.0107219532
3   8   6   12   0.0107219532
3   9   1   11   0.0017806105
3   9   1   12   0.0105889903
3   9   2   11   -0.0105889903
3   9   2   12   0.0017806105
3   9   3   10   -0.0007881291
3   9   4   9   0.0007735862
3   9   5   7   0.0015263869
3   9   5   8   -0.0090771652
3   9   6   7   0.0090771652
3   9   6   8   0.0015263869
3   10   1   7   0.0350770900
3   10   2   8   0.0350770900
3   10   3   9   0.0313223739
3   10   4   10   0.0392254702
3   10   5   11   0.0277831483
3   10   6   12   0.0277831483
3   11   1   11   -0.0019429108
3   11   1   12   -0.0115541629
3   11   2   11   0.0115541629
3   11   2   12   -0.0019429108
3   11   3   10   -0.0061543993
3   11   4   9   0.0055744895
3   11   5   7   -0.0030002404
3   11   5   8   0.0178419237
3   11   6   7   -0.0178419237
3   11   6   8   -0.0030002404
3   12   1   7   -0.0214430718
3   12   2   8   -0.0214430718
3   12   3   9   -0.0002547250
3   12   4   10   0.0218911463
3   12   5   11   0.0010813304
3   12   6   12   0.0010813304
3   13   1   9   0.0222744129
3   13   2   9   -0.0076745338
3   13   3   7   0.0447757664
3   13   3   8   -0.0154272588
3   13   4   11   -0.0142043224
3   13   4   12   -0.0260997012
3   13   5   10   -0.0009785759
3   13   6   10   -0.0017980821
3   14   1   9   0.0076745338
3   14   2   9   0.0222744129
3   14   3   7   0.0154272588
3   14   3   8   0.0447757664
3   14   4   11   0.0260997012
3   14   4   12   -0.0142043224
3   14   5   10   0.0017980821
3   14   6   10   -0.0009785759
4   8   1   11   -0.0023337615
4   8   1   12   -0.0138784862
4   8   2   11   0.0138784862
4   8   2   12   -0.0023337615
4   8   3   10   0.0003923491
4   8   4   9   0.0006432314
4   8   5   7   -0.0010785783
4   8   5   8   0.0064141235
4   8   6   7   -0.0064141235
4   8   6   8   -0.0010785783
4   9   1   7   -0.0133899425
4   9   2   8   -0.0133899425
4   9   3   9   0.0022733289
4   9   4   10   -0.0015962288
4   9   5   11   -0.0068740245
4   9   6   12   -0.0068740245
4   10   1   11   -0.0030002404
4   10   1   12   -0.0178419237
4   10   2   11   0.0178419237
4   10   2   12   -0.0030002404
4   10   3   10   0.0055744895
4   10   4   9   -0.0061543993
4   10   5   7   -0.0019429108
4   10   5   8   0.0115541629
4   10   6   7   -0.0115541629
4   10   6   8   -0.0019429108
4   11   1   7   0.0728031960
4   11   2   8   0.0728031960
4   11   3   9   0.0356419340
4   11   4   10   0.0151945575
4   11   5   11   0.0129491852
4   11   6   12   0.0129491852
4   12   1   11   -0.0008138971
4   12   1   12   -0.0048401085
4   12   2   11   0.0048401085
4   12   2   12   -0.0008138971
4   12   3   10   0.0341630868
4   12   4   9   0.0176375629
4   12   5   7   0.0007815944
4   12   5   8   -0.0046480099
4   12   6   7   0.0046480099
4   12   6   8   0.0007815944
4   13   1   10   -0.0169007728
4   13   2   10   0.0058230739
4   13   3   11   -0.0155696318
4   13   3   12   -0.0286083861
4   13   4   7   -0.0018718266
4   13   4   8   0.0006449282
4   13   5   9   -0.0042572858
4   13   6   9   -0.0078225405
4   14   1   10   -0.0058230739
4   14   2   10   -0.0169007728
4   14   3   11   0.0286083861
4   14   3   12   -0.0155696318
4   14   4   7   -0.0006449282
4   14   4   8   -0.0018718266
4   14   5   9   0.0078225405
4   14   6   9   -0.0042572858
5   8   1   7   -0.0063588695
5   8   2   8   -0.0063588695
5   8   3   9   0.0007509785
5   8   4   10   0.0037877517
5   8   5   11   -0.0001592563
5   8   6   12   -0.0001592563
5   9   1   11   -0.0010213378
5   9   1   12   -0.0060737234
5   9   2   11   0.0060737234
5   9   2   12   -0.0010213378
5   9   3   10   -0.0019983677
5   9   4   9   0.0015863443
5   9   5   7   -0.0000602657
5   9   5   8   0.0003583901
5   9   6   7   -0.0003583901
5   9   6   8   -0.0000602657
5   10   1   7   -0.0214430718
5   10   2   8   -0.0214430718
5   10   3   9   -0.0002547250
5   10   4   10   0.0218911463
5   10   5   11   0.0010813304
5   10   6   12   0.0010813304
5   11   1   11   0.0007815944
5   11   1   12   0.0046480099
5   11   2   11   -0.0046480099
5   11   2   12   0.0007815944
5   11   3   10   0.0176375629
5   11   4   9   0.0341630868
5   11   5   7   -0.0008138971
5   11   5   8   0.0048401085
5   11   6   7   -0.0048401085
5   11   6   8   -0.0008138971
5   12   1   7   0.0407621559
5   12   2   8   0.0407621559
5   12   3   9   0.0246593624
5   12   4   10   0.0435533563
5   12   5   11   0.0122667631
5   12   6   12   0.0122667631
5   13   1   9   -0.0087894774
5   13   2   9   0.0030283690
5   13   3   7   0.0097329645
5   13   3   8   -0.0033534426
5   13   4   11   -0.0172974609
5   13   4   12   -0.0317831819
5   13   5   10   0.0008172353
5   13   6   10   0.0015016272
5   14   1   9   -0.0030283690
5   14   2   9   -0.0087894774
5   14   3   7   0.0033534426
5   14   3   8   0.0097329645
5   14   4   11   0.0317831819
5   14   4   12   -0.0172974609
5   14   5   10   -0.0015016272
5   14   6   10   0.0008172353
6   8   1   9   -0.0009792107
6   8   2   9   0.0003373820
6   8   3   7   0.0065721573
6   8   3   8   -0.0022644028
6   8   4   11   0.0009453086
6   8   4   12   0.0017369552
6   8   5   10   -0.0014232010
6   8   6   10   -0.0026150576
6   9   1   10   0.0037905546
6   9   2   10   -0.0013060160
6   9   3   11   0.0033982715
6   9   3   12   0.0062441466
6   9   4   7   0.0020094221
6   9   4   8   -0.0006923360
6   9   5   9   -0.0011097440
6   9   6   9   -0.0020390968
6   10   1   9   0.0447757664
6   10   2   9   -0.0154272588
6   10   3   7   0.0222744129
6   10   3   8   -0.0076745338
6   10   4   11   -0.0009785759
6   10   4   12   -0.0017980821
6   10   5   10   -0.0142043224
6   10   6   10   -0.0260997012
6   11   1   10   -0.0018718266
6   11   2   10   0.0006449282
6   11   3   11   -0.0042572858
6   11   3   12   -0.0078225405
6   11   4   7   -0.0169007728
6   11   4   8   0.0058230739
6   11   5   9   -0.0155696318
6   11   6   9   -0.0286083861
6   12   1   9   0.0097329645
6   12   2   9   -0.0033534426
6   12   3   7   -0.0087894774
6   12   3   8   0.0030283690
6   12   4   11   0.0008172353
6   12   4   12   0.0015016272
6   12   5   10   -0.0172974609
6   12   6   10   -0.0317831819
6   13   1   7   0.1145761994
6   13   1   8   -0.0335554781
6   13   2   7   -0.0335554781
6   13   2   8   0.0287468194
6   13   3   9   0.0159126910
6   13   4   10   0.0190098747
6   13   5   11   0.0205820999
6   13   5   12   0.0261399639
6   13   6   11   0.0261399639
6   13   6   12   0.0543866850
6   14   1   7   0.0335554781
6   14   1   8   0.0815337261
6   14   2   7   0.0042956539
6   14   2   8   -0.0335554781
6   14   5   11   -0.0261399639
6   14   5   12   0.0062680235
6   14   6   11   -0.0400726086
6   14   6   12   0.0261399639
7   8   1   9   -0.0003373820
7   8   2   9   -0.0009792107
7   8   3   7   0.0022644028
7   8   3   8   0.0065721573
7   8   4   11   -0.0017369552
7   8   4   12   0.0009453086
7   8   5   10   0.0026150576
7   8   6   10   -0.0014232010
7   9   1   10   0.0013060160
7   9   2   10   0.0037905546
7   9   3   11   -0.0062441466
7   9   3   12   0.0033982715
7   9   4   7   0.0006923360
7   9   4   8   0.0020094221
7   9   5   9   0.0020390968
7   9   6   9   -0.0011097440
7   10   1   9   0.0154272588
7   10   2   9   0.0447757664
7   10   3   7   0.0076745338
7   10   3   8   0.0222744129
7   10   4   11   0.0017980821
7   10   4   12   -0.0009785759
7   10   5   10   0.0260997012
7   10   6   10   -0.0142043224
7   11   1   10   -0.0006449282
7   11   2   10   -0.0018718266
7   11   3   11   0.0078225405
7   11   3   12   -0.0042572858
7   11   4   7   -0.0058230739
7   11   4   8   -0.0169007728
7   11   5   9   0.0286083861
7   11   6   9   -0.0155696318
7   12   1   9   0.0033534426
7   12   2   9   0.0097329645
7   12   3   7   -0.0030283690
7   12   3   8   -0.0087894774
7   12   4   11   -0.0015016272
7   12   4   12   0.0008172353
7   12   5   10   0.0317831819
7   12   6   10   -0.0172974609
7   13   1   7   0.0335554781
7   13   1   8   0.0042956539
7   13   2   7   0.0815337261
7   13   2   8   -0.0335554781
7   13   5   11   -0.0261399639
7   13   5   12   -0.0400726086
7   13   6   11   0.0062680235
7   13   6   12   0.0261399639
7   14   1   7   0.0287468194
7   14   1   8   0.0335554781
7   14   2   7   0.0335554781
7   14   2   8   0.1145761994
7   14   3   9   0.0159126910
7   14   4   10   0.0190098747
7   14   5   11   0.0543866850
7   14   5   12   -0.0261399639
7   14   6   11   -0.0261399639
7   14   6   12   0.0205820999

End IJAB Block
Begin ABCD Block
1   7   1   7   0.4797526913
1   7   2   8   0.0183688705
1   7   3   9   0.0175682407
1   7   4   10   0.0071646500
1   7   5   11   0.0075903105
1   7   5   12   0.0061969559
1   7   6   11   0.0061969559
1   7   6   12   0.0434005019
1   8   1   8   0.4430246213
1   8   2   7   0.0183591995
1   8   5   11   -0.0061969559
1   8   5   12   -0.0054113165
1   8   6   11   -0.0303988749
1   8   6   12   0.0061969559
1   9   1   9   0.3440937649
1   9   3   7   0.0175991859
1   9   4   11   -0.0004865266
1   9   4   12   -0.0028932917
1   9   5   10   -0.0020236849
1   9   6   10   -0.0120345129
1   10   1   10   0.3846645124
1   10   3   11   -0.0016578288
1   10   3   12   -0.0098588283
1   10   4   7   0.0072219053
1   10   5   9   -0.0020349752
1   10   6   9   -0.0121016544
1   11   1   11   0.4052099298
1   11   1   12   0.0044331493
1   11   2   11   -0.0044331493
1   11   2   12   -0.0127970086
1   11   3   10   -0.0016502407
1   11   4   9   -0.0004841966
1   11   5   7   0.0076009924
1   11   5   8   -0.0062579346
1   11   6   7   0.0062579346
1   11   6   8   -0.0306756972
1   12   1   11   0.0044331493
1   12   1   12   0.4308276570
1   12   2   11   -0.0128207186
1   12   2   12   0.0044331493
1   12   3   10   -0.0098137032
1   12   4   9   -0.0028794352
1   12   5   7   0.0062579346
1   12   5   8   -0.0054868702
1   12   6   7   0.0437635598
1   12   6   8   0.0062579346
2   7   1   8   0.0183591995
2   7   2   7   0.4430246213
2   7   5   11   -0.0061969559
2   7   5   12   -0.0303988749
2   7   6   11   -0.0054113165
2   7   6   12   0.0061969559
2   8   1   7   0.0183688705
2   8   2   8   0.4797526913
2   8   3   9   0.0175682407
2   8   4   10   0.0071646500
2   8   5   11   0.0434005019
2   8   5   12   -0.0061969559
2   8   6   11   -0.0061969559
2   8   6   12   0.0075903105
2   9   2   9   0.3440937649
2   9   3   8   0.0175991859
2   9   4   11   0.0028932917
2   9   4   12   -0.0004865266
2   9   5   10   0.0120345129
2   9   6   10   -0.0020236849
2   10   2   10   0.3846645124
2   10   3   11   0.0098588283
2   10   3   12   -0.0016578288
2   10   4   8   0.0072219053
2   10   5   9   0.0121016544
2   10   6   9   -0.0020349752
2   11   1   11   -0.0044331493
2   11   1   12   -0.0128207186
2   11   2   11   0.4308276570
2   11   2   12   -0.0044331493
2   11   3   10   0.0098137032
2   11   4   9   0.0028794352
2   11   5   7   -0.0062579346
2   11   5   8   0.0437635598
2   11   6   7   -0.0054868702
2   11   6   8   -0.0062579346
2   12   1   11   -0.0127970086
2   12   1   12   0.0044331493
2   12   2   11   -0.0044331493
2   12   2   12   0.4052099298
2   12   3   10   -0.0016502407
2   12   4   9   -0.0004841966
2   12   5   7   -0.0306756972
2   12   5   8   -0.0062579346
2   12   6   7   0.0062579346
2   12   6   8   0.0076009924
3   7   1   9   0.0175991859
3   7   3   7   0.3440937649
3   7   4   11   -0.0020236849
3   7   4   12   -0.0120345129
3   7   5   10   -0.0004865266
3   7   6   10   -0.0028932917
3   8   2   9   0.0175991859
3   8   3   8   0.3440937649
3   8   4   11   0.0120345129
3   8   4   12   -0.0020236849
3   8   5   10   0.0028932917
3   8   6   10   -0.0004865266
3   9   1   7   0.0175682407
3   9   2   8   0.0175682407
3   9   3   9   0.3490987585
3   9   4   10   0.0864267239
3   9   5   11   0.0094463374
3   9   6   12   0.0094463374
3   10   1   11   -0.0016502407
3   10   1   12   -0.0098137032
3   10   2   11   0.0098137032
3   10   2   12   -0.0016502407
3   10   3   10   0.3373074538
3   10   4   9   0.0864507091
3   10   5   7   -0.0004841966
3   10   5   8   0.0028794352
3   10   6   7   -0.0028794352
3   10   6   8   -0.0004841966
3   11   1   10   -0.0016578288
3   11   2   10   0.0098588283
3   11   3   11   0.3156808965
3   11   4   7   -0.0020349752
3   11   4   8   0.0121016544
3   11   5   9   0.0094858969
3   12   1   10   -0.0098588283
3   12   2   10   -0.0016578288
3   12   3   12   0.3156808965
3   12   4   7   -0.0121016544
3   12   4   8   -0.0020349752
3   12   6   9   0.0094858969
4   7   1   10   0.0072219053
4   7   3   11   -0.0020349752
4   7   3   12   -0.0121016544
4   7   4   7   0.3846645124
4   7   5   9   -0.0016578288
4   7   6   9   -0.0098588283
4   8   2   10   0.0072219053
4   8   3   11   0.0121016544
4   8   3   12   -0.0020349752
4   8   4   8   0.3846645124
4   8   5   9   0.0098588283
4   8   6   9   -0.0016578288
4   9   1   11   -0.0004841966
4   9   1   12   -0.0028794352
4   9   2   11   0.0028794352
4   9   2   12   -0.0004841966
4   9   3   10   0.0864507091
4   9   4   9   0.3373074538
4   9   5   7   -0.0016502407
4   9   5   8   0.0098137032
4   9   6   7   -0.0098137032
4   9   6   8   -0.0016502407
4   10   1   7   0.0071646500
4   10   2   8   0.0071646500
4   10   3   9   0.0864267239
4   10   4   10   0.3713706840
4   10   5   11   0.0183808170
4   10   6   12   0.0183808170
4   11   1   9   -0.0004865266
4   11   2   9   0.0028932917
4   11   3   7   -0.0020236849
4   11   3   8   0.0120345129
4   11   4   11   0.3684089046
4   11   5   10   0.0184255053
4   12   1   9   -0.0028932917
4   12   2   9   -0.0004865266
4   12   3   7   -0.0120345129
4   12   3   8   -0.0020236849
4   12   4   12   0.3684089046
4   12   6   10   0.0184255053
5   7   1   11   0.0076009924
5   7   1   12   0.0062579346
5   7   2   11   -0.0062579346
5   7   2   12   -0.0306756972
5   7   3   10   -0.0004841966
5   7   4   9   -0.0016502407
5   7   5   7   0.4052099298
5   7   5   8   -0.0044331493
5   7   6   7   0.0044331493
5   7   6   8   -0.0127970086
5   8   1   11   -0.0062579346
5   8   1   12   -0.0054868702
5   8   2   11   0.0437635598
5   8   2   12   -0.0062579346
5   8   3   10   0.0028794352
5   8   4   9   0.0098137032
5   8   5   7   -0.0044331493
5   8   5   8   0.4308276570
5   8   6   7   -0.0128207186
5   8   6   8   -0.0044331493
5   9   1   10   -0.0020349752
5   9   2   10   0.0121016544
5   9   3   11   0.0094858969
5   9   4   7   -0.0016578288
5   9   4   8   0.0098588283
5   9   5   9   0.3156808965
5   10   1   9   -0.0020236849
5   10   2   9   0.0120345129
5   10   3   7   -0.0004865266
5   10   3   8   0.0028932917
5   10   4   11   0.0184255053
5   10   5   10   0.3684089046
5   11   1   7   0.0075903105
5   11   1   8   -0.0061969559
5   11   2   7   -0.0061969559
5   11   2   8   0.0434005019
5   11   3   9   0.0094463374
5   11   4   10   0.0183808170
5   11   5   11   0.4213269169
5   11   6   12   0.0164444396
5   12   1   7   0.0061969559
5   12   1   8   -0.0054113165
5   12   2   7   -0.0303988749
5   12   2   8   -0.0061969559
5   12   5   12   0.3884310082
5   12   6   11   0.0164514691
6   7   1   11   0.0062579346
6   7   1   12   0.0437635598
6   7   2   11   -0.0054868702
6   7   2   12   0.0062579346
6   7   3   10   -0.0028794352
6   7   4   9   -0.0098137032
6   7   5   7   0.0044331493
6   7   5   8   -0.0128207186
6   7   6   7   0.4308276570
6   7   6   8   0.0044331493
6   8   1   11   -0.0306756972
6   8   1   12   0.0062579346
6   8   2   11   -0.0062579346
6   8   2   12   0.0076009924
6   8   3   10   -0.0004841966
6   8   4   9   -0.0016502407
6   8   5   7   -0.0127970086
6   8   5   8   -0.0044331493
6   8   6   7   0.0044331493
6   8   6   8   0.4052099298
6   9   1   10   -0.0121016544
6   9   2   10   -0.0020349752
6   9   3   12   0.0094858969
6   9   4   7   -0.0098588283
6   9   4   8   -0.0016578288
6   9   6   9   0.3156808965
6   10   1   9   -0.0120345129
6   10   2   9   -0.0020236849
6   10   3   7   -0.0028932917
6   10   3   8   -0.0004865266
6   10   4   12   0.0184255053
6   10   6   10   0.3684089046
6   11   1   7   0.0061969559
6   11   1   8   -0.0303988749
6   11   2   7   -0.0054113165
6   11   2   8   -0.0061969559
6   11   5   12   0.0164514691
6   11   6   11   0.3884310082
6   12   1   7   0.0434005019
6   12   1   8   0.0061969559
6   12   2   7   0.0061969559
6   12   2   8   0.0075903105
6   12   3   9   0.0094463374
6   12   4   10   0.0183808170
6   12   5   11   0.0164444396
6   12   6   12   0.4213269169

End ABCD Block
Begin AIJB Block
1   8   1   7   0.0114144061
1   8   2   11   0.0023668708
1   8   2   12   0.0140753816
1   8   3   7   0.0093082044
1   8   4   11   -0.0023066313
1   8   4   12   -0.0137171472
1   8   5   7   -0.0062438569
1   8   6   9   -0.0016921904
1   8   7   9   -0.0005830354
1   9   1   11   0.0022894719
1   9   1   12   0.0136151031
1   9   2   7   0.0117844740
1   9   3   11   0.0017340196
1   9   3   12   0.0103119219
1   9   4   7   -0.0129231882
1   9   5   11   -0.0010149659
1   9   5   12   -0.0060358309
1   9   6   10   0.0037120457
1   9   7   10   0.0012789661
1   10   1   7   0.0093082044
1   10   2   11   0.0014491659
1   10   2   12   0.0086179455
1   10   3   7   0.0313178560
1   10   4   11   -0.0026699030
1   10   4   12   -0.0158774628
1   10   5   7   -0.0200188656
1   10   6   9   0.0414769818
1   10   7   9   0.0142906796
1   11   1   11   -0.0009873152
1   11   1   12   -0.0058713967
1   11   2   7   -0.0129231882
1   11   3   11   -0.0014401694
1   11   3   12   -0.0085644445
1   11   4   7   0.0677925865
1   11   5   11   0.0003984170
1   11   5   12   0.0023693185
1   11   6   10   -0.0022420479
1   11   7   10   -0.0007724860
1   12   1   7   -0.0062438569
1   12   2   11   -0.0000456019
1   12   2   12   -0.0002711871
1   12   3   7   -0.0200188656
1   12   4   11   -0.0011756598
1   12   4   12   -0.0069914505
1   12   5   7   0.0359268243
1   12   6   9   0.0089474996
1   12   7   9   0.0030828147
1   13   1   9   0.0059706132
1   13   2   10   0.0020845453
1   13   3   9   0.0180721612
1   13   4   10   -0.0173424676
1   13   5   9   -0.0083121498
1   13   6   7   0.1134954940
1   13   6   8   -0.0339592396
1   13   7   7   0.0339592396
1   13   7   8   0.0032848422
1   14   1   9   0.0020571439
1   14   2   10   0.0007182193
1   14   3   9   0.0062266697
1   14   4   10   -0.0059752575
1   14   5   9   -0.0028639082
1   14   6   7   0.0339592396
1   14   6   8   0.0835772933
1   14   7   7   0.0266333585
1   14   7   8   0.0339592396
2   8   1   8   0.0114144061
2   8   2   11   -0.0140753816
2   8   2   12   0.0023668708
2   8   3   8   0.0093082044
2   8   4   11   0.0137171472
2   8   4   12   -0.0023066313
2   8   5   8   -0.0062438569
2   8   6   9   0.0005830354
2   8   7   9   -0.0016921904
2   9   1   11   -0.0136151031
2   9   1   12   0.0022894719
2   9   2   8   0.0117844740
2   9   3   11   -0.0103119219
2   9   3   12   0.0017340196
2   9   4   8   -0.0129231882
2   9   5   11   0.0060358309
2   9   5   12   -0.0010149659
2   9   6   10   -0.0012789661
2   9   7   10   0.0037120457
2   10   1   8   0.0093082044
2   10   2   11   -0.0086179455
2   10   2   12   0.0014491659
2   10   3   8   0.0313178560
2   10   4   11   0.0158774628
2   10   4   12   -0.0026699030
2   10   5   8   -0.0200188656
2   10   6   9   -0.0142906796
2   10   7   9   0.0414769818
2   11   1   11   0.0058713967
2   11   1   12   -0.0009873152
2   11   2   8   -0.0129231882
2   11   3   11   0.0085644445
2   11   3   12   -0.0014401694
2   11   4   8   0.0677925865
2   11   5   11   -0.0023693185
2   11   5   12   0.0003984170
2   11   6   10   0.0007724860
2   11   7   10   -0.0022420479
2   12   1   8   -0.0062438569
2   12   2   11   0.0002711871
2   12   2   12   -0.0000456019
2   12   3   8   -0.0200188656
2   12   4   11   0.0069914505
2   12   4   12   -0.0011756598
2   12   5   8   0.0359268243
2   12   6   9   -0.0030828147
2   12   7   9   0.0089474996
2   13   1   9   -0.0020571439
2   13   2   10   -0.0007182193
2   13   3   9   -0.0062266697
2   13   4   10   0.0059752575
2   13   5   9   0.0028639082
2   13   6   7   -0.0339592396
2   13   6   8   0.0266333585
2   13   7   7   0.0835772933
2   13   7   8   -0.0339592396
2   14   1   9   0.0059706132
2   14   2   10   0.0020845453
2   14   3   9   0.0180721612
2   14   4   10   -0.0173424676
2   14   5   9   -0.0083121498
2   14   6   7   0.0032848422
2   14   6   8   -0.0339592396
2   14   7   7   0.0339592396
2   14   7   8   0.1134954940
3   8   1   9   0.0112947266
3   8   2   10   -0.0026673568
3   8   3   9   -0.0022412789
3   8   4   10   0.0004600489
3   8   5   9   0.0007163252
3   8   6   7   0.0059706132
3   8   6   8   -0.0020571439
3   8   7   7   0.0020571439
3   8   7   8   0.0059706132
3   9   1   10   -0.0026265187
3   9   2   9   0.0113197338
3   9   3   10   -0.0008033496
3   9   4   9   0.0020940652
3   9   5   10   -0.0018669851
3   9   6   11   0.0033987902
3   9   6   12   0.0062450997
3   9   7   11   -0.0062450997
3   9   7   12   0.0033987902
3   10   1   9   -0.0022412789
3   10   2   10   0.0007864316
3   10   3   9   0.0252391804
3   10   4   10   0.0053877974
3   10   5   9   -0.0008705820
3   10   6   7   0.0180721612
3   10   6   8   -0.0062266697
3   10   7   7   0.0062266697
3   10   7   8   0.0180721612
3   11   1   10   0.0006728112
3   11   2   9   0.0020940652
3   11   3   10   -0.0061683338
3   11   4   9   0.0344848541
3   11   5   10   0.0176913407
3   11   6   11   -0.0039819586
3   11   6   12   -0.0073166411
3   11   7   11   0.0073166411
3   11   7   12   -0.0039819586
3   12   1   9   0.0007163252
3   12   2   10   0.0015324710
3   12   3   9   -0.0008705820
3   12   4   10   0.0338026133
3   12   5   9   0.0236273948
3   12   6   7   -0.0083121498
3   12   6   8   0.0028639082
3   12   7   7   -0.0028639082
3   12   7   8   -0.0083121498
3   13   1   7   -0.0016921904
3   13   1   8   0.0005830354
3   13   2   11   -0.0010867466
3   13   2   12   -0.0019968401
3   13   3   7   0.0414769818
3   13   3   8   -0.0142906796
3   13   4   11   -0.0151743771
3   13   4   12   -0.0278821262
3   13   5   7   0.0089474996
3   13   5   8   -0.0030828147
3   13   6   9   0.0141199836
3   14   1   7   -0.0005830354
3   14   1   8   -0.0016921904
3   14   2   11   0.0019968401
3   14   2   12   -0.0010867466
3   14   3   7   0.0142906796
3   14   3   8   0.0414769818
3   14   4   11   0.0278821262
3   14   4   12   -0.0151743771
3   14   5   7   0.0030828147
3   14   5   8   0.0089474996
3   14   7   9   0.0141199836
4   8   1   10   0.0086532507
4   8   2   9   -0.0026265187
4   8   3   10   0.0067850665
4   8   4   9   0.0006728112
4   8   5   10   0.0037852378
4   8   6   11   0.0010173947
4   8   6   12   0.0018694097
4   8   7   11   -0.0018694097
4   8   7   12   0.0010173947
4   9   1   9   -0.0026673568
4   9   2   10   0.0080888849
4   9   3   9   0.0007864316
4   9   4   10   -0.0015184646
4   9   5   9   0.0015324710
4   9   6   7   0.0020845453
4   9   6   8   -0.0007182193
4   9   7   7   0.0007182193
4   9   7   8   0.0020845453
4   10   1   10   0.0067850665
4   10   2   9   -0.0008033496
4   10   3   10   0.0389097506
4   10   4   9   -0.0061683338
4   10   5   10   0.0224017487
4   10   6   11   -0.0009929974
4   10   6   12   -0.0018245809
4   10   7   11   0.0018245809
4   10   7   12   -0.0009929974
4   11   1   9   0.0004600489
4   11   2   10   -0.0015184646
4   11   3   9   0.0053877974
4   11   4   10   0.0157551673
4   11   5   9   0.0338026133
4   11   6   7   -0.0173424676
4   11   6   8   0.0059752575
4   11   7   7   -0.0059752575
4   11   7   8   -0.0173424676
4   12   1   10   0.0037852378
4   12   2   9   -0.0018669851
4   12   3   10   0.0224017487
4   12   4   9   0.0176913407
4   12   5   10   0.0452613825
4   12   6   11   0.0009902420
4   12   6   12   0.0018195180
4   12   7   11   -0.0018195180
4   12   7   12   0.0009902420
4   13   1   11   -0.0013717271
4   13   1   12   -0.0025204769
4   13   2   7   0.0037120457
4   13   2   8   -0.0012789661
4   13   3   11   -0.0147357798
4   13   3   12   -0.0270762266
4   13   4   7   -0.0022420479
4   13   4   8   0.0007724860
4   13   5   11   -0.0181673293
4   13   5   12   -0.0333815196
4   13   6   10   0.0192552493
4   14   1   11   0.0025204769
4   14   1   12   -0.0013717271
4   14   2   7   0.0012789661
4   14   2   8   0.0037120457
4   14   3   11   0.0270762266
4   14   3   12   -0.0147357798
4   14   4   7   -0.0007724860
4   14   4   8   -0.0022420479
4   14   5   11   0.0333815196
4   14   5   12   -0.0181673293
4   14   7   10   0.0192552493
5   8   1   11   0.0176042504
5   8   2   7   0.0022894719
5   8   2   8   -0.0136151031
5   8   3   11   0.0104641716
5   8   4   7   -0.0009873152
5   8   4   8   0.0058713967
5   8   5   11   0.0001451918
5   8   6   10   -0.0013717271
5   8   7   10   0.0025204769
5   9   1   7   0.0023668708
5   9   1   8   -0.0140753816
5   9   2   11   0.0170119422
5   9   3   7   0.0014491659
5   9   3   8   -0.0086179455
5   9   4   11   -0.0066676300
5   9   5   7   -0.0000456019
5   9   5   8   0.0002711871
5   9   6   9   -0.0010867466
5   9   7   9   0.0019968401
5   10   1   11   0.0104641716
5   10   2   7   0.0017340196
5   10   2   8   -0.0103119219
5   10   3   11   0.0277847253
5   10   4   7   -0.0014401694
5   10   4   8   0.0085644445
5   10   5   11   0.0033967605
5   10   6   10   -0.0147357798
5   10   7   10   0.0270762266
5   11   1   7   -0.0023066313
5   11   1   8   0.0137171472
5   11   2   11   -0.0066676300
5   11   3   7   -0.0026699030
5   11   3   8   0.0158774628
5   11   4   11   0.0125727271
5   11   5   7   -0.0011756598
5   11   5   8   0.0069914505
5   11   6   9   -0.0151743771
5   11   7   9   0.0278821262
5   12   1   11   0.0001451918
5   12   2   7   -0.0010149659
5   12   2   8   0.0060358309
5   12   3   11   0.0033967605
5   12   4   7   0.0003984170
5   12   4   8   -0.0023693185
5   12   5   11   0.0122605485
5   12   6   10   -0.0181673293
5   12   7   10   0.0333815196
5   13   1   10   0.0010173947
5   13   2   9   0.0033987902
5   13   3   10   -0.0009929974
5   13   4   9   -0.0039819586
5   13   5   10   0.0009902420
5   13   6   11   0.0232495602
5   13   6   12   0.0276171735
5   13   7   11   -0.0276171735
5   13   7   12   -0.0424840451
5   14   1   10   -0.0018694097
5   14   2   9   -0.0062450997
5   14   3   10   0.0018245809
5   14   4   9   0.0073166411
5   14   5   10   -0.0018195180
5   14   6   11   -0.0276171735
5   14   6   12   0.0067691108
5   14   7   11   0.0589644945
5   14   7   12   -0.0276171735
6   8   1   12   0.0176042504
6   8   2   7   0.0136151031
6   8   2   8   0.0022894719
6   8   3   12   0.0104641716
6   8   4   7   -0.0058713967
6   8   4   8   -0.0009873152
6   8   5   12   0.0001451918
6   8   6   10   -0.0025204769
6   8   7   10   -0.0013717271
6   9   1   7   0.0140753816
6   9   1   8   0.0023668708
6   9   2   12   0.0170119422
6   9   3   7   0.0086179455
6   9   3   8   0.0014491659
6   9   4   12   -0.0066676300
6   9   5   7   -0.0002711871
6   9   5   8   -0.0000456019
6   9   6   9   -0.0019968401
6   9   7   9   -0.0010867466
6   10   1   12   0.0104641716
6   10   2   7   0.0103119219
6   10   2   8   0.0017340196
6   10   3   12   0.0277847253
6   10   4   7   -0.0085644445
6   10   4   8   -0.0014401694
6   10   5   12   0.0033967605
6   10   6   10   -0.0270762266
6   10   7   10   -0.0147357798
6   11   1   7   -0.0137171472
6   11   1   8   -0.0023066313
6   11   2   12   -0.0066676300
6   11   3   7   -0.0158774628
6   11   3   8   -0.0026699030
6   11   4   12   0.0125727271
6   11   5   7   -0.0069914505
6   11   5   8   -0.0011756598
6   11   6   9   -0.0278821262
6   11   7   9   -0.0151743771
6   12   1   12   0.0001451918
6   12   2   7   -0.0060358309
6   12   2   8   -0.0010149659
6   12   3   12   0.0033967605
6   12   4   7   0.0023693185
6   12   4   8   0.0003984170
6   12   5   12   0.0122605485
6   12   6   10   -0.0333815196
6   12   7   10   -0.0181673293
6   13   1   10   0.0018694097
6   13   2   9   0.0062450997
6   13   3   10   -0.0018245809
6   13   4   9   -0.0073166411
6   13   5   10   0.0018195180
6   13   6   11   0.0276171735
6   13   6   12   0.0589644945
6   13   7   11   0.0067691108
6   13   7   12   0.0276171735
6   14   1   10   0.0010173947
6   14   2   9   0.0033987902
6   14   3   10   -0.0009929974
6   14   4   9   -0.0039819586
6   14   5   10   0.0009902420
6   14   6   11   -0.0424840451
6   14   6   12   0.0276171735
6   14   7   11   -0.0276171735
6   14   7   12   0.0232495602

1   8   8   1   -0.6158130783
1   8   8   6   0.0000000000
1   8   9   5   -0.0232272252
1   8   9   6   -0.1381283906
1   8   10   1   0.0042218943
1   8   11   5   -0.0007867919
1   8   11   6   -0.0046789188
1   8   12   1   -0.0024115538
1   8   13   3   -0.0069955510
1   8   14   3   -0.0024102809
1   9   8   5   -0.0232269162
1   9   8   6   -0.1381265535
1   9   9   1   -0.6158489849
1   9   9   6   -0.0000000000
1   9   10   5   0.0009901187
1   9   10   6   0.0058880692
1   9   11   1   -0.0045280837
1   9   12   5   -0.0002416588
1   9   12   6   -0.0014371043
1   9   13   4   -0.0008277819
1   9   14   4   -0.0002852080
1   10   8   1   0.0042218943
1   10   9   5   0.0010031118
1   10   9   6   0.0059653364
1   10   10   1   -0.5314889809
1   10   11   5   0.0038444573
1   10   11   6   0.0228623392
1   10   12   1   -0.0274888343
1   10   13   3   -0.0307163365
1   10   14   3   -0.0105831549
1   11   8   5   -0.0007757554
1   11   8   6   -0.0046132868
1   11   9   1   -0.0045280837
1   11   10   5   0.0037986389
1   11   10   6   0.0225898650
1   11   11   1   -0.4800516445
1   11   12   5   -0.0039190439
1   11   12   6   -0.0233058933
1   11   13   4   0.0049592806
1   11   14   4   0.0017086945
1   12   8   1   -0.0024115538
1   12   9   5   -0.0002230079
1   12   9   6   -0.0013261902
1   12   10   1   -0.0274888343
1   12   11   5   -0.0039758078
1   12   11   6   -0.0236434586
1   12   12   1   -0.4835082247
1   12   13   3   0.0051610466
1   12   14   3   0.0017782119
1   13   8   3   -0.0068785844
1   13   9   4   -0.0008813807
1   13   10   3   -0.0308177975
1   13   11   4   0.0046670184
1   13   12   3   0.0046396618
1   13   13   1   -0.5067934392
1   13   13   2   0.0113781909
1   13   14   1   -0.0113781909
1   13   14   2   -0.0158743802
1   14   8   3   -0.0023699807
1   14   9   4   -0.0003036752
1   14   10   3   -0.0106181128
1   14   11   4   0.0016079970
1   14   12   3   0.0015985715
1   14   13   1   -0.0113781909
1   14   13   2   -0.0132291560
1   14   14   1   -0.4776899029
1   14   14   2   -0.0113781909
2   8   8   2   -0.6158130783
2   8   8   5   -0.0000000000
2   8   9   5   0.1381283906
2   8   9   6   -0.0232272252
2   8   10   2   0.0042218943
2   8   11   5   0.0046789188
2   8   11   6   -0.0007867919
2   8   12   2   -0.0024115538
2   8   13   3   0.0024102809
2   8   14   3   -0.0069955510
2   9   8   5   0.1381265535
2   9   8   6   -0.0232269162
2   9   9   2   -0.6158489849
2   9   9   5   0.0000000000
2   9   10   5   -0.0058880692
2   9   10   6   0.0009901187
2   9   11   2   -0.0045280837
2   9   12   5   0.0014371043
2   9   12   6   -0.0002416588
2   9   13   4   0.0002852080
2   9   14   4   -0.0008277819
2   10   8   2   0.0042218943
2   10   9   5   -0.0059653364
2   10   9   6   0.0010031118
2   10   10   2   -0.5314889809
2   10   11   5   -0.0228623392
2   10   11   6   0.0038444573
2   10   12   2   -0.0274888343
2   10   13   3   0.0105831549
2   10   14   3   -0.0307163365
2   11   8   5   0.0046132868
2   11   8   6   -0.0007757554
2   11   9   2   -0.0045280837
2   11   10   5   -0.0225898650
2   11   10   6   0.0037986389
2   11   11   2   -0.4800516445
2   11   12   5   0.0233058933
2   11   12   6   -0.0039190439
2   11   13   4   -0.0017086945
2   11   14   4   0.0049592806
2   12   8   2   -0.0024115538
2   12   9   5   0.0013261902
2   12   9   6   -0.0002230079
2   12   10   2   -0.0274888343
2   12   11   5   0.0236434586
2   12   11   6   -0.0039758078
2   12   12   2   -0.4835082247
2   12   13   3   -0.0017782119
2   12   14   3   0.0051610466
2   13   8   3   0.0023699807
2   13   9   4   0.0003036752
2   13   10   3   0.0106181128
2   13   11   4   -0.0016079970
2   13   12   3   -0.0015985715
2   13   13   1   0.0113781909
2   13   13   2   -0.4776899029
2   13   14   1   -0.0132291560
2   13   14   2   0.0113781909
2   14   8   3   -0.0068785844
2   14   9   4   -0.0008813807
2   14   10   3   -0.0308177975
2   14   11   4   0.0046670184
2   14   12   3   0.0046396618
2   14   13   1   -0.0158743802
2   14   13   2   0.0113781909
2   14   14   1   -0.0113781909
2   14   14   2   -0.5067934392
3   8   8   3   -0.4127206766
3   8   8   4   0.0000000000
3   8   9   4   -0.0468183964
3   8   10   3   0.0027395868
3   8   11   4   0.0036223466
3   8   12   3   -0.0015772479
3   8   13   1   -0.0068785844
3   8   13   2   0.0023699807
3   8   14   1   -0.0023699807
3   8   14   2   -0.0068785844
3   9   8   4   -0.0468171898
3   9   9   3   -0.4127278746
3   9   9   4   -0.0000000000
3   9   10   4   0.0029079663
3   9   11   3   -0.0030324649
3   9   12   4   0.0066656342
3   9   13   5   -0.0025504662
3   9   13   6   -0.0046863485
3   9   14   5   0.0046863485
3   9   14   6   -0.0025504662
3   10   8   3   0.0027395868
3   10   9   4   0.0028174635
3   10   10   3   -0.3719250681
3   10   11   4   0.0350043610
3   10   12   3   -0.0089967292
3   10   13   1   -0.0308177975
3   10   13   2   0.0106181128
3   10   14   1   -0.0106181128
3   10   14   2   -0.0308177975
3   11   8   4   0.0036289011
3   11   9   3   -0.0030324649
3   11   10   4   0.0350780788
3   11   11   3   -0.3670756566
3   11   12   4   -0.0881324237
3   11   13   5   0.0067828400
3   11   13   6   0.0124631146
3   11   14   5   -0.0124631146
3   11   14   6   0.0067828400
3   12   8   3   -0.0015772479
3   12   9   4   0.0065803150
3   12   10   3   -0.0089967292
3   12   11   4   -0.0881048213
3   12   12   3   -0.3738308773
3   12   13   1   0.0046396618
3   12   13   2   -0.0015985715
3   12   14   1   0.0015985715
3   12   14   2   0.0046396618
3   13   8   1   -0.0069955510
3   13   8   2   0.0024102809
3   13   9   5   -0.0024947544
3   13   9   6   -0.0045839811
3   13   10   1   -0.0307163365
3   13   10   2   0.0105831549
3   13   11   5   0.0067525792
3   13   11   6   0.0124075120
3   13   12   1   0.0051610466
3   13   12   2   -0.0017782119
3   13   13   3   -0.3505698435
3   14   8   1   -0.0024102809
3   14   8   2   -0.0069955510
3   14   9   5   0.0045839811
3   14   9   6   -0.0024947544
3   14   10   1   -0.0105831549
3   14   10   2   -0.0307163365
3   14   11   5   -0.0124075120
3   14   11   6   0.0067525792
3   14   12   1   0.0017782119
3   14   12   2   0.0051610466
3   14   14   3   -0.3505698435
4   8   8   3   0.0000000000
4   8   8   4   -0.4926277132
4   8   9   3   -0.0468171898
4   8   10   4   -0.0003741455
4   8   11   3   0.0036289011
4   8   12   4   -0.0074650376
4   8   13   5   0.0011819967
4   8   13   6   0.0021718573
4   8   14   5   -0.0021718573
4   8   14   6   0.0011819967
4   9   8   3   -0.0468183964
4   9   9   3   -0.0000000000
4   9   9   4   -0.4926329241
4   9   10   3   0.0028174635
4   9   11   4   -0.0058238673
4   9   12   3   0.0065803150
4   9   13   1   -0.0008813807
4   9   13   2   0.0003036752
4   9   14   1   -0.0003036752
4   9   14   2   -0.0008813807
4   10   8   4   -0.0003741455
4   10   9   3   0.0029079663
4   10   10   4   -0.4687803613
4   10   11   3   0.0350780788
4   10   12   4   -0.0378371899
4   10   13   5   0.0118192739
4   10   13   6   0.0217172991
4   10   14   5   -0.0217172991
4   10   14   6   0.0118192739
4   11   8   3   0.0036223466
4   11   9   4   -0.0058238673
4   11   10   3   0.0350043610
4   11   11   4   -0.3964118777
4   11   12   3   -0.0881048213
4   11   13   1   0.0046670184
4   11   13   2   -0.0016079970
4   11   14   1   0.0016079970
4   11   14   2   0.0046670184
4   12   8   4   -0.0074650376
4   12   9   3   0.0066656342
4   12   10   4   -0.0378371899
4   12   11   3   -0.0881324237
4   12   12   4   -0.4120755363
4   12   13   5   0.0006219555
4   12   13   6   0.0011428107
4   12   14   5   -0.0011428107
4   12   14   6   0.0006219555
4   13   8   5   0.0012106777
4   13   8   6   0.0022245570
4   13   9   1   -0.0008277819
4   13   9   2   0.0002852080
4   13   10   5   0.0116794969
4   13   10   6   0.0214604662
4   13   11   1   0.0049592806
4   13   11   2   -0.0017086945
4   13   12   5   0.0006220674
4   13   12   6   0.0011430164
4   13   13   4   -0.4163656188
4   14   8   5   -0.0022245570
4   14   8   6   0.0012106777
4   14   9   1   -0.0002852080
4   14   9   2   -0.0008277819
4   14   10   5   -0.0214604662
4   14   10   6   0.0116794969
4   14   11   1   0.0017086945
4   14   11   2   0.0049592806
4   14   12   5   -0.0011430164
4   14   12   6   0.0006220674
4   14   14   4   -0.4163656188
5   8   8   2   -0.0000000000
5   8   8   5   -0.5887437543
5   8   9   1   -0.0232269162
5   8   9   2   0.1381265535
5   8   10   5   0.0034570588
5   8   11   1   -0.0007757554
5   8   11   2   0.0046132868
5   8   12   5   -0.0084096370
5   8   13   4   0.0012106777
5   8   14   4   -0.0022245570
5   9   8   1   -0.0232272252
5   9   8   2   0.1381283906
5   9   9   2   0.0000000000
5   9   9   5   -0.5887737360
5   9   10   1   0.0010031118
5   9   10   2   -0.0059653364
5   9   11   5   -0.0088952582
5   9   12   1   -0.0002230079
5   9   12   2   0.0013261902
5   9   13   3   -0.0024947544
5   9   14   3   0.0045839811
5   10   8   5   0.0034570588
5   10   9   1   0.0009901187
5   10   9   2   -0.0058880692
5   10   10   5   -0.5105216832
5   10   11   1   0.0037986389
5   10   11   2   -0.0225898650
5   10   12   5   -0.0416151164
5   10   13   4   0.0116794969
5   10   14   4   -0.0214604662
5   11   8   1   -0.0007867919
5   11   8   2   0.0046789188
5   11   9   5   -0.0088952582
5   11   10   1   0.0038444573
5   11   10   2   -0.0228623392
5   11   11   5   -0.4194489009
5   11   12   1   -0.0039758078
5   11   12   2   0.0236434586
5   11   13   3   0.0067525792
5   11   14   3   -0.0124075120
5   12   8   5   -0.0084096370
5   12   9   1   -0.0002416588
5   12   9   2   0.0014371043
5   12   10   5   -0.0416151164
5   12   11   1   -0.0039190439
5   12   11   2   0.0233058933
5   12   12   5   -0.4281511859
5   12   13   4   0.0006220674
5   12   14   4   -0.0011430164
5   13   8   4   0.0011819967
5   13   9   3   -0.0025504662
5   13   10   4   0.0118192739
5   13   11   3   0.0067828400
5   13   12   4   0.0006219555
5   13   13   5   -0.4490934162
5   13   13   6   -0.0131128060
5   13   14   5   0.0131128060
5   13   14   6   0.0083666415
5   14   8   4   -0.0021718573
5   14   9   3   0.0046863485
5   14   10   4   -0.0217172991
5   14   11   3   -0.0124631146
5   14   12   4   -0.0011428107
5   14   13   5   0.0131128060
5   14   13   6   0.0085910318
5   14   14   5   -0.4660510894
5   14   14   6   0.0131128060
6   8   8   1   0.0000000000
6   8   8   6   -0.5887437543
6   8   9   1   -0.1381265535
6   8   9   2   -0.0232269162
6   8   10   6   0.0034570588
6   8   11   1   -0.0046132868
6   8   11   2   -0.0007757554
6   8   12   6   -0.0084096370
6   8   13   4   0.0022245570
6   8   14   4   0.0012106777
6   9   8   1   -0.1381283906
6   9   8   2   -0.0232272252
6   9   9   1   -0.0000000000
6   9   9   6   -0.5887737360
6   9   10   1   0.0059653364
6   9   10   2   0.0010031118
6   9   11   6   -0.0088952582
6   9   12   1   -0.0013261902
6   9   12   2   -0.0002230079
6   9   13   3   -0.0045839811
6   9   14   3   -0.0024947544
6   10   8   6   0.0034570588
6   10   9   1   0.0058880692
6   10   9   2   0.0009901187
6   10   10   6   -0.5105216832
6   10   11   1   0.0225898650
6   10   11   2   0.0037986389
6   10   12   6   -0.0416151164
6   10   13   4   0.0214604662
6   10   14   4   0.0116794969
6   11   8   1   -0.0046789188
6   11   8   2   -0.0007867919
6   11   9   6   -0.0088952582
6   11   10   1   0.0228623392
6   11   10   2   0.0038444573
6   11   11   6   -0.4194489009
6   11   12   1   -0.0236434586
6   11   12   2   -0.0039758078
6   11   13   3   0.0124075120
6   11   14   3   0.0067525792
6   12   8   6   -0.0084096370
6   12   9   1   -0.0014371043
6   12   9   2   -0.0002416588
6   12   10   6   -0.0416151164
6   12   11   1   -0.0233058933
6   12   11   2   -0.0039190439
6   12   12   6   -0.4281511859
6   12   13   4   0.0011430164
6   12   14   4   0.0006220674
6   13   8   4   0.0021718573
6   13   9   3   -0.0046863485
6   13   10   4   0.0217172991
6   13   11   3   0.0124631146
6   13   12   4   0.0011428107
6   13   13   5   -0.0131128060
6   13   13   6   -0.4660510894
6   13   14   5   0.0085910318
6   13   14   6   -0.0131128060
6   14   8   4   0.0011819967
6   14   9   3   -0.0025504662
6   14   10   4   0.0118192739
6   14   11   3   0.0067828400
6   14   12   4   0.0006219555
6   14   13   5   0.0083666415
6   14   13   6   -0.0131128060
6   14   14   5   0.0131128060
6   14   14   6   -0.4490934162

End AIJB Block
Begin IJKA Block
1   8   1   9   0.0000000000
1   8   1   10   0.0115372705
1   8   2   9   -0.1164259049
1   8   3   10   -0.0085434644
1   8   4   9   -0.0162299244
1   8   5   10   -0.0102498796
1   8   6   11   0.0070496920
1   8   6   12   0.0129534413
1   8   7   11   -0.0129534413
1   8   7   12   0.0070496920
1   9   1   9   -0.1157719928
1   9   2   9   -0.0000000000
1   9   2   10   0.0227019983
1   9   3   9   0.0199182469
1   9   4   10   -0.0024271646
1   9   5   9   -0.0044132831
1   9   6   7   0.0114269363
1   9   6   8   -0.0039370918
1   9   7   7   0.0039370918
1   9   7   8   0.0114269363
1   10   1   9   -0.0000000000
1   10   1   10   -0.1015315129
1   10   2   9   0.1133199933
1   10   3   10   -0.0027101733
1   10   4   9   0.0048552967
1   10   5   10   -0.0107111165
1   10   6   11   0.0046031765
1   10   6   12   0.0084580967
1   10   7   11   -0.0084580967
1   10   7   12   0.0046031765
1   11   1   9   -0.1357083337
1   11   2   10   -0.0233415714
1   11   3   9   0.0034389957
1   11   4   10   -0.0000398363
1   11   5   9   -0.0029814626
1   11   6   7   -0.0126882802
1   11   6   8   0.0043716813
1   11   7   7   -0.0043716813
1   11   7   8   -0.0126882802
1   12   1   10   -0.1587130170
1   12   2   9   0.0012965436
1   12   3   10   0.0004210435
1   12   4   9   0.0001576899
1   12   5   10   -0.0073434137
1   12   6   11   0.0001279350
1   12   6   12   0.0002350738
1   12   7   11   -0.0002350738
1   12   7   12   0.0001279350
1   13   1   7   -0.0000000000
1   13   1   8   0.0000000000
1   13   1   11   0.1087886673
1   13   1   12   0.1998934999
1   13   2   7   0.1875559216
1   13   2   8   -0.0646214229
1   13   3   11   -0.0013305243
1   13   3   12   -0.0024447690
1   13   4   7   -0.0001405468
1   13   4   8   0.0000484247
1   13   5   11   0.0033943854
1   13   5   12   0.0062370061
1   13   6   10   0.0022248332
1   14   1   7   -0.0000000000
1   14   1   8   -0.0000000000
1   14   1   11   -0.1998934999
1   14   1   12   0.1087886673
1   14   2   7   0.0646214229
1   14   2   8   0.1875559216
1   14   3   11   0.0024447690
1   14   3   12   -0.0013305243
1   14   4   7   -0.0000484247
1   14   4   8   -0.0001405468
1   14   5   11   -0.0062370061
1   14   5   12   0.0033943854
1   14   7   10   0.0022248332
2   8   1   9   -0.1164438540
2   8   2   9   -0.0000000000
2   8   2   10   0.0114971745
2   8   3   9   0.0198474109
2   8   4   10   -0.0028050626
2   8   5   9   -0.0044668047
2   8   6   7   0.0109764394
2   8   6   8   -0.0037818754
2   8   7   7   0.0037818754
2   8   7   8   0.0109764394
2   9   1   9   -0.0000000000
2   9   1   10   0.0227004324
2   9   2   9   -0.1159021869
2   9   3   10   -0.0080611373
2   9   4   9   -0.0162303465
2   9   5   10   -0.0094203852
2   9   6   11   0.0067634487
2   9   6   12   0.0124274840
2   9   7   11   -0.0124274840
2   9   7   12   0.0067634487
2   10   1   9   0.1132624347
2   10   2   9   0.0000000000
2   10   2   10   -0.1015533947
2   10   3   9   -0.0039857460
2   10   4   10   -0.0070181841
2   10   5   9   0.0031259251
2   10   6   7   0.0091929420
2   10   6   8   -0.0031673806
2   10   7   7   0.0031673806
2   10   7   8   0.0091929420
2   11   1   10   -0.0233295528
2   11   2   9   -0.1356884297
2   11   3   10   0.0020592578
2   11   4   9   -0.0045844521
2   11   5   10   0.0014852460
2   11   6   11   -0.0028690226
2   11   6   12   -0.0052716794
2   11   7   11   0.0052716794
2   11   7   12   -0.0028690226
2   12   1   9   0.0012861665
2   12   2   10   -0.1587168201
2   12   3   9   0.0021558264
2   12   4   10   -0.0062626976
2   12   5   9   0.0019160254
2   12   6   7   -0.0054806097
2   12   6   8   0.0018883157
2   12   7   7   -0.0018883157
2   12   7   8   -0.0054806097
2   13   1   7   0.1874746935
2   13   1   8   -0.0645934362
2   13   2   7   0.0000000000
2   13   2   8   -0.0000000000
2   13   2   11   0.1088040947
2   13   2   12   0.1999218468
2   13   3   7   -0.0060628668
2   13   3   8   0.0020889294
2   13   4   11   0.0035568141
2   13   4   12   0.0065354604
2   13   5   7   -0.0042686333
2   13   5   8   0.0014707355
2   13   6   9   0.0065044450
2   14   1   7   0.0645934362
2   14   1   8   0.1874746935
2   14   2   7   0.0000000000
2   14   2   8   0.0000000000
2   14   2   11   -0.1999218468
2   14   2   12   0.1088040947
2   14   3   7   -0.0020889294
2   14   3   8   -0.0060628668
2   14   4   11   -0.0065354604
2   14   4   12   0.0035568141
2   14   5   7   -0.0014707355
2   14   5   8   -0.0042686333
2   14   7   9   0.0065044450
3   8   1   10   -0.0083525965
3   8   2   9   0.0204491251
3   8   3   10   -0.0181872519
3   8   4   9   0.0034650596
3   8   5   10   -0.0112161804
3   8   6   11   0.0085680857
3   8   6   12   0.0157434104
3   8   7   11   -0.0157434104
3   8   7   12   0.0085680857
3   9   1   9   0.0205146829
3   9   2   10   -0.0079084789
3   9   3   9   -0.0028526761
3   9   4   10   -0.0031728114
3   9   5   9   0.0012188018
3   9   6   7   0.0147354036
3   9   6   8   -0.0050770071
3   9   7   7   0.0050770071
3   9   7   8   0.0147354036
3   10   1   10   -0.0023212794
3   10   2   9   -0.0029975391
3   10   3   10   -0.0858409192
3   10   4   9   -0.0296882791
3   10   5   10   -0.0382216614
3   10   6   11   0.0175797988
3   10   6   12   0.0323019629
3   10   7   11   -0.0323019629
3   10   7   12   0.0175797988
3   11   1   9   0.0033724217
3   11   2   10   0.0017661010
3   11   3   9   -0.0967649655
3   11   4   10   0.0012798619
3   11   5   9   -0.0158853029
3   11   6   7   -0.0559564700
3   11   6   8   0.0192795124
3   11   7   7   -0.0192795124
3   11   7   8   -0.0559564700
3   12   1   10   0.0006975425
3   12   2   9   0.0021188775
3   12   3   10   -0.1243662645
3   12   4   9   -0.0062467481
3   12   5   10   -0.0365953476
3   12   6   11   0.0080650175
3   12   6   12   0.0148190488
3   12   7   11   -0.0148190488
3   12   7   12   0.0080650175
3   13   1   11   -0.0014306400
3   13   1   12   -0.0026287263
3   13   2   7   -0.0044850644
3   13   2   8   0.0015453058
3   13   3   11   0.0728510839
3   13   3   12   0.1338600655
3   13   4   7   -0.0689190786
3   13   4   8   0.0237457121
3   13   5   11   0.0160862175
3   13   5   12   0.0295575853
3   13   6   10   0.0239412940
3   14   1   11   0.0026287263
3   14   1   12   -0.0014306400
3   14   2   7   -0.0015453058
3   14   2   8   -0.0044850644
3   14   3   11   -0.1338600655
3   14   3   12   0.0728510839
3   14   4   7   -0.0237457121
3   14   4   8   -0.0689190786
3   14   5   11   -0.0295575853
3   14   5   12   0.0160862175
3   14   7   10   0.0239412940
4   8   1   9   -0.0165859865
4   8   2   10   -0.0028203839
4   8   3   9   0.0036117474
4   8   4   10   0.0063314554
4   8   5   9   -0.0045095447
4   8   6   7   -0.0102810878
4   8   6   8   0.0035422957
4   8   7   7   -0.0035422957
4   8   7   8   -0.0102810878
4   9   1   10   -0.0024429341
4   9   2   9   -0.0165839870
4   9   3   10   -0.0031012413
4   9   4   9   -0.0055209513
4   9   5   10   0.0121621456
4   9   6   11   -0.0054187204
4   9   6   12   -0.0099566160
4   9   7   11   0.0099566160
4   9   7   12   -0.0054187204
4   10   1   9   0.0047226431
4   10   2   10   -0.0069241519
4   10   3   9   -0.0298174645
4   10   4   10   -0.0224830934
4   10   5   9   0.0345401064
4   10   6   7   -0.0309613672
4   10   6   8   0.0106675790
4   10   7   7   -0.0106675790
4   10   7   8   -0.0309613672
4   11   1   10   0.0000241168
4   11   2   9   -0.0049422879
4   11   3   10   0.0011401279
4   11   4   9   -0.0535511201
4   11   5   10   0.0088588956
4   11   6   11   0.0037028497
4   11   6   12   0.0068037932
4   11   7   11   -0.0068037932
4   11   7   12   0.0037028497
4   12   1   9   -0.0000904201
4   12   2   10   -0.0061595763
4   12   3   9   -0.0062478884
4   12   4   10   -0.0486628466
4   12   5   9   0.0213058624
4   12   6   7   0.0285006797
4   12   6   8   -0.0098197618
4   12   7   7   0.0098197618
4   12   7   8   0.0285006797
4   13   1   7   -0.0001465843
4   13   1   8   0.0000505049
4   13   2   11   0.0035776888
4   13   2   12   0.0065738164
4   13   3   7   -0.0683669029
4   13   3   8   0.0235554629
4   13   4   11   0.0413829508
4   13   4   12   0.0760390129
4   13   5   7   0.1136610502
4   13   5   8   -0.0391613271
4   13   6   9   -0.0177240172
4   14   1   7   -0.0000505049
4   14   1   8   -0.0001465843
4   14   2   11   -0.0065738164
4   14   2   12   0.0035776888
4   14   3   7   -0.0235554629
4   14   3   8   -0.0683669029
4   14   4   11   -0.0760390129
4   14   4   12   0.0413829508
4   14   5   7   0.0391613271
4   14   5   8   0.1136610502
4   14   7   9   -0.0177240172
5   8   1   10   -0.0101263392
5   8   2   9   -0.0045361945
5   8   3   10   -0.0111244063
5   8   4   9   -0.0045565731
5   8   5   10   0.0022850040
5   8   6   11   -0.0019880716
5   8   6   12   -0.0036529779
5   8   7   11   0.0036529779
5   8   7   12   -0.0019880716
5   9   1   9   -0.0044936221
5   9   2   10   -0.0093201288
5   9   3   9   0.0012296505
5   9   4   10   0.0121762025
5   9   5   9   -0.0043019102
5   9   6   7   -0.0041780885
5   9   6   8   0.0014395388
5   9   7   7   -0.0014395388
5   9   7   8   -0.0041780885
5   10   1   10   -0.0102849545
5   10   2   9   0.0032932789
5   10   3   10   -0.0380611812
5   10   4   9   0.0342671009
5   10   5   10   -0.0431920923
5   10   6   11   0.0018794121
5   10   6   12   0.0034533217
5   10   7   11   -0.0034533217
5   10   7   12   0.0018794121
5   11   1   9   -0.0031322454
5   11   2   10   0.0013778095
5   11   3   9   -0.0156002622
5   11   4   10   0.0084524798
5   11   5   9   -0.0524211672
5   11   6   7   0.0280622309
5   11   6   8   -0.0096686966
5   11   7   7   0.0096686966
5   11   7   8   0.0280622309
5   12   1   10   -0.0069934200
5   12   2   9   0.0017461828
5   12   3   10   -0.0357425491
5   12   4   9   0.0212550870
5   12   5   10   -0.0603596436
5   12   6   11   0.0006335983
5   12   6   12   0.0011642038
5   12   7   11   -0.0011642038
5   12   7   12   0.0006335983
5   13   1   11   0.0033554177
5   13   1   12   0.0061654050
5   13   2   7   -0.0036558846
5   13   2   8   0.0012596161
5   13   3   11   0.0160326425
5   13   3   12   0.0294591441
5   13   4   7   0.1129214900
5   13   4   8   -0.0389065154
5   13   5   11   0.0465071388
5   13   5   12   0.0854544410
5   13   6   10   -0.0090968145
5   14   1   11   -0.0061654050
5   14   1   12   0.0033554177
5   14   2   7   -0.0012596161
5   14   2   8   -0.0036558846
5   14   3   11   -0.0294591441
5   14   3   12   0.0160326425
5   14   4   7   0.0389065154
5   14   4   8   0.1129214900
5   14   5   11   -0.0854544410
5   14   5   12   0.0465071388
5   14   7   10   -0.0090968145
6   8   1   11   0.0070989270
6   8   1   12   0.0130439079
6   8   2   7   0.0119789692
6   8   2   8   -0.0041272919
6   8   3   11   0.0084986486
6   8   3   12   0.0156158234
6   8   4   7   -0.0103448633
6   8   4   8   0.0035642692
6   8   5   11   -0.0020302329
6   8   5   12   -0.0037304470
6   8   6   10   -0.0050574201
6   9   1   7   0.0123665818
6   9   1   8   -0.0042608418
6   9   2   11   0.0068221704
6   9   2   12   0.0125353821
6   9   3   7   0.0149012324
6   9   3   8   -0.0051341426
6   9   4   11   -0.0054306866
6   9   4   12   -0.0099786032
6   9   5   7   -0.0042942341
6   9   5   8   0.0014795561
6   9   6   9   -0.0015579882
6   10   1   11   0.0042784708
6   10   1   12   0.0078614668
6   10   2   7   0.0097396146
6   10   2   8   -0.0033557339
6   10   3   11   0.0169928778
6   10   3   12   0.0312235263
6   10   4   7   -0.0299813009
6   10   4   8   0.0103299022
6   10   5   11   0.0013954065
6   10   5   12   0.0025639866
6   10   6   10   -0.0298323816
6   11   1   7   -0.0122255479
6   11   1   8   0.0042122493
6   11   2   11   -0.0026158871
6   11   2   12   -0.0048065561
6   11   3   7   -0.0539179742
6   11   3   8   0.0185771592
6   11   4   11   0.0038883548
6   11   4   12   0.0071446490
6   11   5   7   0.0287898737
6   11   5   8   -0.0099194021
6   11   6   9   -0.0757887606
6   12   1   11   0.0001320094
6   12   1   12   0.0002425603
6   12   2   7   -0.0053656207
6   12   2   8   0.0018486969
6   12   3   11   0.0075831586
6   12   3   12   0.0139336583
6   12   4   7   0.0297530117
6   12   4   8   -0.0102512463
6   12   5   11   0.0009372855
6   12   5   12   0.0017222133
6   12   6   10   -0.0782353424
6   13   1   10   0.0021864930
6   13   2   9   0.0059609645
6   13   3   10   0.0224681231
6   13   4   9   -0.0168463002
6   13   5   10   -0.0083318604
6   13   6   11   0.0495241480
6   13   6   12   0.0909980379
6   13   7   11   -0.0020770076
6   13   7   12   0.0011303764
6   14   6   11   -0.0869496085
6   14   6   12   0.0473208586
6   14   7   11   0.0010729131
6   14   7   12   0.0019714218
7   8   1   11   -0.0130439079
7   8   1   12   0.0070989270
7   8   2   7   0.0041272919
7   8   2   8   0.0119789692
7   8   3   11   -0.0156158234
7   8   3   12   0.0084986486
7   8   4   7   -0.0035642692
7   8   4   8   -0.0103448633
7   8   5   11   0.0037304470
7   8   5   12   -0.0020302329
7   8   7   10   -0.0050574201
7   9   1   7   0.0042608418
7   9   1   8   0.0123665818
7   9   2   11   -0.0125353821
7   9   2   12   0.0068221704
7   9   3   7   0.0051341426
7   9   3   8   0.0149012324
7   9   4   11   0.0099786032
7   9   4   12   -0.0054306866
7   9   5   7   -0.0014795561
7   9   5   8   -0.0042942341
7   9   7   9   -0.0015579882
7   10   1   11   -0.0078614668
7   10   1   12   0.0042784708
7   10   2   7   0.0033557339
7   10   2   8   0.0097396146
7   10   3   11   -0.0312235263
7   10   3   12   0.0169928778
7   10   4   7   -0.0103299022
7   10   4   8   -0.0299813009
7   10   5   11   -0.0025639866
7   10   5   12   0.0013954065
7   10   7   10   -0.0298323816
7   11   1   7   -0.0042122493
7   11   1   8   -0.0122255479
7   11   2   11   0.0048065561
7   11   2   12   -0.0026158871
7   11   3   7   -0.0185771592
7   11   3   8   -0.0539179742
7   11   4   11   -0.0071446490
7   11   4   12   0.0038883548
7   11   5   7   0.0099194021
7   11   5   8   0.0287898737
7   11   7   9   -0.0757887606
7   12   1   11   -0.0002425603
7   12   1   12   0.0001320094
7   12   2   7   -0.0018486969
7   12   2   8   -0.0053656207
7   12   3   11   -0.0139336583
7   12   3   12   0.0075831586
7   12   4   7   0.0102512463
7   12   4   8   0.0297530117
7   12   5   11   -0.0017222133
7   12   5   12   0.0009372855
7   12   7   10   -0.0782353424
7   13   6   11   -0.0019714218
7   13   6   12   0.0010729131
7   13   7   11   0.0473208586
7   13   7   12   0.0869496085
7   14   1   10   0.0021864930
7   14   2   9   0.0059609645
7   14   3   10   0.0224681231
7   14   4   9   -0.0168463002
7   14   5   10   -0.0083318604
7   14   6   11   0.0011303764
7   14   6   12   0.0020770076
7   14   7   11   -0.0909980379
7   14   7   12   0.0495241480

End IJKA Block
Begin IABC Block
1   7   1   10   0.0009957045
1   7   3   11   -0.0004234616
1   7   3   12   -0.0025182546
1   7   4   7   -0.0001406951
1   7   5   9   0.0012898935
1   7   6   9   0.0076707791
1   8   2   10   0.0009957045
1   8   3   11   0.0025182546
1   8   3   12   -0.0004234616
1   8   4   8   -0.0001406951
1   8   5   9   -0.0076707791
1   8   6   9   0.0012898935
1   9   1   11   0.0008410721
1   9   1   12   0.0050017139
1   9   2   11   -0.0050017139
1   9   2   12   0.0008410721
1   9   3   10   -0.0001902682
1   9   4   9   -0.0003298550
1   9   5   7   0.0012786066
1   9   5   8   -0.0076036581
1   9   6   7   0.0076036581
1   9   6   8   0.0012786066
1   10   1   7   0.0010055711
1   10   2   8   0.0010055711
1   10   3   9   -0.0002027553
1   10   4   10   -0.0042911113
1   10   5   11   -0.0026366224
1   10   6   12   -0.0026366224
1   11   1   9   0.0008457939
1   11   2   9   -0.0050297936
1   11   3   7   -0.0004221721
1   11   3   8   0.0025105864
1   11   4   11   -0.0034039975
1   11   5   10   -0.0026334116
1   12   1   9   0.0050297936
1   12   2   9   0.0008457939
1   12   3   7   -0.0025105864
1   12   3   8   -0.0004221721
1   12   4   12   -0.0034039975
1   12   6   10   -0.0026334116
2   7   1   9   0.0068118117
2   7   3   7   -0.0020096826
2   7   4   11   0.0001468347
2   7   4   12   0.0008732012
2   7   5   10   0.0001445974
2   7   6   10   0.0008598961
2   8   2   9   0.0068118117
2   8   3   8   -0.0020096826
2   8   4   11   -0.0008732012
2   8   4   12   0.0001468347
2   8   5   10   -0.0008598961
2   8   6   10   0.0001445974
2   9   1   7   0.0067930297
2   9   2   8   0.0067930297
2   9   3   9   -0.0016897319
2   9   4   10   0.0041004922
2   9   5   11   0.0057767043
2   9   6   12   0.0057767043
2   10   1   11   -0.0003345609
2   10   1   12   -0.0019895774
2   10   2   11   0.0019895774
2   10   2   12   -0.0003345609
2   10   3   10   -0.0012025580
2   10   4   9   0.0040770376
2   10   5   7   0.0001470708
2   10   5   8   -0.0008746050
2   10   6   7   0.0008746050
2   10   6   8   0.0001470708
2   11   1   10   -0.0003344980
2   11   2   10   0.0019892035
2   11   3   11   -0.0027596106
2   11   4   7   0.0001463643
2   11   4   8   -0.0008704038
2   11   5   9   0.0057671343
2   12   1   10   -0.0019892035
2   12   2   10   -0.0003344980
2   12   3   12   -0.0027596106
2   12   4   7   0.0008704038
2   12   4   8   0.0001463643
2   12   6   9   0.0057671343
3   7   1   10   0.0032268015
3   7   3   11   0.0036611559
3   7   3   12   0.0217722765
3   7   4   7   -0.0220535277
3   7   5   9   0.0025097360
3   7   6   9   0.0149249764
3   8   2   10   0.0032268015
3   8   3   11   -0.0217722765
3   8   3   12   0.0036611559
3   8   4   8   -0.0220535277
3   8   5   9   -0.0149249764
3   8   6   9   0.0025097360
3   9   1   11   0.0020945225
3   9   1   12   0.0124557723
3   9   2   11   -0.0124557723
3   9   2   12   0.0020945225
3   9   3   10   0.0051861314
3   9   4   9   -0.0178789290
3   9   5   7   0.0023555315
3   9   5   8   -0.0140079488
3   9   6   7   0.0140079488
3   9   6   8   0.0023555315
3   10   1   7   0.0039127303
3   10   2   8   0.0039127303
3   10   3   9   0.0048836920
3   10   4   10   -0.0246051742
3   10   5   11   -0.0041039816
3   10   6   12   -0.0041039816
3   11   1   9   0.0022462998
3   11   2   9   -0.0133583663
3   11   3   7   0.0036452159
3   11   3   8   -0.0216774842
3   11   4   11   -0.0234786454
3   11   5   10   -0.0043719544
3   12   1   9   0.0133583663
3   12   2   9   0.0022462998
3   12   3   7   0.0216774842
3   12   3   8   0.0036452159
3   12   4   12   -0.0234786454
3   12   6   10   -0.0043719544
4   7   1   9   -0.0201574390
4   7   3   7   -0.0601772510
4   7   4   11   -0.0017915864
4   7   4   12   -0.0106542622
4   7   5   10   -0.0006390814
4   7   6   10   -0.0038005094
4   8   2   9   -0.0201574390
4   8   3   8   -0.0601772510
4   8   4   11   0.0106542622
4   8   4   12   -0.0017915864
4   8   5   10   0.0038005094
4   8   6   10   -0.0006390814
4   9   1   7   -0.0203289269
4   9   2   8   -0.0203289269
4   9   3   9   -0.0015200006
4   9   4   10   0.0241304982
4   9   5   11   -0.0043546679
4   9   6   12   -0.0043546679
4   10   1   11   0.0012736255
4   10   1   12   0.0075740363
4   10   2   11   -0.0075740363
4   10   2   12   0.0012736255
4   10   3   10   -0.0268938933
4   10   4   9   0.0242084074
4   10   5   7   -0.0006155567
4   10   5   8   0.0036606117
4   10   6   7   -0.0036606117
4   10   6   8   -0.0006155567
4   11   1   10   0.0011788362
4   11   2   10   -0.0070103403
4   11   3   11   -0.0542870161
4   11   4   7   -0.0017391369
4   11   4   8   0.0103423536
4   11   5   9   -0.0040596528
4   12   1   10   0.0070103403
4   12   2   10   0.0011788362
4   12   3   12   -0.0542870161
4   12   4   7   -0.0103423536
4   12   4   8   -0.0017391369
4   12   6   9   -0.0040596528
5   7   1   10   -0.0024818499
5   7   3   11   -0.0016450295
5   7   3   12   -0.0097827132
5   7   4   7   -0.0555692553
5   7   5   9   -0.0001854195
5   7   6   9   -0.0011026583
5   8   2   10   -0.0024818499
5   8   3   11   0.0097827132
5   8   3   12   -0.0016450295
5   8   4   8   -0.0555692553
5   8   5   9   0.0011026583
5   8   6   9   -0.0001854195
5   9   1   11   -0.0016431248
5   9   1   12   -0.0097713859
5   9   2   11   0.0097713859
5   9   2   12   -0.0016431248
5   9   3   10   0.0357587562
5   9   4   9   -0.0019143972
5   9   5   7   -0.0000180103
5   9   5   8   0.0001071042
5   9   6   7   -0.0001071042
5   9   6   8   -0.0000180103
5   10   1   7   -0.0021807225
5   10   2   8   -0.0021807225
5   10   3   9   0.0353113182
5   10   4   10   -0.0350749900
5   10   5   11   -0.0077713488
5   10   6   12   -0.0077713488
5   11   1   9   -0.0016289199
5   11   2   9   0.0096869122
5   11   3   7   -0.0013403803
5   11   3   8   0.0079710154
5   11   4   11   -0.0579659003
5   11   5   10   -0.0072139023
5   12   1   9   -0.0096869122
5   12   2   9   -0.0016289199
5   12   3   7   -0.0079710154
5   12   3   8   -0.0013403803
5   12   4   12   -0.0579659003
5   12   6   10   -0.0072139023
6   7   1   11   0.0060553883
6   7   1   12   0.0299027669
6   7   2   11   -0.0043643981
6   7   2   12   -0.0078434383
6   7   3   10   0.0050576809
6   7   4   9   0.0096172134
6   7   5   7   0.0400211806
6   7   5   8   -0.0029215653
6   7   6   7   0.0777702978
6   7   6   8   -0.0007139802
6   8   1   11   -0.0243817164
6   8   1   12   0.0030506497
6   8   2   11   0.0108481770
6   8   2   12   0.0011566524
6   8   3   10   -0.0017425978
6   8   4   9   -0.0033135612
6   8   5   7   -0.0035597794
6   8   5   8   0.0411018037
6   8   6   7   -0.0003666429
6   8   6   8   0.0712889531
6   9   1   10   0.0482713815
6   9   2   10   -0.0166316549
6   9   3   11   0.0027456809
6   9   3   12   0.0050450454
6   9   4   7   0.0095400637
6   9   4   8   -0.0032869796
6   9   5   9   0.0183752607
6   9   6   9   0.0337635827
6   10   1   9   0.0477389539
6   10   2   9   -0.0164482097
6   10   3   7   0.0050691804
6   10   3   8   -0.0017465599
6   10   4   11   -0.0058247272
6   10   4   12   -0.0107026322
6   10   5   10   0.0238020552
6   10   6   10   0.0437350345
6   11   1   7   0.0063977827
6   11   1   8   -0.0247382502
6   11   2   7   -0.0051883823
6   11   2   8   0.0113873970
6   11   3   9   0.0029363552
6   11   4   10   -0.0057352320
6   11   5   11   0.0330082282
6   11   5   12   -0.0005954192
6   11   6   11   0.0617398465
6   11   6   12   -0.0002685956
6   12   1   7   0.0313029861
6   12   1   8   0.0028250358
6   12   2   7   -0.0078146502
6   12   2   8   0.0013763536
6   12   3   9   0.0053953995
6   12   4   10   -0.0105381896
6   12   5   11   -0.0004935303
6   12   5   12   0.0336008706
6   12   6   11   -0.0003240468
6   12   6   12   0.0606508970
7   7   1   11   -0.0011566524
7   7   1   12   0.0108481770
7   7   2   11   0.0030506497
7   7   2   12   0.0243817164
7   7   3   10   0.0017425978
7   7   4   9   0.0033135612
7   7   5   7   -0.0712889531
7   7   5   8   -0.0003666429
7   7   6   7   0.0411018037
7   7   6   8   0.0035597794
7   8   1   11   -0.0078434383
7   8   1   12   0.0043643981
7   8   2   11   -0.0299027669
7   8   2   12   0.0060553883
7   8   3   10   0.0050576809
7   8   4   9   0.0096172134
7   8   5   7   -0.0007139802
7   8   5   8   -0.0777702978
7   8   6   7   0.0029215653
7   8   6   8   0.0400211806
7   9   1   10   0.0166316549
7   9   2   10   0.0482713815
7   9   3   11   -0.0050450454
7   9   3   12   0.0027456809
7   9   4   7   0.0032869796
7   9   4   8   0.0095400637
7   9   5   9   -0.0337635827
7   9   6   9   0.0183752607
7   10   1   9   0.0164482097
7   10   2   9   0.0477389539
7   10   3   7   0.0017465599
7   10   3   8   0.0050691804
7   10   4   11   0.0107026322
7   10   4   12   -0.0058247272
7   10   5   10   -0.0437350345
7   10   6   10   0.0238020552
7   11   1   7   -0.0013763536
7   11   1   8   -0.0078146502
7   11   2   7   0.0028250358
7   11   2   8   -0.0313029861
7   11   3   9   -0.0053953995
7   11   4   10   0.0105381896
7   11   5   11   -0.0606508970
7   11   5   12   -0.0003240468
7   11   6   11   0.0336008706
7   11   6   12   0.0004935303
7   12   1   7   0.0113873970
7   12   1   8   0.0051883823
7   12   2   7   0.0247382502
7   12   2   8   0.0063977827
7   12   3   9   0.0029363552
7   12   4   10   -0.0057352320
7   12   5   11   -0.0002685956
7   12   5   12   -0.0617398465
7   12   6   11   0.0005954192
7   12   6   12   0.0330082282

End IABC Block
