Begin IJ Block
1   1   -2.9694626743
2   2   -2.9880714585
2   3   -0.0000000000
3   3   -2.9880691197
4   4   -2.8287792138
4   5   -0.0000000000
5   5   -2.8288020217

End IJ Block
Begin IA Block
1   1   -0.0000000000
1   2   0.0000191118
2   3   0.0000000000
3   3   0.0000005769

End IA Block
Begin AB Block
1   1   -2.4494870441
1   2   0.0000000001
2   2   -2.4494274690
3   3   -1.7106388266
4   4   -1.5659856455

End AB Block
Begin IJKL Block
1   6   1   6   0.3046809915
1   6   2   7   0.0030700210
1   6   2   8   -0.0000000000
1   6   3   7   -0.0000000000
1   6   3   8   0.0030748549
1   6   4   9   0.0823739870
1   6   4   10   -0.0000000000
1   6   5   9   -0.0000000000
1   6   5   10   0.0823710071
1   7   1   7   0.2751065459
1   7   1   8   0.0000000000
1   7   2   6   0.0046124939
1   7   3   6   -0.0000000000
1   8   1   7   0.0000000000
1   8   1   8   0.2751036167
1   8   2   6   -0.0000000000
1   8   3   6   0.0046131864
1   9   1   9   0.2968643057
1   9   1   10   -0.0000000000
1   9   4   6   0.0824567170
1   9   5   6   -0.0000000000
1   10   1   9   -0.0000000000
1   10   1   10   0.2968629640
1   10   4   6   -0.0000000000
1   10   5   6   0.0824528283
2   6   1   7   0.0046124939
2   6   1   8   -0.0000000000
2   6   2   6   0.2751065459
2   6   3   6   0.0000000000
2   7   1   6   0.0030700210
2   7   2   7   0.2906264664
2   7   2   8   -0.0000000000
2   7   3   7   -0.0000000000
2   7   3   8   0.0094053051
2   7   4   9   0.0039307341
2   7   4   10   -0.0000000058
2   7   5   9   -0.0000000058
2   7   5   10   0.0023295194
2   8   1   6   -0.0000000000
2   8   2   7   -0.0000000000
2   8   2   8   0.2698727075
2   8   3   7   0.0113650587
2   8   3   8   -0.0000000001
2   8   4   9   0.0000000058
2   8   4   10   0.0007598978
2   8   5   9   0.0008358384
2   8   5   10   -0.0000000058
2   9   2   9   0.2719648510
2   9   2   10   0.0000000075
2   9   3   9   -0.0000000076
2   9   3   10   -0.0014273707
2   9   4   7   0.0053621324
2   9   4   8   0.0000000036
2   9   5   7   -0.0000000037
2   9   5   8   0.0004948584
2   10   2   9   0.0000000075
2   10   2   10   0.2740159896
2   10   3   9   -0.0006381721
2   10   3   10   0.0000000075
2   10   4   7   -0.0000000037
2   10   4   8   0.0005157148
2   10   5   7   0.0043367352
2   10   5   8   -0.0000000037
3   6   1   7   -0.0000000000
3   6   1   8   0.0046131864
3   6   2   6   0.0000000000
3   6   3   6   0.2751036167
3   7   1   6   -0.0000000000
3   7   2   7   -0.0000000000
3   7   2   8   0.0113650587
3   7   3   7   0.2698727075
3   7   3   8   -0.0000000001
3   7   4   9   0.0000000058
3   7   4   10   0.0008358384
3   7   5   9   0.0007598978
3   7   5   10   -0.0000000058
3   8   1   6   0.0030748549
3   8   2   7   0.0094053051
3   8   2   8   -0.0000000001
3   8   3   7   -0.0000000001
3   8   3   8   0.2906758460
3   8   4   9   0.0023443212
3   8   4   10   0.0000000058
3   8   5   9   0.0000000058
3   8   5   10   0.0039280672
3   9   2   9   -0.0000000076
3   9   2   10   -0.0006381721
3   9   3   9   0.2740526628
3   9   3   10   -0.0000000075
3   9   4   7   0.0000000036
3   9   4   8   0.0043723760
3   9   5   7   0.0005157148
3   9   5   8   0.0000000037
3   10   2   9   -0.0014273707
3   10   2   10   0.0000000075
3   10   3   9   -0.0000000075
3   10   3   10   0.2719750798
3   10   4   7   0.0004948584
3   10   4   8   0.0000000037
3   10   5   7   -0.0000000037
3   10   5   8   0.0053697432
4   6   1   9   0.0824567170
4   6   1   10   -0.0000000000
4   6   4   6   0.2968643057
4   6   5   6   -0.0000000000
4   7   2   9   0.0053621324
4   7   2   10   -0.0000000037
4   7   3   9   0.0000000036
4   7   3   10   0.0004948584
4   7   4   7   0.2719648510
4   7   4   8   -0.0000000076
4   7   5   7   0.0000000075
4   7   5   8   -0.0014273707
4   8   2   9   0.0000000036
4   8   2   10   0.0005157148
4   8   3   9   0.0043723760
4   8   3   10   0.0000000037
4   8   4   7   -0.0000000076
4   8   4   8   0.2740526628
4   8   5   7   -0.0006381721
4   8   5   8   -0.0000000075
4   9   1   6   0.0823739870
4   9   2   7   0.0039307341
4   9   2   8   0.0000000058
4   9   3   7   0.0000000058
4   9   3   8   0.0023443212
4   9   4   9   0.3150392270
4   9   4   10   -0.0000000000
4   9   5   9   -0.0000000000
4   9   5   10   0.0191445748
4   10   1   6   -0.0000000000
4   10   2   7   -0.0000000058
4   10   2   8   0.0007598978
4   10   3   7   0.0008358384
4   10   3   8   0.0000000058
4   10   4   9   -0.0000000000
4   10   4   10   0.2732027955
4   10   5   9   0.0226933339
4   10   5   10   0.0000000000
5   6   1   9   -0.0000000000
5   6   1   10   0.0824528283
5   6   4   6   -0.0000000000
5   6   5   6   0.2968629640
5   7   2   9   -0.0000000037
5   7   2   10   0.0043367352
5   7   3   9   0.0005157148
5   7   3   10   -0.0000000037
5   7   4   7   0.0000000075
5   7   4   8   -0.0006381721
5   7   5   7   0.2740159896
5   7   5   8   0.0000000075
5   8   2   9   0.0004948584
5   8   2   10   -0.0000000037
5   8   3   9   0.0000000037
5   8   3   10   0.0053697432
5   8   4   7   -0.0014273707
5   8   4   8   -0.0000000075
5   8   5   7   0.0000000075
5   8   5   8   0.2719750798
5   9   1   6   -0.0000000000
5   9   2   7   -0.0000000058
5   9   2   8   0.0008358384
5   9   3   7   0.0007598978
5   9   3   8   0.0000000058
5   9   4   9   -0.0000000000
5   9   4   10   0.0226933339
5   9   5   9   0.2732027955
5   9   5   10   0.0000000000
5   10   1   6   0.0823710071
5   10   2   7   0.0023295194
5   10   2   8   -0.0000000058
5   10   3   7   -0.0000000058
5   10   3   8   0.0039280672
5   10   4   9   0.0191445748
5   10   4   10   0.0000000000
5   10   5   9   0.0000000000
5   10   5   10   0.3150418302

End IJKL Block
Begin IJAB Block
1   6   1   5   0.0364861088
1   6   1   6   0.0000000000
1   6   2   5   0.0000000000
1   6   2   6   0.0364900282
1   6   3   7   0.0025198002
1   6   4   8   0.0013126743
1   7   1   7   0.0008134356
1   7   2   7   -0.0000000034
1   7   3   5   -0.0012015091
1   7   3   6   0.0000000040
1   8   1   7   0.0000000031
1   8   2   7   0.0010089585
1   8   3   5   -0.0000000042
1   8   3   6   -0.0010900968
1   9   3   8   -0.0016031898
1   9   4   7   -0.0013122388
1   10   3   8   0.0000000019
1   10   4   7   0.0000000015
2   6   1   7   -0.0012015091
2   6   2   7   0.0000000040
2   6   3   5   0.0008134356
2   6   3   6   -0.0000000034
2   7   1   5   0.0050204115
2   7   1   6   -0.0000000040
2   7   2   5   -0.0000000040
2   7   2   6   0.0038912048
2   7   3   7   0.0074833038
2   7   4   8   0.0043926407
2   8   1   5   0.0000000040
2   8   1   6   0.0001690286
2   8   2   5   0.0009507098
2   8   2   6   -0.0000000040
2   8   3   7   -0.0000000004
2   8   4   8   -0.0000000095
2   9   1   8   0.0003490441
2   9   2   8   -0.0000000082
2   9   4   5   0.0011952280
2   9   4   6   -0.0000000190
2   10   1   8   0.0000000020
2   10   2   8   -0.0009792742
2   10   4   5   -0.0000000009
2   10   4   6   -0.0030464143
3   6   1   7   -0.0000000042
3   6   2   7   -0.0010900968
3   6   3   5   0.0000000031
3   6   3   6   0.0010089585
3   7   1   5   0.0000000040
3   7   1   6   0.0009507098
3   7   2   5   0.0001690286
3   7   2   6   -0.0000000040
3   7   3   7   -0.0000000004
3   7   4   8   -0.0000000095
3   8   1   5   0.0038962185
3   8   1   6   0.0000000040
3   8   2   5   0.0000000040
3   8   2   6   0.0050107486
3   8   3   7   0.0076606241
3   8   4   8   0.0082258295
3   9   1   8   0.0000000022
3   9   2   8   0.0026955984
3   9   4   5   0.0000000074
3   9   4   6   0.0057046739
3   10   1   8   -0.0014090133
3   10   2   8   -0.0000000040
3   10   4   5   -0.0015291409
3   10   4   6   -0.0000000125
4   6   3   8   -0.0013122388
4   6   4   7   -0.0016031898
4   7   1   8   0.0011952280
4   7   2   8   -0.0000000190
4   7   4   5   0.0003490441
4   7   4   6   -0.0000000082
4   8   1   8   0.0000000074
4   8   2   8   0.0057046739
4   8   4   5   0.0000000022
4   8   4   6   0.0026955984
4   9   1   5   0.0353465785
4   9   1   6   -0.0000000019
4   9   2   5   -0.0000000019
4   9   2   6   0.0617516801
4   9   3   7   0.0020186809
4   9   4   8   0.0020867231
4   10   1   5   0.0000000019
4   10   1   6   -0.0355783599
4   10   2   5   0.0092222773
4   10   2   6   -0.0000000020
4   10   3   7   0.0000000002
4   10   4   8   -0.0000000016
5   6   3   8   0.0000000015
5   6   4   7   0.0000000019
5   7   1   8   -0.0000000009
5   7   2   8   -0.0030464143
5   7   4   5   0.0000000020
5   7   4   6   -0.0009792742
5   8   1   8   -0.0015291409
5   8   2   8   -0.0000000125
5   8   4   5   -0.0014090133
5   8   4   6   -0.0000000040
5   9   1   5   0.0000000019
5   9   1   6   0.0092222773
5   9   2   5   -0.0355783599
5   9   2   6   -0.0000000020
5   9   3   7   0.0000000002
5   9   4   8   -0.0000000016
5   10   1   5   0.0616753145
5   10   1   6   0.0000000020
5   10   2   5   0.0000000020
5   10   2   6   0.0353659672
5   10   3   7   0.0021482446
5   10   4   8   0.0007480720

End IJAB Block
Begin ABCD Block
1   5   1   5   0.2824727286
1   5   1   6   -0.0000000000
1   5   2   5   -0.0000000000
1   5   2   6   0.0117424360
1   5   3   7   0.0014981105
1   5   4   8   0.0007164124
1   6   1   5   -0.0000000000
1   6   1   6   0.2572763515
1   6   2   5   0.0134513147
1   6   2   6   -0.0000000000
1   6   3   7   -0.0000000000
1   6   4   8   0.0000000009
1   7   1   7   0.1862257202
1   7   2   7   -0.0000000000
1   7   3   5   0.0018392006
1   8   1   8   0.1708592057
1   8   2   8   0.0000000116
1   8   4   5   0.0009194444
1   8   4   6   0.0000000011
2   5   1   5   -0.0000000000
2   5   1   6   0.0134513147
2   5   2   5   0.2572763515
2   5   2   6   -0.0000000000
2   5   3   7   -0.0000000000
2   5   4   8   0.0000000009
2   6   1   5   0.0117424360
2   6   1   6   -0.0000000000
2   6   2   5   -0.0000000000
2   6   2   6   0.2824654322
2   6   3   7   0.0014852116
2   6   4   8   0.0015066764
2   7   1   7   -0.0000000000
2   7   2   7   0.1862245041
2   7   3   6   0.0018392314
2   8   1   8   0.0000000116
2   8   2   8   0.1814910081
2   8   4   5   0.0000000011
2   8   4   6   0.0019324128
3   5   1   7   0.0018392006
3   5   3   5   0.1862257202
3   5   3   6   -0.0000000000
3   6   2   7   0.0018392314
3   6   3   5   -0.0000000000
3   6   3   6   0.1862245041
3   7   1   5   0.0014981105
3   7   1   6   -0.0000000000
3   7   2   5   -0.0000000000
3   7   2   6   0.0014852116
3   7   3   7   0.1714674690
3   7   4   8   0.0554944153
3   8   3   8   0.1674051797
3   8   4   7   0.0554996136
4   5   1   8   0.0009194444
4   5   2   8   0.0000000011
4   5   4   5   0.1708592057
4   5   4   6   0.0000000116
4   6   1   8   0.0000000011
4   6   2   8   0.0019324128
4   6   4   5   0.0000000116
4   6   4   6   0.1814910081
4   7   3   8   0.0554996136
4   7   4   7   0.1674051797
4   8   1   5   0.0007164124
4   8   1   6   0.0000000009
4   8   2   5   0.0000000009
4   8   2   6   0.0015066764
4   8   3   7   0.0554944153
4   8   4   8   0.1816316301

End ABCD Block
Begin AIJB Block
1   6   1   5   0.0331542997
1   6   1   6   0.0000000000
1   6   2   7   -0.0002797828
1   6   3   7   -0.0000000010
1   7   1   7   0.0012749815
1   7   2   5   0.0063004118
1   7   2   6   -0.0000000068
1   7   3   5   0.0000000068
1   7   3   6   0.0013560649
1   7   4   8   0.0013345988
1   7   5   8   -0.0000000019
1   8   1   7   0.0000000046
1   8   2   5   0.0000000068
1   8   2   6   0.0005442894
1   8   3   5   0.0043918770
1   8   3   6   0.0000000068
1   8   4   8   0.0000000077
1   8   5   8   -0.0010655789
1   9   2   8   0.0001872819
1   9   3   8   0.0000000014
1   9   4   5   0.0390125698
1   9   4   6   -0.0000000012
1   9   5   5   0.0000000013
1   9   5   6   0.0128688646
1   10   2   8   0.0000000004
1   10   3   8   -0.0005600993
1   10   4   5   0.0000000013
1   10   4   6   -0.0300093468
1   10   5   5   0.0561339478
1   10   5   6   0.0000000013
2   6   1   5   0.0000000000
2   6   1   6   0.0331576715
2   6   2   7   0.0000000010
2   6   3   7   -0.0002765631
2   7   1   7   -0.0000000046
2   7   2   5   -0.0000000068
2   7   2   6   0.0043908242
2   7   3   5   0.0005442894
2   7   3   6   -0.0000000068
2   7   4   8   -0.0000000175
2   7   5   8   -0.0027558507
2   8   1   7   0.0012771406
2   8   2   5   0.0013560649
2   8   2   6   -0.0000000068
2   8   3   5   0.0000000068
2   8   3   6   0.0062830594
2   8   4   8   0.0051687028
2   8   5   8   -0.0000000117
2   9   2   8   -0.0000000045
2   9   3   8   0.0014242247
2   9   4   5   -0.0000000012
2   9   4   6   0.0561876744
2   9   5   5   -0.0300093468
2   9   5   6   -0.0000000013
2   10   2   8   -0.0006809422
2   10   3   8   -0.0000000027
2   10   4   5   0.0128688646
2   10   4   6   -0.0000000013
2   10   5   5   0.0000000013
2   10   5   6   0.0390271364
3   6   1   7   0.0023229298
3   6   2   5   0.0012749815
3   6   2   6   -0.0000000046
3   6   3   5   0.0000000046
3   6   3   6   0.0012771406
3   6   4   8   -0.0014414908
3   6   5   8   0.0000000017
3   7   1   5   -0.0002797828
3   7   1   6   0.0000000010
3   7   2   7   0.0061624013
3   7   3   7   -0.0000000000
3   8   1   5   -0.0000000010
3   8   1   6   -0.0002765631
3   8   2   7   -0.0000000000
3   8   3   7   0.0061634438
3   9   1   8   -0.0017078084
3   9   4   7   0.0020705927
3   9   5   7   0.0000000000
3   10   1   8   0.0000000020
3   10   4   7   0.0000000000
3   10   5   7   0.0020716914
4   6   1   8   0.0013284235
4   6   4   7   -0.0017078084
4   6   5   7   0.0000000020
4   7   2   8   0.0035706068
4   7   3   8   -0.0000000079
4   7   4   5   0.0001872819
4   7   4   6   -0.0000000045
4   7   5   5   0.0000000004
4   7   5   6   -0.0006809422
4   8   2   8   -0.0000000079
4   8   3   8   0.0067575973
4   8   4   5   0.0000000014
4   8   4   6   0.0014242247
4   8   5   5   -0.0005600993
4   8   5   6   -0.0000000027
4   9   1   7   -0.0014414908
4   9   2   5   0.0013345988
4   9   2   6   -0.0000000175
4   9   3   5   0.0000000077
4   9   3   6   0.0051687028
4   9   4   8   0.0022522703
4   9   5   8   -0.0000000018
4   10   1   7   0.0000000017
4   10   2   5   -0.0000000019
4   10   2   6   -0.0027558507
4   10   3   5   -0.0010655789
4   10   3   6   -0.0000000117
4   10   4   8   -0.0000000018
4   10   5   8   0.0006859414

1   6   6   1   -0.2852334536
1   6   6   2   -0.0000000000
1   6   7   3   -0.0002899495
1   6   8   3   -0.0000000010
1   7   6   3   -0.0000545131
1   7   7   1   -0.2671033560
1   7   7   2   0.0000000212
1   7   8   1   -0.0000000212
1   7   8   2   -0.0025266844
1   7   9   4   -0.0001193086
1   7   10   4   -0.0000000003
1   8   6   3   -0.0000000002
1   8   7   1   -0.0000000212
1   8   7   2   -0.0033975421
1   8   8   1   -0.2611627796
1   8   8   2   -0.0000000211
1   8   9   4   -0.0000000012
1   8   10   4   0.0004843420
1   9   7   4   -0.0000796586
1   9   8   4   -0.0000000011
1   9   9   1   -0.2699201803
1   9   9   2   0.0000000020
1   9   10   1   -0.0000000020
1   9   10   2   0.0144441894
1   10   7   4   0.0000000000
1   10   8   4   0.0003673710
1   10   9   1   -0.0000000020
1   10   9   2   0.0123680727
1   10   10   1   -0.2967344197
1   10   10   2   -0.0000000020
2   6   6   1   -0.0000000000
2   6   6   2   -0.2852362374
2   6   7   3   0.0000000011
2   6   8   3   -0.0002964476
2   7   6   3   0.0000000002
2   7   7   1   0.0000000212
2   7   7   2   -0.2611622695
2   7   8   1   -0.0033975421
2   7   8   2   0.0000000211
2   7   9   4   0.0000000042
2   7   10   4   0.0007140053
2   8   6   3   -0.0000444146
2   8   7   1   -0.0025266844
2   8   7   2   0.0000000211
2   8   8   1   -0.0000000211
2   8   8   2   -0.2670685744
2   8   9   4   -0.0013136290
2   8   10   4   0.0000000028
2   9   7   4   0.0000000040
2   9   8   4   -0.0012079054
2   9   9   1   0.0000000020
2   9   9   2   -0.2967332278
2   9   10   1   0.0123680727
2   9   10   2   0.0000000020
2   10   7   4   0.0007689011
2   10   8   4   0.0000000029
2   10   9   1   0.0144441894
2   10   9   2   0.0000000020
2   10   10   1   -0.0000000020
2   10   10   2   -0.2699220461
3   6   6   3   -0.1903476882
3   6   7   1   -0.0000545131
3   6   7   2   0.0000000002
3   6   8   1   -0.0000000002
3   6   8   2   -0.0000444146
3   6   9   4   0.0391127105
3   6   10   4   -0.0000000455
3   7   6   1   -0.0002899495
3   7   6   2   0.0000000011
3   7   7   3   -0.1957255720
3   7   8   3   -0.0000000000
3   8   6   1   -0.0000000010
3   8   6   2   -0.0002964476
3   8   7   3   -0.0000000000
3   8   8   3   -0.1957228381
3   9   6   4   0.0391070360
3   9   9   3   -0.1899384085
3   9   10   3   -0.0000000000
3   10   6   4   -0.0000000455
3   10   9   3   -0.0000000000
3   10   10   3   -0.1899400178
4   6   6   4   -0.1780450873
4   6   9   3   0.0391070360
4   6   10   3   -0.0000000455
4   7   7   4   -0.1787848556
4   7   8   4   0.0000000323
4   7   9   1   -0.0000796586
4   7   9   2   0.0000000040
4   7   10   1   0.0000000000
4   7   10   2   0.0007689011
4   8   7   4   0.0000000323
4   8   8   4   -0.1918196318
4   8   9   1   -0.0000000011
4   8   9   2   -0.0012079054
4   8   10   1   0.0003673710
4   8   10   2   0.0000000029
4   9   6   3   0.0391127105
4   9   7   1   -0.0001193086
4   9   7   2   0.0000000042
4   9   8   1   -0.0000000012
4   9   8   2   -0.0013136290
4   9   9   4   -0.1866325689
4   9   10   4   0.0000000192
4   10   6   3   -0.0000000455
4   10   7   1   -0.0000000003
4   10   7   2   0.0007140053
4   10   8   1   0.0004843420
4   10   8   2   0.0000000028
4   10   9   4   0.0000000192
4   10   10   4   -0.1701402973

End AIJB Block
Begin IJKA Block
1   6   1   5   -0.0000000000
1   6   1   6   0.0000005979
1   6   2   7   -0.0000000001
1   6   3   7   0.0000127333
1   7   2   5   -0.0000000059
1   7   2   6   0.0008179313
1   7   3   5   0.0008127068
1   7   3   6   0.0000000060
1   7   4   8   -0.0000000181
1   7   5   8   0.0038281940
1   8   1   7   -0.0000001528
1   8   2   5   0.0008203254
1   8   2   6   0.0000000060
1   8   3   5   0.0000000059
1   8   3   6   -0.0008251063
1   8   4   8   0.0038398789
1   8   5   8   0.0000000181
1   9   2   8   -0.0000000024
1   9   3   8   0.0005140280
1   9   4   5   0.0000000001
1   9   4   6   0.0490910864
1   9   5   5   0.0490630775
1   9   5   6   -0.0000000001
1   10   2   8   0.0005344088
1   10   3   8   0.0000000025
1   10   4   5   0.0490489707
1   10   4   6   -0.0000000001
1   10   5   5   -0.0000000002
1   10   5   6   -0.0490755712
2   6   2   5   0.0000000112
2   6   2   6   -0.0015210612
2   6   3   5   -0.0015320859
2   6   3   6   -0.0000000110
2   6   4   8   -0.0000000035
2   6   5   8   0.0007391649
2   7   1   5   -0.0000000056
2   7   1   6   0.0007743280
2   7   2   7   0.0000000253
2   7   3   7   -0.0023237883
2   8   1   5   0.0007689554
2   8   1   6   0.0000000056
2   8   2   7   -0.0023357363
2   8   3   7   -0.0000000254
2   9   1   8   -0.0000000028
2   9   4   7   0.0000000005
2   9   5   7   -0.0000596126
2   10   1   8   0.0005488881
2   10   4   7   -0.0000151899
2   10   5   7   -0.0000000002
3   6   1   7   0.0000000187
3   6   2   5   -0.0015228856
3   6   2   6   -0.0000000110
3   6   3   5   -0.0000000111
3   6   3   6   0.0015087461
3   6   4   8   0.0007365856
3   6   5   8   0.0000000035
3   7   1   5   0.0007703644
3   7   1   6   0.0000000056
3   7   2   7   -0.0023366228
3   7   3   7   -0.0000000254
3   8   1   5   0.0000000056
3   8   1   6   -0.0007688472
3   8   2   7   -0.0000000255
3   8   3   7   0.0023666153
3   9   1   8   0.0005978421
3   9   4   7   -0.0001386355
3   9   5   7   -0.0000000004
3   10   1   8   0.0000000026
3   10   4   7   -0.0000000001
3   10   5   7   0.0000950738
4   6   2   8   -0.0000000030
4   6   3   8   0.0006314208
4   6   4   5   0.0000000000
4   6   4   6   0.0226883303
4   6   5   5   0.0226883886
4   6   5   6   -0.0000000000
4   7   1   8   -0.0000000181
4   7   4   7   -0.0000000025
4   7   5   7   0.0008369155
4   8   1   8   0.0038495929
4   8   4   7   0.0007050421
4   8   5   7   0.0000000027
4   9   1   5   0.0000000001
4   9   1   6   0.0501565609
4   9   2   7   -0.0000000001
4   9   3   7   0.0000320407
4   10   1   5   0.0501153869
4   10   1   6   -0.0000000001
4   10   2   7   0.0000178938
4   10   3   7   0.0000000001
5   6   2   8   0.0006519572
5   6   3   8   0.0000000031
5   6   4   5   0.0226882888
5   6   4   6   -0.0000000000
5   6   5   5   -0.0000000000
5   6   5   6   -0.0226876290
5   7   1   8   0.0037541072
5   7   4   7   0.0009335766
5   7   5   7   0.0000000031
5   8   1   8   0.0000000178
5   8   4   7   0.0000000033
5   8   5   7   -0.0008025953
5   9   1   5   0.0501293709
5   9   1   6   -0.0000000001
5   9   2   7   0.0000161547
5   9   3   7   0.0000000000
5   10   1   5   -0.0000000001
5   10   1   6   -0.0501416719
5   10   2   7   0.0000000000
5   10   3   7   -0.0000113944

End IJKA Block
Begin IABC Block
1   5   1   5   0.0000000025
1   5   1   6   -0.0172429923
1   5   2   5   -0.0172433256
1   5   2   6   -0.0000000025
1   5   3   7   0.0000000002
1   5   4   8   -0.0000000020
1   6   1   5   -0.0172444445
1   6   1   6   -0.0000000025
1   6   2   5   -0.0000000025
1   6   2   6   0.0172447273
1   6   3   7   -0.0000699433
1   6   4   8   0.0008637100
1   7   1   7   0.0000000000
1   7   2   7   -0.0000010710
1   7   3   6   0.0000001822
1   8   1   8   -0.0000000214
1   8   2   8   0.0092136268
1   8   4   5   -0.0000000023
1   8   4   6   0.0009902336
2   5   1   7   -0.0000000039
2   5   2   7   0.0010406317
2   5   3   5   -0.0000000029
2   5   3   6   0.0007223254
2   6   1   7   0.0010816794
2   6   2   7   0.0000000037
2   6   3   5   0.0008175342
2   6   3   6   0.0000000024
2   7   1   5   -0.0000000037
2   7   1   6   0.0009900404
2   7   2   5   0.0009912932
2   7   2   6   0.0000000037
2   7   3   7   0.0000000000
2   7   4   8   -0.0000000280
2   8   3   8   -0.0000000334
2   8   4   7   -0.0000000277
3   5   1   7   0.0010240360
3   5   2   7   0.0000000038
3   5   3   5   0.0007413480
3   5   3   6   0.0000000025
3   6   1   7   0.0000000040
3   6   2   7   -0.0009845969
3   6   3   5   0.0000000030
3   6   3   6   -0.0006480232
3   7   1   5   0.0009901653
3   7   1   6   0.0000000037
3   7   2   5   0.0000000037
3   7   2   6   -0.0009842117
3   7   3   7   -0.0000004670
3   7   4   8   0.0047437777
3   8   3   8   0.0056676725
3   8   4   7   0.0047047729
4   5   3   8   0.0000000012
4   5   4   7   0.0000000010
4   6   3   8   -0.0010409212
4   6   4   7   -0.0009211594
4   7   1   8   0.0000000298
4   7   2   8   -0.0256793860
4   7   4   5   0.0000000011
4   7   4   6   -0.0009879734
4   8   1   7   0.0000000298
4   8   2   7   -0.0256092811
4   8   3   5   0.0000000013
4   8   3   6   -0.0011428363
5   5   3   8   -0.0010922338
5   5   4   7   -0.0009746111
5   6   3   8   -0.0000000013
5   6   4   7   -0.0000000012
5   7   1   8   -0.0256831211
5   7   2   8   -0.0000000298
5   7   4   5   -0.0009579221
5   7   4   6   -0.0000000011
5   8   1   7   -0.0256229238
5   8   2   7   -0.0000000297
5   8   3   5   -0.0011195887
5   8   3   6   -0.0000000013

End IABC Block
