Begin IJ Block
1   1   -1.9063991597
2   2   -1.7732242397
2   3   0.0000000198
3   3   -1.7676352214

End IJ Block
Begin IA Block
1   3   -0.0023998509
1   6   0.0000002030

End IA Block
Begin AB Block
1   1   -1.3835042764
1   2   0.0000000345
2   2   -1.3931876411
3   3   -0.9472870745
3   6   0.0000001377
4   4   -0.8573129261
4   5   -0.0000000924
5   5   -0.8346405144
6   6   -0.7845667147

End AB Block
Begin IJKL Block
1   4   1   4   0.2913083985
1   4   2   5   0.0028242677
1   4   2   6   0.0000000054
1   4   3   5   0.0000000054
1   4   3   6   0.0043590037
1   5   1   5   0.2730943062
1   5   1   6   -0.0000000079
1   5   2   4   0.0044093505
1   5   3   4   0.0000000044
1   6   1   5   -0.0000000079
1   6   1   6   0.2708825759
1   6   2   4   0.0000000044
1   6   3   4   0.0056462774
2   4   1   5   0.0044093505
2   4   1   6   0.0000000044
2   4   2   4   0.2730943062
2   4   3   4   -0.0000000079
2   5   1   4   0.0028242677
2   5   2   5   0.3139781543
2   5   3   6   0.0199817401
2   6   1   4   0.0000000054
2   6   2   6   0.2722739880
2   6   3   5   0.0217272544
2   6   3   6   0.0000000000
3   4   1   5   0.0000000044
3   4   1   6   0.0056462774
3   4   2   4   -0.0000000079
3   4   3   4   0.2708825759
3   5   1   4   0.0000000054
3   5   2   6   0.0217272544
3   5   3   5   0.2722739880
3   5   3   6   0.0000000000
3   6   1   4   0.0043590037
3   6   2   5   0.0199817401
3   6   2   6   0.0000000000
3   6   3   5   0.0000000000
3   6   3   6   0.3139828500

End IJKL Block
Begin IJAB Block
1   4   1   7   0.0035819235
1   4   1   8   -0.0000000041
1   4   2   7   -0.0000000041
1   4   2   8   0.0047302603
1   4   3   9   0.0077755416
1   4   3   12   -0.0000000177
1   4   4   10   0.0081847311
1   4   4   11   0.0000000163
1   4   5   10   0.0000000163
1   4   5   11   0.0044690030
1   4   6   9   -0.0000000177
1   4   6   12   0.0031662507
1   5   1   10   -0.0000000007
1   5   1   11   -0.0010088844
1   5   2   10   0.0027254514
1   5   2   11   0.0000000062
1   5   4   7   -0.0000000021
1   5   4   8   0.0055385719
1   5   5   7   -0.0029791807
1   5   5   8   0.0000000083
1   6   1   10   0.0013760995
1   6   1   11   0.0000000106
1   6   2   10   -0.0000000032
1   6   2   11   -0.0003797364
1   6   4   7   0.0015882405
1   6   4   8   -0.0000000100
1   6   5   7   0.0000000209
1   6   5   8   -0.0010154904
2   4   1   10   -0.0000000021
2   4   1   11   -0.0029791807
2   4   2   10   0.0055385719
2   4   2   11   0.0000000083
2   4   4   7   -0.0000000007
2   4   4   8   0.0027254514
2   4   5   7   -0.0010088844
2   4   5   8   0.0000000062
2   5   1   7   0.0337640497
2   5   1   8   -0.0000000005
2   5   2   7   -0.0000000005
2   5   2   8   0.0598100824
2   5   3   9   0.0019910296
2   5   3   12   -0.0000000020
2   5   4   10   0.0021629145
2   5   4   11   0.0000000009
2   5   5   10   0.0000000009
2   5   5   11   0.0006547522
2   5   6   9   -0.0000000020
2   5   6   12   0.0013905201
2   6   1   7   -0.0000000005
2   6   1   8   0.0358064293
2   6   2   7   -0.0097911120
2   6   2   8   0.0000000002
2   6   3   9   0.0000000001
2   6   3   12   0.0012456466
2   6   4   10   0.0000000009
2   6   4   11   -0.0009922822
2   6   5   10   -0.0007082763
2   6   5   11   -0.0000000006
2   6   6   9   0.0012419986
2   6   6   12   0.0000000033
3   4   1   10   0.0015882405
3   4   1   11   0.0000000209
3   4   2   10   -0.0000000100
3   4   2   11   -0.0010154904
3   4   4   7   0.0013760995
3   4   4   8   -0.0000000032
3   4   5   7   0.0000000106
3   4   5   8   -0.0003797364
3   5   1   7   -0.0000000005
3   5   1   8   -0.0097911120
3   5   2   7   0.0358064293
3   5   2   8   0.0000000002
3   5   3   9   0.0000000001
3   5   3   12   0.0012419986
3   5   4   10   0.0000000009
3   5   4   11   -0.0007082763
3   5   5   10   -0.0009922822
3   5   5   11   -0.0000000006
3   5   6   9   0.0012456466
3   5   6   12   0.0000000033
3   6   1   7   0.0597277619
3   6   1   8   0.0000000002
3   6   2   7   0.0000000002
3   6   2   8   0.0337542512
3   6   3   9   0.0020556504
3   6   3   12   0.0000000018
3   6   4   10   0.0007205046
3   6   4   11   -0.0000000010
3   6   5   10   -0.0000000010
3   6   5   11   0.0022783856
3   6   6   9   0.0000000018
3   6   6   12   0.0034787267

End IJAB Block
Begin ABCD Block
1   7   1   7   0.2806400195
1   7   1   8   -0.0000000000
1   7   2   7   -0.0000000000
1   7   2   8   0.0112231003
1   7   3   9   0.0015381248
1   7   3   12   0.0000000017
1   7   4   10   0.0007262371
1   7   4   11   -0.0000000004
1   7   5   10   -0.0000000004
1   7   5   11   0.0016267227
1   7   6   9   0.0000000017
1   7   6   12   0.0029732857
1   8   1   7   -0.0000000000
1   8   1   8   0.2567926961
1   8   2   7   0.0126317802
1   8   2   8   -0.0000000000
1   8   3   9   -0.0000000000
1   8   3   12   0.0011607863
1   8   4   10   0.0000000004
1   8   4   11   -0.0005613812
1   8   5   10   -0.0003482968
1   8   5   11   -0.0000000005
1   8   6   9   0.0011607865
1   8   6   12   0.0000000025
1   9   1   9   0.1859416922
1   9   1   12   0.0000000104
1   9   2   12   0.0071042670
1   9   3   7   0.0018710933
1   9   6   7   0.0000000018
1   9   6   8   0.0012108348
1   10   1   10   0.1705274784
1   10   1   11   -0.0000000055
1   10   2   10   0.0000000055
1   10   2   11   -0.0053066328
1   10   4   7   0.0009184110
1   10   4   8   0.0000000005
1   10   5   7   -0.0000000005
1   10   5   8   -0.0003922469
1   11   1   10   -0.0000000055
1   11   1   11   0.1812156197
1   11   2   10   -0.0053899783
1   11   2   11   -0.0000000056
1   11   4   7   -0.0000000005
1   11   4   8   -0.0006416567
1   11   5   7   0.0019492907
1   11   5   8   -0.0000000006
1   12   1   9   0.0000000104
1   12   1   12   0.1777763848
1   12   2   9   0.0071042666
1   12   2   12   0.0000000132
1   12   3   7   0.0000000018
1   12   3   8   0.0012108344
1   12   6   7   0.0032361684
1   12   6   8   0.0000000026
2   7   1   7   -0.0000000000
2   7   1   8   0.0126317802
2   7   2   7   0.2567926961
2   7   2   8   -0.0000000000
2   7   3   9   -0.0000000000
2   7   3   12   0.0011607865
2   7   4   10   0.0000000004
2   7   4   11   -0.0003482968
2   7   5   10   -0.0005613812
2   7   5   11   -0.0000000005
2   7   6   9   0.0011607863
2   7   6   12   0.0000000025
2   8   1   7   0.0112231003
2   8   1   8   -0.0000000000
2   8   2   7   -0.0000000000
2   8   2   8   0.2806593098
2   8   3   9   0.0015497722
2   8   3   12   -0.0000000018
2   8   4   10   0.0016483774
2   8   4   11   0.0000000005
2   8   5   10   0.0000000005
2   8   5   11   0.0007235081
2   8   6   9   -0.0000000018
2   8   6   12   0.0013231832
2   9   1   12   0.0071042666
2   9   2   9   0.1859417041
2   9   2   12   -0.0000000104
2   9   3   8   0.0018710966
2   9   6   7   0.0012108344
2   9   6   8   -0.0000000018
2   10   1   10   0.0000000055
2   10   1   11   -0.0053899783
2   10   2   10   0.1812380697
2   10   2   11   0.0000000056
2   10   4   7   0.0000000005
2   10   4   8   0.0019598727
2   10   5   7   -0.0006416567
2   10   5   8   0.0000000005
2   11   1   10   -0.0053066328
2   11   1   11   -0.0000000056
2   11   2   10   0.0000000056
2   11   2   11   0.1705329655
2   11   4   7   -0.0003922469
2   11   4   8   0.0000000005
2   11   5   7   -0.0000000006
2   11   5   8   0.0009229401
2   12   1   9   0.0071042670
2   12   1   12   0.0000000132
2   12   2   9   -0.0000000104
2   12   2   12   0.1691026127
2   12   3   7   0.0012108348
2   12   3   8   -0.0000000018
2   12   6   7   0.0000000026
2   12   6   8   0.0015163340
3   7   1   9   0.0018710933
3   7   1   12   0.0000000018
3   7   2   12   0.0012108348
3   7   3   7   0.1859416922
3   7   6   7   0.0000000104
3   7   6   8   0.0071042670
3   8   1   12   0.0012108344
3   8   2   9   0.0018710966
3   8   2   12   -0.0000000018
3   8   3   8   0.1859417041
3   8   6   7   0.0071042666
3   8   6   8   -0.0000000104
3   9   1   7   0.0015381248
3   9   1   8   -0.0000000000
3   9   2   7   -0.0000000000
3   9   2   8   0.0015497722
3   9   3   9   0.1713853311
3   9   3   12   -0.0000000000
3   9   4   10   0.0556715951
3   9   4   11   0.0000000000
3   9   5   10   0.0000000000
3   9   5   11   0.0556599656
3   9   6   9   -0.0000000000
3   9   6   12   0.0295267131
3   10   3   10   0.1673758041
3   10   4   9   0.0557127433
3   10   4   12   -0.0000000166
3   10   5   12   -0.0388766355
3   10   6   10   -0.0000000094
3   10   6   11   -0.0221911863
3   11   3   11   0.1673757573
3   11   4   12   -0.0388766782
3   11   5   9   0.0557126556
3   11   5   12   0.0000000166
3   11   6   10   -0.0221911863
3   11   6   11   0.0000000094
3   12   1   7   0.0000000017
3   12   1   8   0.0011607863
3   12   2   7   0.0011607865
3   12   2   8   -0.0000000018
3   12   3   9   -0.0000000000
3   12   3   12   0.1665996998
3   12   4   10   -0.0000000167
3   12   4   11   -0.0388892120
3   12   5   10   -0.0388891693
3   12   5   11   0.0000000166
3   12   6   9   0.0296225981
3   12   6   12   0.0000000725
4   7   1   10   0.0009184110
4   7   1   11   -0.0000000005
4   7   2   10   0.0000000005
4   7   2   11   -0.0003922469
4   7   4   7   0.1705274784
4   7   4   8   0.0000000055
4   7   5   7   -0.0000000055
4   7   5   8   -0.0053066328
4   8   1   10   0.0000000005
4   8   1   11   -0.0006416567
4   8   2   10   0.0019598727
4   8   2   11   0.0000000005
4   8   4   7   0.0000000055
4   8   4   8   0.1812380697
4   8   5   7   -0.0053899783
4   8   5   8   0.0000000056
4   9   3   10   0.0557127433
4   9   4   9   0.1673758041
4   9   4   12   -0.0000000094
4   9   5   12   -0.0221911863
4   9   6   10   -0.0000000166
4   9   6   11   -0.0388766355
4   10   1   7   0.0007262371
4   10   1   8   0.0000000004
4   10   2   7   0.0000000004
4   10   2   8   0.0016483774
4   10   3   9   0.0556715951
4   10   3   12   -0.0000000167
4   10   4   10   0.1816395802
4   10   4   11   0.0000000001
4   10   5   10   0.0000000001
4   10   5   11   0.0168462665
4   10   6   9   -0.0000000167
4   10   6   12   0.0296085272
4   11   1   7   -0.0000000004
4   11   1   8   -0.0005613812
4   11   2   7   -0.0003482968
4   11   2   8   0.0000000005
4   11   3   9   0.0000000000
4   11   3   12   -0.0388892120
4   11   4   10   0.0000000001
4   11   4   11   0.1479220057
4   11   5   10   0.0168577429
4   11   5   11   0.0000000000
4   11   6   9   -0.0388891693
4   11   6   12   -0.0000000392
4   12   3   10   -0.0000000166
4   12   3   11   -0.0388766782
4   12   4   9   -0.0000000094
4   12   4   12   0.1525171605
4   12   5   9   -0.0221911863
4   12   5   12   -0.0000000486
4   12   6   10   0.0296460041
4   12   6   11   -0.0000000393
5   7   1   10   -0.0000000005
5   7   1   11   0.0019492907
5   7   2   10   -0.0006416567
5   7   2   11   -0.0000000006
5   7   4   7   -0.0000000055
5   7   4   8   -0.0053899783
5   7   5   7   0.1812156197
5   7   5   8   -0.0000000056
5   8   1   10   -0.0003922469
5   8   1   11   -0.0000000006
5   8   2   10   0.0000000005
5   8   2   11   0.0009229401
5   8   4   7   -0.0053066328
5   8   4   8   0.0000000056
5   8   5   7   -0.0000000056
5   8   5   8   0.1705329655
5   9   3   11   0.0557126556
5   9   4   12   -0.0221911863
5   9   5   9   0.1673757573
5   9   5   12   0.0000000094
5   9   6   10   -0.0388766782
5   9   6   11   0.0000000166
5   10   1   7   -0.0000000004
5   10   1   8   -0.0003482968
5   10   2   7   -0.0005613812
5   10   2   8   0.0000000005
5   10   3   9   0.0000000000
5   10   3   12   -0.0388891693
5   10   4   10   0.0000000001
5   10   4   11   0.0168577429
5   10   5   10   0.1479220057
5   10   5   11   0.0000000000
5   10   6   9   -0.0388892120
5   10   6   12   -0.0000000392
5   11   1   7   0.0016267227
5   11   1   8   -0.0000000005
5   11   2   7   -0.0000000005
5   11   2   8   0.0007235081
5   11   3   9   0.0556599656
5   11   3   12   0.0000000166
5   11   4   10   0.0168462665
5   11   4   11   0.0000000000
5   11   5   10   0.0000000000
5   11   5   11   0.1816186278
5   11   6   9   0.0000000166
5   11   6   12   0.0489226638
5   12   3   10   -0.0388766355
5   12   3   11   0.0000000166
5   12   4   9   -0.0221911863
5   12   4   12   -0.0000000486
5   12   5   9   0.0000000094
5   12   5   12   0.1764063235
5   12   6   10   -0.0000000393
5   12   6   11   0.0489578633
6   7   1   9   0.0000000018
6   7   1   12   0.0032361684
6   7   2   9   0.0012108344
6   7   2   12   0.0000000026
6   7   3   7   0.0000000104
6   7   3   8   0.0071042666
6   7   6   7   0.1777763848
6   7   6   8   0.0000000132
6   8   1   9   0.0012108348
6   8   1   12   0.0000000026
6   8   2   9   -0.0000000018
6   8   2   12   0.0015163340
6   8   3   7   0.0071042670
6   8   3   8   -0.0000000104
6   8   6   7   0.0000000132
6   8   6   8   0.1691026127
6   9   1   7   0.0000000017
6   9   1   8   0.0011607865
6   9   2   7   0.0011607863
6   9   2   8   -0.0000000018
6   9   3   9   -0.0000000000
6   9   3   12   0.0296225981
6   9   4   10   -0.0000000167
6   9   4   11   -0.0388891693
6   9   5   10   -0.0388892120
6   9   5   11   0.0000000166
6   9   6   9   0.1665996998
6   9   6   12   0.0000000725
6   10   3   10   -0.0000000094
6   10   3   11   -0.0221911863
6   10   4   9   -0.0000000166
6   10   4   12   0.0296460041
6   10   5   9   -0.0388766782
6   10   5   12   -0.0000000393
6   10   6   10   0.1525171605
6   10   6   11   -0.0000000486
6   11   3   10   -0.0221911863
6   11   3   11   0.0000000094
6   11   4   9   -0.0388766355
6   11   4   12   -0.0000000393
6   11   5   9   0.0000000166
6   11   5   12   0.0489578633
6   11   6   10   -0.0000000486
6   11   6   11   0.1764063235
6   12   1   7   0.0029732857
6   12   1   8   0.0000000025
6   12   2   7   0.0000000025
6   12   2   8   0.0013231832
6   12   3   9   0.0295267131
6   12   3   12   0.0000000725
6   12   4   10   0.0296085272
6   12   4   11   -0.0000000392
6   12   5   10   -0.0000000392
6   12   5   11   0.0489226638
6   12   6   9   0.0000000725
6   12   6   12   0.1765082382

End ABCD Block
Begin AIJB Block
1   4   1   7   0.0042576788
1   4   1   8   -0.0000000074
1   4   2   10   -0.0000000036
1   4   2   11   -0.0029154429
1   4   3   10   0.0011101450
1   4   3   11   0.0000000200
1   5   1   10   -0.0000000002
1   5   1   11   -0.0006919032
1   5   2   7   0.0404099610
1   5   2   8   -0.0000000003
1   5   3   7   -0.0000000004
1   5   3   8   -0.0141601390
1   6   1   10   0.0005638396
1   6   1   11   0.0000000053
1   6   2   7   -0.0000000004
1   6   2   8   0.0318902720
1   6   3   7   0.0581021247
1   6   3   8   0.0000000002
2   4   1   7   -0.0000000074
2   4   1   8   0.0063422337
2   4   2   10   0.0054018044
2   4   2   11   0.0000000067
2   4   3   10   -0.0000000098
2   4   3   11   -0.0013625029
2   5   1   10   0.0014104490
2   5   1   11   0.0000000027
2   5   2   7   -0.0000000003
2   5   2   8   0.0581627681
2   5   3   7   0.0318902720
2   5   3   8   0.0000000001
2   6   1   10   -0.0000000023
2   6   1   11   -0.0001610750
2   6   2   7   -0.0141601390
2   6   2   8   0.0000000001
2   6   3   7   0.0000000002
2   6   3   8   0.0403946758
3   4   1   9   0.0062055774
3   4   1   12   -0.0000000143
3   5   2   9   0.0020941287
3   5   2   12   -0.0000000017
3   5   3   12   0.0011412178
3   6   2   12   0.0011412176
3   6   3   9   0.0020941258
3   6   3   12   0.0000000017
4   4   1   10   0.0067905556
4   4   1   11   0.0000000129
4   4   2   7   -0.0000000002
4   4   2   8   0.0014104490
4   4   3   7   0.0005638396
4   4   3   8   -0.0000000023
4   5   1   7   -0.0000000036
4   5   1   8   0.0054018044
4   5   2   10   0.0022316309
4   5   2   11   0.0000000008
4   5   3   10   0.0000000009
4   5   3   11   -0.0006652967
4   6   1   7   0.0011101450
4   6   1   8   -0.0000000098
4   6   2   10   0.0000000009
4   6   2   11   -0.0009050962
4   6   3   10   0.0006741200
4   6   3   11   -0.0000000009
5   4   1   10   0.0000000129
5   4   1   11   0.0036063417
5   4   2   7   -0.0006919032
5   4   2   8   0.0000000027
5   4   3   7   0.0000000053
5   4   3   8   -0.0001610750
5   5   1   7   -0.0029154429
5   5   1   8   0.0000000067
5   5   2   10   0.0000000008
5   5   2   11   0.0006704234
5   5   3   10   -0.0009050962
5   5   3   11   -0.0000000008
5   6   1   7   0.0000000200
5   6   1   8   -0.0013625029
5   6   2   10   -0.0006652967
5   6   2   11   -0.0000000008
5   6   3   10   -0.0000000009
5   6   3   11   0.0022537017
6   4   1   9   -0.0000000143
6   4   1   12   0.0026063055
6   5   2   9   -0.0000000017
6   5   2   12   0.0012596011
6   5   3   9   0.0011412176
6   5   3   12   0.0000000027
6   6   2   9   0.0011412178
6   6   2   12   0.0000000027
6   6   3   9   0.0000000017
6   6   3   12   0.0030330238

1   4   4   1   -0.2619328791
1   4   4   2   0.0000000209
1   4   5   4   -0.0000000000
1   4   5   5   0.0006757214
1   4   6   4   -0.0002916282
1   4   6   5   -0.0000000039
1   5   4   4   -0.0000000002
1   5   4   5   0.0007657547
1   5   5   1   -0.2703717965
1   5   5   2   0.0000000004
1   5   6   1   0.0000000004
1   5   6   2   -0.0137762562
1   6   4   4   -0.0003444665
1   6   4   5   -0.0000000044
1   6   5   1   0.0000000004
1   6   5   2   -0.0130184872
1   6   6   1   -0.2971654168
1   6   6   2   -0.0000000004
2   4   4   1   0.0000000209
2   4   4   2   -0.2678072341
2   4   5   4   -0.0010599433
2   4   5   5   -0.0000000016
2   4   6   4   0.0000000023
2   4   6   5   0.0000937952
2   5   4   4   -0.0011628387
2   5   4   5   -0.0000000018
2   5   5   1   0.0000000004
2   5   5   2   -0.2971676733
2   5   6   1   -0.0130184872
2   5   6   2   -0.0000000004
2   6   4   4   0.0000000026
2   6   4   5   0.0000623765
2   6   5   1   -0.0137762562
2   6   5   2   -0.0000000004
2   6   6   1   -0.0000000004
2   6   6   2   -0.2703718283
3   4   4   3   -0.1954741740
3   4   4   6   0.0000000760
3   5   5   3   -0.1898326354
3   5   5   6   0.0000000150
3   5   6   6   -0.0100287148
3   6   5   6   -0.0100275312
3   6   6   3   -0.1898326138
3   6   6   6   -0.0000000149
4   4   4   4   -0.1916243217
4   4   4   5   -0.0000000526
4   4   5   1   -0.0000000002
4   4   5   2   -0.0011628387
4   4   6   1   -0.0003444665
4   4   6   2   0.0000000026
4   5   4   1   -0.0000000000
4   5   4   2   -0.0010599433
4   5   5   4   -0.1867256611
4   5   5   5   -0.0000000089
4   5   6   4   -0.0000000090
4   5   6   5   0.0084199691
4   6   4   1   -0.0002916282
4   6   4   2   0.0000000023
4   6   5   4   -0.0000000090
4   6   5   5   0.0083389416
4   6   6   4   -0.1699910447
4   6   6   5   0.0000000090
5   4   4   4   -0.0000000526
5   4   4   5   -0.1787065013
5   4   5   1   0.0007657547
5   4   5   2   -0.0000000018
5   4   6   1   -0.0000000044
5   4   6   2   0.0000623765
5   5   4   1   0.0006757214
5   5   4   2   -0.0000000016
5   5   5   4   -0.0000000089
5   5   5   5   -0.1699782882
5   5   6   4   0.0083389416
5   5   6   5   0.0000000088
5   6   4   1   -0.0000000039
5   6   4   2   0.0000937952
5   6   5   4   0.0084199691
5   6   5   5   0.0000000088
5   6   6   4   0.0000000090
5   6   6   5   -0.1867615090
6   4   4   3   0.0000000760
6   4   4   6   -0.1776050535
6   5   5   3   0.0000000150
6   5   5   6   -0.1694016721
6   5   6   3   -0.0100275312
6   5   6   6   -0.0000000175
6   6   5   3   -0.0100287148
6   6   5   6   -0.0000000175
6   6   6   3   -0.0000000149
6   6   6   6   -0.1810369348

End AIJB Block
Begin IJKA Block
1   4   1   9   0.0023898623
1   4   1   12   -0.0000000428
1   5   2   9   -0.0001609196
1   5   2   12   -0.0000000009
1   5   3   9   -0.0000000006
1   5   3   12   -0.0000874427
1   6   2   9   -0.0000000006
1   6   2   12   0.0006353147
1   6   3   9   0.0001609168
1   6   3   12   -0.0000000036
2   4   2   9   0.0008490258
2   4   2   12   -0.0000000368
2   4   3   9   0.0000000029
2   4   3   12   0.0014112825
2   5   1   9   0.0000201975
2   5   1   12   -0.0000000014
2   6   1   9   0.0000000002
2   6   1   12   0.0006139715
3   4   2   9   0.0000000029
3   4   2   12   0.0010156722
3   4   3   9   -0.0008494766
3   4   3   12   -0.0000000492
3   5   1   9   0.0000000002
3   5   1   12   -0.0003459687
3   6   1   9   -0.0000382999
3   6   1   12   -0.0000000027

End IJKA Block
Begin IABC Block
1   7   1   9   0.0010178606
1   7   1   12   -0.0000000011
1   7   2   9   -0.0000000036
1   7   2   12   -0.0012854153
1   7   3   7   0.0007048895
1   7   3   8   -0.0000000025
1   7   6   7   -0.0000000382
1   7   6   8   -0.0003161552
1   8   1   9   -0.0000000036
1   8   1   12   0.0006860924
1   8   2   9   -0.0010178635
1   8   2   12   -0.0000000041
1   8   3   7   -0.0000000026
1   8   3   8   -0.0007034830
1   8   6   7   0.0000903385
1   8   6   8   -0.0000000393
1   9   1   7   0.0010022521
1   9   1   8   -0.0000000035
1   9   2   7   -0.0000000035
1   9   2   8   -0.0009795862
1   9   3   9   0.0000165764
1   9   3   12   0.0000000153
1   9   4   10   0.0048856164
1   9   4   11   -0.0000000117
1   9   5   10   -0.0000000116
1   9   5   11   -0.0048849870
1   9   6   9   -0.0000000087
1   9   6   12   -0.0036620201
1   10   3   10   0.0057590478
1   10   3   11   -0.0000000141
1   10   4   9   0.0048592630
1   10   4   12   -0.0000000008
1   10   5   9   -0.0000000116
1   10   5   12   0.0035553052
1   10   6   10   -0.0000000209
1   10   6   11   0.0024321282
1   11   3   10   -0.0000000139
1   11   3   11   -0.0057730469
1   11   4   9   -0.0000000116
1   11   4   12   0.0004862769
1   11   5   9   -0.0048592404
1   11   5   12   0.0000000236
1   11   6   10   0.0023973497
1   11   6   11   0.0000000086
1   12   1   7   -0.0000000010
1   12   1   8   0.0005489820
1   12   2   7   -0.0011515671
1   12   2   8   -0.0000000040
1   12   3   9   0.0000000151
1   12   3   12   -0.0048733144
1   12   4   10   -0.0000000009
1   12   4   11   0.0004815191
1   12   5   10   0.0035155785
1   12   5   11   0.0000000234
1   12   6   9   -0.0036422537
1   12   6   12   -0.0000000010
2   7   3   10   0.0000000006
2   7   3   11   -0.0009468734
2   7   4   9   0.0000000005
2   7   4   12   0.0005899268
2   7   5   9   -0.0008376066
2   7   5   12   -0.0000000006
2   7   6   10   0.0006221692
2   7   6   11   -0.0000000006
2   8   3   10   -0.0009925776
2   8   3   11   -0.0000000005
2   8   4   9   -0.0008884964
2   8   4   12   0.0000000034
2   8   5   9   -0.0000000004
2   8   5   12   -0.0007262340
2   8   6   10   0.0000000034
2   8   6   11   -0.0007208338
2   9   1   10   0.0000000146
2   9   1   11   -0.0261511844
2   9   2   10   -0.0261408692
2   9   2   11   -0.0000000145
2   9   4   7   0.0000000006
2   9   4   8   -0.0009954055
2   9   5   7   -0.0009884524
2   9   5   8   -0.0000000004
2   10   1   9   0.0000000145
2   10   1   12   0.0171421883
2   10   2   9   -0.0260842546
2   10   2   12   0.0000000311
2   10   3   7   0.0000000006
2   10   3   8   -0.0011557367
2   10   6   7   0.0007269091
2   10   6   8   0.0000000036
2   11   1   9   -0.0260841170
2   11   1   12   -0.0000000156
2   11   2   9   -0.0000000146
2   11   2   12   0.0095820451
2   11   3   7   -0.0011457850
2   11   3   8   -0.0000000006
2   11   6   7   -0.0000000006
2   11   6   8   -0.0007443333
2   12   1   10   0.0171804818
2   12   1   11   -0.0000000156
2   12   2   10   0.0000000313
2   12   2   11   0.0095795059
2   12   4   7   0.0007146972
2   12   4   8   0.0000000037
2   12   5   7   -0.0000000006
2   12   5   8   -0.0007739923
3   7   3   10   0.0009547945
3   7   3   11   0.0000000006
3   7   4   9   0.0008476466
3   7   4   12   0.0000000021
3   7   5   9   0.0000000005
3   7   5   12   -0.0019523020
3   7   6   10   0.0000000021
3   7   6   11   -0.0019489485
3   8   3   10   0.0000000005
3   8   3   11   -0.0009920008
3   8   4   9   0.0000000004
3   8   4   12   0.0006525501
3   8   5   9   -0.0008827038
3   8   5   12   -0.0000000005
3   8   6   10   0.0006217626
3   8   6   11   -0.0000000006
3   9   1   10   0.0261479638
3   9   1   11   0.0000000145
3   9   2   10   0.0000000146
3   9   2   11   -0.0261538757
3   9   4   7   0.0009690414
3   9   4   8   0.0000000006
3   9   5   7   0.0000000006
3   9   5   8   -0.0009845503
3   10   1   9   0.0260946281
3   10   1   12   -0.0000000018
3   10   2   9   0.0000000145
3   10   2   12   0.0163213632
3   10   3   7   0.0011331071
3   10   3   8   0.0000000006
3   10   6   7   0.0000000022
3   10   6   8   0.0006545790
3   11   1   9   0.0000000145
3   11   1   12   -0.0238869284
3   11   2   9   -0.0260918471
3   11   2   12   -0.0000000174
3   11   3   7   0.0000000007
3   11   3   8   -0.0011429820
3   11   6   7   -0.0021203749
3   11   6   8   -0.0000000008
3   12   1   10   -0.0000000018
3   12   1   11   -0.0239513714
3   12   2   10   0.0163507331
3   12   2   11   -0.0000000175
3   12   4   7   0.0000000023
3   12   4   8   0.0006798751
3   12   5   7   -0.0021571664
3   12   5   8   -0.0000000007

End IABC Block
