Begin IJ Block
1   1   -2.3871461168
2   2   -2.3490857177
2   3   0.0000000000
3   3   -2.3490857177

End IJ Block
Begin IA Block
1   1   0.0000000000
1   2   -0.0000000000
2   1   -0.0000000000
2   2   -0.0000000000
3   1   -0.0000000000
3   2   0.0000000000
3   3   0.0000000000

End IA Block
Begin AB Block
1   1   -2.2744015697
1   2   -0.0000000000
2   2   -2.2744015697
3   3   -2.2929570292

End AB Block
Begin IJKL Block
1   4   1   4   0.4275428409
1   4   2   5   0.0139499609
1   4   3   6   0.0139499609
1   5   1   5   0.4015490767
1   5   2   4   0.0086448106
1   6   1   6   0.4015490767
1   6   3   4   0.0086448106
2   4   1   5   0.0086448106
2   4   2   4   0.4015490767
2   5   1   4   0.0139499609
2   5   2   5   0.4210302148
2   5   2   6   -0.0000000000
2   5   3   5   0.0000000000
2   5   3   6   0.0138698320
2   6   2   5   -0.0000000000
2   6   2   6   0.4005287720
2   6   3   5   0.0066316108
2   6   3   6   0.0000000000
3   4   1   6   0.0086448106
3   4   3   4   0.4015490767
3   5   2   5   0.0000000000
3   5   2   6   0.0066316108
3   5   3   5   0.4005287720
3   5   3   6   -0.0000000000
3   6   1   4   0.0139499609
3   6   2   5   0.0138698320
3   6   2   6   0.0000000000
3   6   3   5   -0.0000000000
3   6   3   6   0.4210302148

End IJKL Block
Begin IJAB Block
1   4   1   4   0.0217479317
1   4   2   5   0.0217479317
1   4   3   6   0.2302393361
1   5   1   6   -0.0167437849
1   5   2   6   -0.0167713217
1   5   3   4   -0.1352485205
1   5   3   5   -0.1354709500
1   6   1   6   0.0167713217
1   6   2   6   -0.0167437849
1   6   3   4   0.1354709501
1   6   3   5   -0.1352485205
2   4   1   6   -0.1352485205
2   4   2   6   -0.1354709500
2   4   3   4   -0.0167437849
2   4   3   5   -0.0167713217
2   5   1   4   0.1339419696
2   5   1   5   0.1109901675
2   5   2   4   0.1109901675
2   5   2   5   0.1343067386
2   5   3   6   0.0227710839
2   6   1   4   -0.1109901675
2   6   1   5   0.0856479399
2   6   2   4   -0.0860127089
2   6   2   5   0.1109901675
3   4   1   6   0.1354709500
3   4   2   6   -0.1352485205
3   4   3   4   0.0167713217
3   4   3   5   -0.0167437849
3   5   1   4   -0.1109901675
3   5   1   5   -0.0860127089
3   5   2   4   0.0856479399
3   5   2   5   0.1109901675
3   6   1   4   0.1343067386
3   6   1   5   -0.1109901675
3   6   2   4   -0.1109901675
3   6   2   5   0.1339419696
3   6   3   6   0.0227710839

End IJAB Block
Begin ABCD Block
1   4   1   4   0.4155049405
1   4   2   5   0.0141587633
1   4   3   6   0.0142037231
1   5   1   5   0.3868497893
1   5   2   4   0.0144963879
1   6   1   6   0.3962712390
1   6   3   4   0.0154445721
2   4   1   5   0.0144963879
2   4   2   4   0.3868497893
2   5   1   4   0.0141587633
2   5   2   5   0.4155049405
2   5   3   6   0.0142037231
2   6   2   6   0.3962712390
2   6   3   5   0.0154445721
3   4   1   6   0.0154445721
3   4   3   4   0.3962712390
3   5   2   6   0.0154445721
3   5   3   5   0.3962712390
3   6   1   4   0.0142037231
3   6   2   5   0.0142037231
3   6   3   6   0.4359255314

End ABCD Block
Begin AIJB Block
1   4   1   4   0.0254793669
1   4   2   6   -0.1344472278
1   4   3   6   0.1346683396
1   5   1   6   -0.0130901749
1   5   2   4   0.1342634389
1   5   2   5   0.1069101556
1   5   3   4   -0.1069101556
1   5   3   5   -0.0879609627
1   6   1   6   0.0131117029
1   6   2   4   -0.1069101556
1   6   2   5   0.0876096027
1   6   3   4   0.1346147989
1   6   3   5   -0.1069101556
2   4   1   5   0.0254793669
2   4   2   6   -0.1346683396
2   4   3   6   -0.1344472279
2   5   1   6   -0.0131117029
2   5   2   4   0.1069101556
2   5   2   5   0.1346147989
2   5   3   4   0.0876096027
2   5   3   5   0.1069101556
2   6   1   6   -0.0130901749
2   6   2   4   -0.0879609627
2   6   2   5   0.1069101556
2   6   3   4   -0.1069101556
2   6   3   5   0.1342634389
3   4   1   6   0.2288881621
3   4   2   4   -0.0130901749
3   4   2   5   -0.0131117029
3   4   3   4   0.0131117029
3   4   3   5   -0.0130901749
3   5   1   4   -0.1344472279
3   5   1   5   -0.1346683396
3   5   2   6   0.0267950660
3   6   1   4   0.1346683396
3   6   1   5   -0.1344472278
3   6   3   6   0.0267950660

1   4   4   1   -0.4052905311
1   4   5   3   0.0127702886
1   4   6   3   -0.0127912906
1   5   4   3   0.0144249083
1   5   5   1   -0.4257406565
1   5   5   2   -0.0196249666
1   5   6   1   0.0196249666
1   5   6   2   -0.0009752536
1   6   4   3   -0.0144486315
1   6   5   1   0.0196249666
1   6   5   2   0.0010397510
1   6   6   1   -0.4258051540
1   6   6   2   0.0196249666
2   4   4   2   -0.4052905311
2   4   5   3   0.0127912906
2   4   6   3   0.0127702886
2   5   4   3   0.0144486315
2   5   5   1   -0.0196249666
2   5   5   2   -0.4258051539
2   5   6   1   0.0010397510
2   5   6   2   -0.0196249666
2   6   4   3   0.0144249083
2   6   5   1   -0.0009752536
2   6   5   2   -0.0196249666
2   6   6   1   0.0196249666
2   6   6   2   -0.4257406565
3   4   4   3   -0.4529738035
3   4   5   1   0.0144249083
3   4   5   2   0.0144486315
3   4   6   1   -0.0144486315
3   4   6   2   0.0144249083
3   5   4   1   0.0127702886
3   5   4   2   0.0127912906
3   5   5   3   -0.4162012303
3   6   4   1   -0.0127912906
3   6   4   2   0.0127702886
3   6   6   3   -0.4162012303

End AIJB Block
Begin IJKA Block
1   4   3   6   0.0000000000
1   5   1   4   -0.0000000000
1   5   1   5   -0.0000000000
1   5   2   6   0.0000000000
1   5   3   4   -0.0000000000
1   5   3   5   -0.0000000000
1   6   1   4   -0.0000000000
1   6   1   5   0.0000000000
1   6   3   4   0.0000000000
1   6   3   5   -0.0000000000
1   6   3   6   -0.0000000000
2   4   1   4   -0.0000000000
2   4   1   5   -0.0000000000
2   4   2   6   0.0000000000
2   4   3   6   0.0000000000
2   5   1   6   0.0000000000
2   5   2   4   -0.0000000000
2   5   2   5   -0.0000000000
2   5   3   4   -0.0000000000
2   5   3   5   -0.0000000000
2   6   2   4   0.0000000000
2   6   2   5   -0.0000000000
2   6   3   4   0.0000000000
2   6   3   5   -0.0000000000
3   4   1   4   -0.0000000000
3   4   1   5   0.0000000000
3   4   1   6   0.0000000000
3   4   2   6   0.0000000000
3   4   3   6   -0.0000000000
3   5   1   4   -0.0000000000
3   5   1   5   -0.0000000000
3   5   2   4   -0.0000000000
3   5   2   5   -0.0000000000
3   5   3   4   0.0000000000
3   5   3   5   0.0000000000
3   6   1   4   0.0000000000
3   6   1   5   -0.0000000000
3   6   1   6   -0.0000000000
3   6   2   4   0.0000000000
3   6   2   5   -0.0000000000
3   6   3   4   -0.0000000000
3   6   3   5   0.0000000000

End IJKA Block
Begin IABC Block
1   4   2   6   -0.0000000000
1   4   3   4   0.0000000000
1   4   3   5   -0.0000000000
1   4   3   6   -0.0000000000
1   5   1   6   -0.0000000000
1   5   3   4   -0.0000000000
1   5   3   5   -0.0000000000
1   5   3   6   0.0000000000
1   6   1   5   -0.0000000000
1   6   2   4   -0.0000000000
1   6   3   4   -0.0000000000
1   6   3   5   0.0000000000
2   4   1   4   -0.0000000000
2   4   1   5   0.0000000000
2   4   2   4   0.0000000000
2   4   2   5   0.0000000000
2   5   1   4   0.0000000000
2   5   1   5   0.0000000000
2   5   2   4   0.0000000000
2   5   2   5   0.0000000000
2   6   1   6   0.0000000000
2   6   2   6   0.0000000000
2   6   3   4   0.0000000000
2   6   3   5   0.0000000000
3   4   1   4   0.0000000000
3   4   1   5   -0.0000000000
3   4   2   4   -0.0000000000
3   4   2   5   0.0000000000
3   5   1   4   -0.0000000000
3   5   1   5   0.0000000000
3   5   2   4   0.0000000000
3   5   2   5   0.0000000000
3   6   1   6   0.0000000000
3   6   2   6   -0.0000000000
3   6   3   4   0.0000000000
3   6   3   5   -0.0000000000

End IABC Block
