Begin IJ Block
1   1   -1.7621026388
2   2   -1.4932897907

End IJ Block
Begin IA Block
1   1   0.1566477721
2   2   -0.1671111555

End IA Block
Begin AB Block
1   1   -1.1578284595
2   2   -0.7894694349

End AB Block
Begin IJKL Block
1   3   1   3   0.4689454133
1   3   2   4   0.1417888456
1   4   1   4   0.4010681422
1   4   2   3   0.1417888456
2   3   1   4   0.1417888456
2   3   2   3   0.4010681422
2   4   1   3   0.1417888456
2   4   2   4   0.4012687391

End IJKL Block
Begin IJAB Block
1   3   1   3   0.0734792782
1   3   2   4   0.0347188867
1   4   1   4   -0.0393580229
1   4   2   3   -0.0083569909
2   3   1   4   -0.0083569909
2   3   2   3   -0.0393580229
2   4   1   3   0.0785325698
2   4   2   4   0.0419482436

End IJAB Block
Begin ABCD Block
1   3   1   3   0.3216470280
1   3   2   4   0.0689361341
1   4   1   4   0.2760198283
1   4   2   3   0.0689361341
2   3   1   4   0.0689361341
2   3   2   3   0.2760198283
2   4   1   3   0.0689361341
2   4   2   4   0.2631627932

End ABCD Block
Begin AIJB Block
1   3   1   3   0.0734792782
1   3   2   4   -0.0083569909
1   4   1   4   -0.0393580229
1   4   2   3   0.0785325698
2   3   1   4   0.0347188867
2   3   2   3   -0.0393580229
2   4   1   3   -0.0083569909
2   4   2   4   0.0419482436

1   3   3   1   -0.3546741878
1   3   4   2   0.0688177973
1   4   3   2   0.0688177973
1   4   4   1   -0.3389698607
2   3   3   2   -0.2937984344
2   3   4   1   0.0688177973
2   4   3   1   0.0688177973
2   4   4   2   -0.2864738211

End AIJB Block
Begin IJKA Block
1   3   1   3   -0.0756633973
1   3   2   4   0.0436950432
1   4   1   4   0.0818274399
1   4   2   3   0.0705985338
2   3   1   4   0.0436950432
2   3   2   3   -0.0051929205
2   4   1   3   0.0705985338
2   4   2   4   0.0471513188

End IJKA Block
Begin IABC Block
1   3   1   3   -0.0171879966
1   3   2   4   -0.0055967652
1   4   1   4   -0.0082963220
1   4   2   3   -0.0055967652
2   3   1   4   -0.0525565112
2   3   2   3   0.0236935539
2   4   1   3   -0.0525565112
2   4   2   4   0.0125227425

End IABC Block
