Begin IJ Block
1   1   -1.2005228619
2   2   -1.0973060282
3   3   -1.0872967481

End IJ Block
Begin IA Block
1   2   0.0212720789
3   3   0.0331908144

End IA Block
Begin AB Block
1   1   -0.8239330963
2   2   -0.7945642533
3   3   -0.6774945312

End AB Block
Begin IJKL Block
1   4   1   4   0.2052604171
1   4   2   5   0.0201690517
1   4   3   6   0.0071229635
1   5   1   5   0.1536946636
1   5   2   4   0.0199322327
1   6   1   6   0.1545740380
1   6   3   4   0.0091705201
2   4   1   5   0.0199322327
2   4   2   4   0.1536946636
2   5   1   4   0.0201690517
2   5   2   5   0.1771699664
2   5   3   6   0.0002965998
2   6   2   6   0.1561743180
2   6   3   5   0.0043945919
3   4   1   6   0.0091705201
3   4   3   4   0.1545740380
3   5   2   6   0.0043945919
3   5   3   5   0.1561743180
3   6   1   4   0.0071229635
3   6   2   5   0.0002965998
3   6   3   6   0.1667016261

End IJKL Block
Begin IJAB Block
1   4   1   4   0.0101554082
1   4   2   5   0.0129872928
1   4   3   6   0.0134507396
1   5   1   6   -0.0001775603
1   5   3   4   0.0037735771
1   6   2   6   -0.0000991552
1   6   3   5   0.0017003902
2   4   1   6   0.0037735771
2   4   3   4   -0.0001775603
2   5   1   4   0.0271624479
2   5   2   5   0.0374039642
2   5   3   6   0.0194514245
2   6   1   5   0.0243566674
2   6   2   4   -0.0160487736
3   4   2   6   0.0017003902
3   4   3   5   -0.0000991552
3   5   1   5   -0.0160487736
3   5   2   4   0.0243566674
3   6   1   4   0.0310821312
3   6   2   5   0.0250993417
3   6   3   6   0.0142638920

End IJAB Block
Begin ABCD Block
1   4   1   4   0.1585659418
1   4   2   5   0.0028621598
1   4   3   6   0.0370442374
1   5   1   5   0.1497425508
1   5   2   4   0.0065367026
1   6   1   6   0.1448411385
1   6   3   4   0.0378132147
2   4   1   5   0.0065367026
2   4   2   4   0.1497425508
2   5   1   4   0.0028621598
2   5   2   5   0.1602630019
2   5   3   6   0.0386408807
2   6   2   6   0.1448341961
2   6   3   5   0.0389056351
3   4   1   6   0.0378132147
3   4   3   4   0.1448411385
3   5   2   6   0.0389056351
3   5   3   5   0.1448341961
3   6   1   4   0.0370442374
3   6   2   5   0.0386408807
3   6   3   6   0.1467336569

End ABCD Block
Begin AIJB Block
1   4   1   4   0.0075424249
1   4   2   6   0.0017403998
1   5   1   6   -0.0021701095
1   5   2   4   0.0274408669
1   5   3   5   -0.0168913781
1   6   2   5   0.0201906497
1   6   3   4   0.0290405489
2   4   1   5   0.0107675180
2   4   3   6   0.0030314068
2   5   2   5   0.0319075879
2   5   3   4   0.0201906497
2   6   1   6   0.0018427125
2   6   2   4   -0.0168913781
2   6   3   5   0.0271945241
3   4   1   6   0.0083437385
3   4   2   4   -0.0021701095
3   4   3   5   0.0018427125
3   5   1   4   0.0017403998
3   5   2   6   0.0154178397
3   6   1   5   0.0030314068
3   6   3   6   0.0149905160

1   4   4   1   -0.1605631841
1   4   5   3   0.0123718417
1   5   4   3   0.0120172959
1   5   5   1   -0.1603088281
1   5   6   2   -0.0037018214
1   6   5   2   -0.0002386211
1   6   6   1   -0.1611540980
2   4   4   2   -0.1466177301
2   4   6   3   -0.0104259344
2   5   5   2   -0.1671069202
2   5   6   1   -0.0002386211
2   6   4   3   -0.0104788487
2   6   5   1   -0.0037018214
2   6   6   2   -0.1578890814
3   4   4   3   -0.1463704774
3   4   5   1   0.0120172959
3   4   6   2   -0.0104788487
3   5   4   1   0.0123718417
3   5   5   3   -0.1485172823
3   6   4   2   -0.0104259344
3   6   6   3   -0.1480349712

End AIJB Block
Begin IJKA Block
1   4   1   5   -0.0140555842
1   4   3   6   -0.0029718211
1   5   2   5   -0.0187248627
1   5   3   4   0.0070174371
1   6   1   6   -0.0182136605
1   6   2   4   0.0104039169
1   6   3   5   0.0119335396
2   4   2   5   -0.0119041795
2   4   3   4   -0.0011997700
2   5   1   5   -0.0181749170
2   5   3   6   0.0024465936
2   6   1   4   0.0106852064
2   6   2   6   0.0026596259
3   4   1   6   -0.0025376341
3   4   2   4   -0.0007702372
3   4   3   5   0.0001700367
3   5   1   4   0.0076076009
3   5   2   6   0.0023504354
3   6   1   5   0.0118345315
3   6   3   6   -0.0020854024

End IJKA Block
Begin IABC Block
1   4   1   5   0.0012629150
1   4   2   4   -0.0013165262
1   5   1   4   0.0007635844
1   5   2   5   -0.0048167459
1   5   3   6   0.0046242024
1   6   2   6   0.0013299640
1   6   3   5   0.0046819339
2   4   2   6   0.0257607097
2   4   3   5   0.0070682324
2   5   1   6   0.0262788227
2   5   3   4   0.0070714365
2   6   1   5   0.0270604554
2   6   2   4   0.0265690734
3   4   1   6   -0.0270649051
3   4   3   4   -0.0051694644
3   5   2   6   0.0275063948
3   5   3   5   0.0059382845
3   6   1   4   -0.0275079095
3   6   2   5   0.0280005064
3   6   3   6   0.0000756305

End IABC Block
