Begin IJ Block
1   1   -2.9617466723
2   2   -2.9771111287
3   3   -2.9771110084
4   4   -2.8205874954
5   5   -2.8205873530

End IJ Block
Begin IA Block
1   2   0.0000000014
3   3   0.0000001834

End IA Block
Begin AB Block
1   1   -2.4508710350
2   2   -2.4508708856
3   3   -1.7100582786

End AB Block
Begin IJKL Block
1   6   1   6   0.3038595857
1   6   2   7   0.0034587763
1   6   3   8   0.0034587750
1   6   4   9   0.0830625668
1   6   5   10   0.0830625239
1   7   1   7   0.2740691739
1   7   2   6   0.0047329921
1   8   1   8   0.2740691567
1   8   3   6   0.0047329909
1   9   1   9   0.2971638233
1   9   4   6   0.0830826705
1   10   1   10   0.2971638116
1   10   5   6   0.0830826287
2   6   1   7   0.0047329921
2   6   2   6   0.2740691739
2   7   1   6   0.0034587763
2   7   2   7   0.2912663258
2   7   3   8   0.0101316639
2   7   4   9   0.0043452970
2   7   4   10   -0.0000000045
2   7   5   9   -0.0000000045
2   7   5   10   0.0028100346
2   8   2   8   0.2694821233
2   8   3   7   0.0116525111
2   8   4   9   0.0000000045
2   8   4   10   0.0007318737
2   8   5   9   0.0008033887
2   8   5   10   -0.0000000045
2   9   2   9   0.2708832575
2   9   2   10   0.0000000063
2   9   3   9   -0.0000000063
2   9   3   10   -0.0014475933
2   9   4   7   0.0056482353
2   9   4   8   0.0000000037
2   9   5   7   -0.0000000037
2   9   5   8   0.0006350393
2   10   2   9   0.0000000063
2   10   2   10   0.2730485622
2   10   3   9   -0.0007177140
2   10   3   10   0.0000000063
2   10   4   7   -0.0000000037
2   10   4   8   0.0006232088
2   10   5   7   0.0043899874
2   10   5   8   -0.0000000037
3   6   1   8   0.0047329909
3   6   3   6   0.2740691567
3   7   2   8   0.0116525111
3   7   3   7   0.2694821233
3   7   4   9   0.0000000045
3   7   4   10   0.0008033887
3   7   5   9   0.0007318737
3   7   5   10   -0.0000000045
3   8   1   6   0.0034587750
3   8   2   7   0.0101316639
3   8   3   8   0.2912663091
3   8   4   9   0.0028100337
3   8   4   10   0.0000000045
3   8   5   9   0.0000000045
3   8   5   10   0.0043452960
3   9   2   9   -0.0000000063
3   9   2   10   -0.0007177140
3   9   3   9   0.2730485537
3   9   3   10   -0.0000000063
3   9   4   7   0.0000000037
3   9   4   8   0.0043899866
3   9   5   7   0.0006232088
3   9   5   8   0.0000000037
3   10   2   9   -0.0014475933
3   10   2   10   0.0000000063
3   10   3   9   -0.0000000063
3   10   3   10   0.2708832296
3   10   4   7   0.0006350393
3   10   4   8   0.0000000037
3   10   5   7   -0.0000000037
3   10   5   8   0.0056482341
4   6   1   9   0.0830826705
4   6   4   6   0.2971638233
4   7   2   9   0.0056482353
4   7   2   10   -0.0000000037
4   7   3   9   0.0000000037
4   7   3   10   0.0006350393
4   7   4   7   0.2708832575
4   7   4   8   -0.0000000063
4   7   5   7   0.0000000063
4   7   5   8   -0.0014475933
4   8   2   9   0.0000000037
4   8   2   10   0.0006232088
4   8   3   9   0.0043899866
4   8   3   10   0.0000000037
4   8   4   7   -0.0000000063
4   8   4   8   0.2730485537
4   8   5   7   -0.0007177140
4   8   5   8   -0.0000000063
4   9   1   6   0.0830625668
4   9   2   7   0.0043452970
4   9   2   8   0.0000000045
4   9   3   7   0.0000000045
4   9   3   8   0.0028100337
4   9   4   9   0.3139731320
4   9   5   10   0.0199769513
4   10   2   7   -0.0000000045
4   10   2   8   0.0007318737
4   10   3   7   0.0008033887
4   10   3   8   0.0000000045
4   10   4   10   0.2722714371
4   10   5   9   0.0217247645
5   6   1   10   0.0830826287
5   6   5   6   0.2971638116
5   7   2   9   -0.0000000037
5   7   2   10   0.0043899874
5   7   3   9   0.0006232088
5   7   3   10   -0.0000000037
5   7   4   7   0.0000000063
5   7   4   8   -0.0007177140
5   7   5   7   0.2730485622
5   7   5   8   0.0000000063
5   8   2   9   0.0006350393
5   8   2   10   -0.0000000037
5   8   3   9   0.0000000037
5   8   3   10   0.0056482341
5   8   4   7   -0.0014475933
5   8   4   8   -0.0000000063
5   8   5   7   0.0000000063
5   8   5   8   0.2708832296
5   9   2   7   -0.0000000045
5   9   2   8   0.0008033887
5   9   3   7   0.0007318737
5   9   3   8   0.0000000045
5   9   4   10   0.0217247645
5   9   5   9   0.2722714371
5   10   1   6   0.0830625239
5   10   2   7   0.0028100346
5   10   2   8   -0.0000000045
5   10   3   7   -0.0000000045
5   10   3   8   0.0043452960
5   10   4   9   0.0199769513
5   10   5   10   0.3139731297

End IJKL Block
Begin IJAB Block
1   6   1   4   0.0361377052
1   6   2   5   0.0361377064
1   6   3   6   0.0026496884
1   7   1   6   0.0009694334
1   7   2   6   -0.0000000027
1   7   3   4   -0.0011821327
1   7   3   5   0.0000000034
1   8   1   6   0.0000000027
1   8   2   6   0.0009694332
1   8   3   4   -0.0000000034
1   8   3   5   -0.0011821338
2   6   1   6   -0.0011821327
2   6   2   6   0.0000000034
2   6   3   4   0.0009694334
2   6   3   5   -0.0000000027
2   7   1   4   0.0048998029
2   7   1   5   -0.0000000032
2   7   2   4   -0.0000000032
2   7   2   5   0.0037653738
2   7   3   6   0.0072923613
2   8   1   4   0.0000000032
2   8   1   5   0.0001776400
2   8   2   4   0.0009567876
2   8   2   5   -0.0000000032
3   6   1   6   -0.0000000034
3   6   2   6   -0.0011821338
3   6   3   4   0.0000000027
3   6   3   5   0.0009694332
3   7   1   4   0.0000000032
3   7   1   5   0.0009567876
3   7   2   4   0.0001776400
3   7   2   5   -0.0000000032
3   8   1   4   0.0037653727
3   8   1   5   0.0000000032
3   8   2   4   0.0000000032
3   8   2   5   0.0048998029
3   8   3   6   0.0072923649
4   9   1   4   0.0361374380
4   9   1   5   -0.0000000024
4   9   2   4   -0.0000000024
4   9   2   5   0.0621127734
4   9   3   6   0.0020776161
4   10   1   4   0.0000000024
4   10   1   5   -0.0357912109
4   10   2   4   0.0098158574
4   10   2   5   -0.0000000024
5   9   1   4   0.0000000024
5   9   1   5   0.0098158574
5   9   2   4   -0.0357912109
5   9   2   5   -0.0000000024
5   10   1   4   0.0621127914
5   10   1   5   0.0000000024
5   10   2   4   0.0000000024
5   10   2   5   0.0361374303
5   10   3   6   0.0020776128

End IJAB Block
Begin ABCD Block
1   4   1   4   0.2818699933
1   4   2   5   0.0124413270
1   4   3   6   0.0016337243
1   5   1   5   0.2567952423
1   5   2   4   0.0126334139
1   6   1   6   0.1859418485
1   6   3   4   0.0018696550
2   4   1   5   0.0126334139
2   4   2   4   0.2567952423
2   5   1   4   0.0124413270
2   5   2   5   0.2818699694
2   5   3   6   0.0016337276
2   6   2   6   0.1859418604
2   6   3   5   0.0018696583
3   4   1   6   0.0018696550
3   4   3   4   0.1859418485
3   5   2   6   0.0018696583
3   5   3   5   0.1859418604
3   6   1   4   0.0016337243
3   6   2   5   0.0016337276
3   6   3   6   0.1714106734

End ABCD Block
Begin AIJB Block
1   6   1   4   0.0342215744
1   6   2   6   -0.0002749185
1   6   3   6   -0.0000000008
1   7   1   6   0.0014171789
1   7   2   4   0.0063654360
1   7   2   5   -0.0000000060
1   7   3   4   0.0000000060
1   7   3   5   0.0014958180
1   8   1   6   0.0000000040
1   8   2   4   0.0000000060
1   8   2   5   0.0006038255
1   8   3   4   0.0042657891
1   8   3   5   0.0000000060
1   9   4   4   0.0403909951
1   9   4   5   -0.0000000017
1   9   5   4   0.0000000017
1   9   5   5   0.0141704925
1   10   4   4   0.0000000017
1   10   4   5   -0.0318805427
1   10   5   4   0.0581010471
1   10   5   5   0.0000000017
2   6   1   5   0.0342215722
2   6   2   6   0.0000000008
2   6   3   6   -0.0002749192
2   7   1   6   -0.0000000040
2   7   2   4   -0.0000000060
2   7   2   5   0.0042657902
2   7   3   4   0.0006038255
2   7   3   5   -0.0000000060
2   8   1   6   0.0014171789
2   8   2   4   0.0014958180
2   8   2   5   -0.0000000060
2   8   3   4   0.0000000060
2   8   3   5   0.0063654367
2   9   4   4   -0.0000000017
2   9   4   5   0.0581010266
2   9   5   4   -0.0318805427
2   9   5   5   -0.0000000017
2   10   4   4   0.0141704925
2   10   4   5   -0.0000000017
2   10   5   4   0.0000000017
2   10   5   5   0.0403909874
3   6   1   6   0.0023248307
3   6   2   4   0.0014171789
3   6   2   5   -0.0000000040
3   6   3   4   0.0000000040
3   6   3   5   0.0014171789
3   7   1   4   -0.0002749185
3   7   1   5   0.0000000008
3   7   2   6   0.0062093650
3   8   1   4   -0.0000000008
3   8   1   5   -0.0002749192
3   8   3   6   0.0062093683
3   9   4   6   0.0020941288
3   10   5   6   0.0020941258

1   6   6   1   -0.2855083759
1   6   7   3   -0.0003192225
1   6   8   3   -0.0000000009
1   7   6   3   -0.0002125789
1   7   7   1   -0.2678446344
1   7   7   2   0.0000000167
1   7   8   1   -0.0000000167
1   7   8   2   -0.0025210061
1   8   6   3   -0.0000000006
1   8   7   1   -0.0000000167
1   8   7   2   -0.0033803875
1   8   8   1   -0.2619432169
1   8   8   2   -0.0000000167
1   9   9   1   -0.2703717758
1   9   9   2   0.0000000025
1   9   10   1   -0.0000000025
1   9   10   2   0.0137732623
1   10   9   1   -0.0000000025
1   10   9   2   0.0130184002
1   10   10   1   -0.2971634277
1   10   10   2   -0.0000000025
2   6   6   2   -0.2855083666
2   6   7   3   0.0000000009
2   6   8   3   -0.0003192229
2   7   6   3   0.0000000006
2   7   7   1   0.0000000167
2   7   7   2   -0.2619432238
2   7   8   1   -0.0033803875
2   7   8   2   0.0000000167
2   8   6   3   -0.0002125792
2   8   7   1   -0.0025210061
2   8   7   2   0.0000000167
2   8   8   1   -0.0000000167
2   8   8   2   -0.2678446141
2   9   9   1   0.0000000025
2   9   9   2   -0.2971634108
2   9   10   1   0.0130184002
2   9   10   2   0.0000000025
2   10   9   1   0.0137732623
2   10   9   2   0.0000000025
2   10   10   1   -0.0000000025
2   10   10   2   -0.2703717590
3   6   6   3   -0.1901631495
3   6   7   1   -0.0002125789
3   6   7   2   0.0000000006
3   6   8   1   -0.0000000006
3   6   8   2   -0.0002125792
3   7   6   1   -0.0003192225
3   7   6   2   0.0000000009
3   7   7   3   -0.1954751788
3   8   6   1   -0.0000000009
3   8   6   2   -0.0003192229
3   8   8   3   -0.1954751940
3   9   9   3   -0.1898334604
3   10   10   3   -0.1898334387

End AIJB Block
Begin IJKA Block
1   6   1   5   0.0000000028
1   6   3   6   -0.0000000006
1   7   2   4   -0.0000000049
1   7   2   5   0.0008330734
1   7   3   4   0.0008330734
1   7   3   5   0.0000000049
1   8   1   6   -0.0000000209
1   8   2   4   0.0008330736
1   8   2   5   0.0000000049
1   8   3   4   0.0000000049
1   8   3   5   -0.0008330726
1   9   4   4   -0.0000000038
1   9   4   5   0.0495533627
1   9   5   4   0.0495533629
1   9   5   5   0.0000000038
1   10   4   4   0.0495533764
1   10   4   5   0.0000000038
1   10   5   4   0.0000000038
1   10   5   5   -0.0495533551
2   6   2   4   0.0000000093
2   6   2   5   -0.0015645406
2   6   3   4   -0.0015645392
2   6   3   5   -0.0000000093
2   7   1   4   -0.0000000045
2   7   1   5   0.0007596878
2   7   2   6   0.0000000209
2   7   3   6   -0.0023865563
2   8   1   4   0.0007596879
2   8   1   5   0.0000000045
2   8   2   6   -0.0023865767
2   8   3   6   -0.0000000209
2   9   4   6   0.0000000001
2   9   5   6   -0.0000233526
2   10   4   6   -0.0000233530
2   10   5   6   -0.0000000001
3   6   1   6   -0.0000000006
3   6   2   4   -0.0015645393
3   6   2   5   -0.0000000093
3   6   3   4   -0.0000000093
3   6   3   5   0.0015645487
3   7   1   4   0.0007596878
3   7   1   5   0.0000000045
3   7   2   6   -0.0023865565
3   7   3   6   -0.0000000209
3   8   1   4   0.0000000045
3   8   1   5   -0.0007596869
3   8   2   6   -0.0000000209
3   8   3   6   0.0023865363
3   9   4   6   -0.0000233541
3   9   5   6   -0.0000000001
3   10   4   6   -0.0000000001
3   10   5   6   0.0000233515
4   6   4   4   -0.0000000017
4   6   4   5   0.0227187867
4   6   5   4   0.0227187971
4   6   5   5   0.0000000017
4   7   4   6   -0.0000000028
4   7   5   6   0.0009700943
4   8   4   6   0.0009700719
4   8   5   6   0.0000000028
4   9   1   4   -0.0000000039
4   9   1   5   0.0506233481
4   9   2   6   -0.0000000001
4   9   3   6   0.0000187357
4   10   1   4   0.0506233607
4   10   1   5   0.0000000039
4   10   2   6   0.0000187367
4   10   3   6   0.0000000001
5   6   4   4   0.0227187969
5   6   4   5   0.0000000017
5   6   5   4   0.0000000017
5   6   5   5   -0.0227187923
5   7   4   6   0.0009700944
5   7   5   6   0.0000000028
5   8   4   6   0.0000000028
5   8   5   6   -0.0009701163
5   9   1   4   0.0506233463
5   9   1   5   0.0000000039
5   9   2   6   0.0000187373
5   9   3   6   0.0000000001
5   10   1   4   0.0000000039
5   10   1   5   -0.0506233400
5   10   2   6   0.0000000001
5   10   3   6   -0.0000187383

End IJKA Block
Begin IABC Block
1   4   1   4   0.0000000048
1   4   1   5   -0.0182703997
1   4   2   4   -0.0182703997
1   4   2   5   -0.0000000048
1   5   1   4   -0.0182703988
1   5   1   5   -0.0000000048
1   5   2   4   -0.0000000048
1   5   2   5   0.0182703963
1   5   3   6   0.0000000019
1   6   2   6   0.0000000118
1   6   3   5   0.0000000018
2   4   1   6   -0.0000000034
2   4   2   6   0.0010833568
2   4   3   4   -0.0000000025
2   4   3   5   0.0008125278
2   5   1   6   0.0010833585
2   5   2   6   0.0000000034
2   5   3   4   0.0008125281
2   5   3   5   0.0000000025
2   6   1   4   -0.0000000031
2   6   1   5   0.0009981222
2   6   2   4   0.0009981208
2   6   2   5   0.0000000031
3   4   1   6   0.0010833555
3   4   2   6   0.0000000034
3   4   3   4   0.0008125072
3   4   3   5   0.0000000025
3   5   1   6   0.0000000034
3   5   2   6   -0.0010833585
3   5   3   4   0.0000000025
3   5   3   5   -0.0008125465
3   6   1   4   0.0009981193
3   6   1   5   0.0000000031
3   6   2   4   0.0000000031
3   6   2   5   -0.0009981223
3   6   3   6   0.0000000018

End IABC Block
