Begin IJ Block
1   1   -2.5761935872
2   2   -2.4909026999
3   3   -2.4909026999

End IJ Block
Begin IA Block
1   3   -0.0000000071
2   1   0.0000000064
2   2   -0.0000000015
3   1   0.0000000015
3   2   0.0000000064

End IA Block
Begin AB Block
1   1   -2.3816760730
2   2   -2.3816760730
3   3   -2.3906437022

End AB Block
Begin IJKL Block
1   4   1   4   0.4614012095
1   4   2   5   0.0152765658
1   4   3   6   0.0152765658
1   5   1   5   0.4251140613
1   5   2   4   0.0149245251
1   6   1   6   0.4251140613
1   6   3   4   0.0149245251
2   4   1   5   0.0149245251
2   4   2   4   0.4251140613
2   5   1   4   0.0152765658
2   5   2   5   0.4485643046
2   5   3   6   0.0147962997
2   6   2   6   0.4202770188
2   6   3   5   0.0134909861
3   4   1   6   0.0149245251
3   4   3   4   0.4251140613
3   5   2   6   0.0134909861
3   5   3   5   0.4202770188
3   6   1   4   0.0152765658
3   6   2   5   0.0147962997
3   6   3   6   0.4485643046

End IJKL Block
Begin IJAB Block
1   4   1   4   0.0197550859
1   4   2   5   0.0197550859
1   4   3   6   0.1982845122
1   5   1   6   -0.0198093653
1   5   2   6   0.0044827313
1   5   3   4   -0.1662241968
1   5   3   5   0.0376154610
1   6   1   6   -0.0044827313
1   6   2   6   -0.0198093653
1   6   3   4   -0.0376154610
1   6   3   5   -0.1662241968
2   4   1   6   -0.1662241968
2   4   2   6   0.0376154610
2   4   3   4   -0.0198093653
2   4   3   5   0.0044827313
2   5   1   4   0.2160213879
2   5   1   5   -0.0441659014
2   5   2   4   -0.0441659014
2   5   2   5   0.0308449960
2   5   3   6   0.0206169697
2   6   1   4   0.0441659014
2   6   1   5   0.1721308248
2   6   2   4   0.0130455672
2   6   2   5   -0.0441659014
3   4   1   6   -0.0376154610
3   4   2   6   -0.1662241968
3   4   3   4   -0.0044827313
3   4   3   5   -0.0198093653
3   5   1   4   0.0441659014
3   5   1   5   0.0130455672
3   5   2   4   0.1721308248
3   5   2   5   -0.0441659014
3   6   1   4   0.0308449960
3   6   1   5   0.0441659014
3   6   2   4   0.0441659014
3   6   2   5   0.2160213879
3   6   3   6   0.0206169697

End IJAB Block
Begin ABCD Block
1   4   1   4   0.4388795946
1   4   2   5   0.0133727273
1   4   3   6   0.0147102761
1   5   1   5   0.4083723382
1   5   2   4   0.0171345292
1   6   1   6   0.4214740598
1   6   3   4   0.0176553963
2   4   1   5   0.0171345292
2   4   2   4   0.4083723382
2   5   1   4   0.0133727273
2   5   2   5   0.4388795946
2   5   3   6   0.0147102761
2   6   2   6   0.4214740598
2   6   3   5   0.0176553963
3   4   1   6   0.0176553963
3   4   3   4   0.4214740598
3   5   2   6   0.0176553963
3   5   3   5   0.4214740598
3   6   1   4   0.0147102761
3   6   2   5   0.0147102761
3   6   3   6   0.4674987332

End ABCD Block
Begin AIJB Block
1   4   1   4   0.0212458651
1   4   2   6   -0.1662466342
1   4   3   6   -0.0376205384
1   5   1   6   -0.0155768371
1   5   2   4   0.2087427911
1   5   2   5   -0.0425095417
1   5   3   4   0.0425095417
1   5   3   5   0.0084173997
1   6   1   6   -0.0035249375
1   6   2   4   0.0425095417
1   6   2   5   0.1698142973
1   6   3   4   0.0305110942
1   6   3   5   0.0425095417
2   4   1   5   0.0212458651
2   4   2   6   0.0376205384
2   4   3   6   -0.1662466342
2   5   1   6   0.0035249375
2   5   2   4   -0.0425095417
2   5   2   5   0.0305110942
2   5   3   4   0.1698142973
2   5   3   5   -0.0425095417
2   6   1   6   -0.0155768371
2   6   2   4   0.0084173997
2   6   2   5   -0.0425095417
2   6   3   4   0.0425095417
2   6   3   5   0.2087427911
3   4   1   6   0.1988579425
3   4   2   4   -0.0155768371
3   4   2   5   0.0035249375
3   4   3   4   -0.0035249375
3   4   3   5   -0.0155768371
3   5   1   4   -0.1662466342
3   5   1   5   0.0376205384
3   5   2   6   0.0231581699
3   6   1   4   -0.0376205384
3   6   1   5   -0.1662466342
3   6   3   6   0.0231581699

1   4   4   1   -0.4261052986
1   4   5   3   0.0140640795
1   4   6   3   0.0031826103
1   5   4   3   0.0178594207
1   5   5   1   -0.4527500591
1   5   5   2   0.0070365541
1   5   6   1   -0.0070365541
1   5   6   2   -0.0176081396
1   6   4   3   0.0040414714
1   6   5   1   -0.0070365541
1   6   5   2   -0.0118943422
1   6   6   1   -0.4232475772
1   6   6   2   -0.0070365541
2   4   4   2   -0.4261052986
2   4   5   3   -0.0031826103
2   4   6   3   0.0140640795
2   5   4   3   -0.0040414714
2   5   5   1   0.0070365541
2   5   5   2   -0.4232475772
2   5   6   1   -0.0118943422
2   5   6   2   0.0070365541
2   6   4   3   0.0178594207
2   6   5   1   -0.0176081396
2   6   5   2   0.0070365541
2   6   6   1   -0.0070365541
2   6   6   2   -0.4527500591
3   4   4   3   -0.4743119032
3   4   5   1   0.0178594207
3   4   5   2   -0.0040414714
3   4   6   1   0.0040414714
3   4   6   2   0.0178594207
3   5   4   1   0.0140640795
3   5   4   2   -0.0031826103
3   5   5   3   -0.4382009769
3   6   4   1   0.0031826103
3   6   4   2   0.0140640795
3   6   6   3   -0.4382009769

End AIJB Block
Begin IJKA Block
1   4   1   6   0.0000000009
1   4   2   4   -0.0000000000
1   4   2   5   0.0000000000
1   4   3   4   -0.0000000000
1   4   3   5   -0.0000000000
1   5   1   4   -0.0000000010
1   5   1   5   0.0000000002
1   5   2   6   0.0000000001
1   6   1   4   -0.0000000002
1   6   1   5   -0.0000000010
1   6   3   6   0.0000000001
2   4   1   4   -0.0000000000
2   4   1   5   0.0000000000
2   4   2   6   0.0000000016
2   5   1   6   0.0000000001
2   5   2   4   -0.0000000020
2   5   2   5   0.0000000005
2   5   3   4   -0.0000000000
2   5   3   5   -0.0000000002
2   6   2   4   -0.0000000004
2   6   2   5   -0.0000000017
2   6   3   4   -0.0000000001
2   6   3   5   0.0000000000
3   4   1   4   -0.0000000000
3   4   1   5   -0.0000000000
3   4   3   6   0.0000000016
3   5   2   4   -0.0000000000
3   5   2   5   -0.0000000001
3   5   3   4   -0.0000000017
3   5   3   5   0.0000000004
3   6   1   6   0.0000000001
3   6   2   4   -0.0000000002
3   6   2   5   0.0000000000
3   6   3   4   -0.0000000005
3   6   3   5   -0.0000000020

End IJKA Block
Begin IABC Block
1   4   1   6   0.0000000000
1   4   3   4   -0.0000000011
1   5   2   6   0.0000000000
1   5   3   5   -0.0000000011
1   6   1   4   -0.0000000000
1   6   2   5   -0.0000000000
1   6   3   6   -0.0000000003
2   4   1   4   0.0000000014
2   4   1   5   -0.0000000000
2   4   2   4   -0.0000000003
2   4   2   5   0.0000000001
2   4   3   6   0.0000000000
2   5   1   4   -0.0000000000
2   5   1   5   0.0000000013
2   5   2   4   0.0000000000
2   5   2   5   -0.0000000003
2   6   1   6   0.0000000007
2   6   2   6   -0.0000000002
2   6   3   4   -0.0000000000
2   6   3   5   0.0000000000
3   4   1   4   0.0000000003
3   4   1   5   0.0000000000
3   4   2   4   0.0000000013
3   4   2   5   0.0000000000
3   5   1   4   0.0000000001
3   5   1   5   0.0000000003
3   5   2   4   0.0000000000
3   5   2   5   0.0000000014
3   5   3   6   0.0000000000
3   6   1   6   0.0000000002
3   6   2   6   0.0000000007
3   6   3   4   -0.0000000000
3   6   3   5   -0.0000000000

End IABC Block
