Begin IJ Block
1   1   -27.2499976877
1   3   0.4605869823
1   4   0.0000000001
1   5   0.2150430912
2   2   -27.2504361578
2   3   0.0000000001
2   4   -0.4945290836
2   5   0.0000000000
3   3   -8.9336649876
3   5   0.7577171907
4   4   -7.4942246060
5   5   -7.5414090660
6   6   -7.3926812152
7   7   -7.3926812152

End IJ Block
Begin IA Block
1   3   -0.0000000000
1   4   0.0900977192
2   3   0.2463602207
2   4   0.0000000000
3   4   0.4307373463
4   3   0.8907739146
4   4   -0.0000000000
5   4   -1.5643080539
6   5   -1.7792005241
6   6   -0.0302966553
7   5   0.0302966553
7   6   -1.7792005241

End IA Block
Begin AB Block
1   1   -6.9058388349
1   5   0.0000000000
2   2   -6.9058388349
2   6   0.0000000000
3   3   -5.9941330465
3   4   -0.0000000000
4   4   -5.1182616657
5   5   -5.7697649142
6   6   -5.7697649142

End AB Block
Begin IJKL Block
1   8   1   8   2.2641620347
1   8   1   9   -0.0000000006
1   8   1   10   -0.1910416727
1   8   1   11   -0.0000000001
1   8   1   12   -0.0680420763
1   8   2   8   -0.0000000006
1   8   2   9   1.8613106648
1   8   2   10   0.0000000000
1   8   2   11   0.1897972549
1   8   2   12   0.0000000000
1   8   3   8   -0.1910416727
1   8   3   9   0.0000000000
1   8   3   10   0.0311422264
1   8   3   11   0.0000000000
1   8   3   12   0.0041637744
1   8   4   8   -0.0000000001
1   8   4   9   0.1897972549
1   8   4   10   0.0000000000
1   8   4   11   0.0308784644
1   8   4   12   0.0000000000
1   8   5   8   -0.0680420763
1   8   5   9   0.0000000000
1   8   5   10   0.0041637744
1   8   5   11   0.0000000000
1   8   5   12   0.0168574616
1   8   6   13   0.0113969190
1   8   7   14   0.0113969190
1   9   1   8   -0.0000000006
1   9   1   9   2.2643710706
1   9   1   10   0.0000000000
1   9   1   11   0.1941942273
1   9   1   12   0.0000000000
1   9   2   8   1.8613106648
1   9   2   9   0.0000000006
1   9   2   10   -0.1961155983
1   9   2   11   0.0000000000
1   9   2   12   -0.0566103140
1   9   3   8   0.0000000000
1   9   3   9   -0.1910724185
1   9   3   11   -0.0270212515
1   9   4   8   0.1897972549
1   9   4   9   0.0000000000
1   9   4   10   -0.0271337332
1   9   4   12   -0.0144407146
1   9   5   8   0.0000000000
1   9   5   9   -0.0680484727
1   9   5   11   -0.0146936741
1   10   1   8   -0.1910416727
1   10   1   9   0.0000000000
1   10   1   10   0.7442949034
1   10   1   11   0.0000000001
1   10   1   12   -0.0680976484
1   10   2   8   0.0000000000
1   10   2   9   -0.1961155983
1   10   2   11   -0.2222166144
1   10   3   8   0.0311422264
1   10   3   10   0.0001391011
1   10   3   11   -0.0000000000
1   10   3   12   -0.0069840566
1   10   4   8   0.0000000000
1   10   4   9   -0.0271337332
1   10   4   10   -0.0000000000
1   10   4   11   -0.0050017275
1   10   5   8   0.0041637744
1   10   5   10   -0.0225740657
1   10   5   12   0.0157876063
1   10   6   13   0.0145109449
1   10   7   14   0.0145109449
1   11   1   8   -0.0000000001
1   11   1   9   0.1941942273
1   11   1   10   0.0000000001
1   11   1   11   0.6549166264
1   11   1   12   0.0000000001
1   11   2   8   0.1897972549
1   11   2   9   0.0000000000
1   11   2   10   -0.2222166144
1   11   2   12   -0.2390401904
1   11   3   8   0.0000000000
1   11   3   9   -0.0270212515
1   11   3   10   -0.0000000000
1   11   3   11   -0.0112455804
1   11   3   12   -0.0000000000
1   11   4   8   0.0308784644
1   11   4   10   -0.0050017275
1   11   4   12   0.0020786781
1   11   5   8   0.0000000000
1   11   5   9   -0.0146936741
1   11   5   11   0.0050389690
1   11   5   12   0.0000000000
1   11   6   13   0.0000000000
1   11   7   14   0.0000000000
1   12   1   8   -0.0680420763
1   12   1   9   0.0000000000
1   12   1   10   -0.0680976484
1   12   1   11   0.0000000001
1   12   1   12   0.6708288144
1   12   2   8   0.0000000000
1   12   2   9   -0.0566103140
1   12   2   11   -0.2390401904
1   12   3   8   0.0041637744
1   12   3   10   -0.0069840566
1   12   3   11   -0.0000000000
1   12   3   12   -0.0072544469
1   12   4   8   0.0000000000
1   12   4   9   -0.0144407146
1   12   4   11   0.0020786781
1   12   5   8   0.0168574616
1   12   5   10   0.0157876063
1   12   5   11   0.0000000000
1   12   5   12   0.0015387294
1   12   6   13   0.0033257970
1   12   7   14   0.0033257970
1   13   1   13   0.6330945106
1   13   3   13   -0.0017118372
1   13   4   13   -0.0000000000
1   13   5   13   -0.0080591759
1   13   6   8   0.0113969190
1   13   6   10   0.0145109449
1   13   6   11   0.0000000000
1   13   6   12   0.0033257970
1   14   1   14   0.6330945106
1   14   3   14   -0.0017118372
1   14   4   14   -0.0000000000
1   14   5   14   -0.0080591759
1   14   7   8   0.0113969190
1   14   7   10   0.0145109449
1   14   7   11   0.0000000000
1   14   7   12   0.0033257970
2   8   1   8   -0.0000000006
2   8   1   9   1.8613106648
2   8   1   10   0.0000000000
2   8   1   11   0.1897972549
2   8   1   12   0.0000000000
2   8   2   8   2.2643710706
2   8   2   9   0.0000000006
2   8   2   10   -0.1910724185
2   8   2   11   0.0000000000
2   8   2   12   -0.0680484727
2   8   3   8   0.0000000000
2   8   3   9   -0.1961155983
2   8   3   11   -0.0271337332
2   8   4   8   0.1941942273
2   8   4   9   0.0000000000
2   8   4   10   -0.0270212515
2   8   4   12   -0.0146936741
2   8   5   8   0.0000000000
2   8   5   9   -0.0566103140
2   8   5   11   -0.0144407146
2   9   1   8   1.8613106648
2   9   1   9   0.0000000006
2   9   1   10   -0.1961155983
2   9   1   11   0.0000000000
2   9   1   12   -0.0566103140
2   9   2   8   0.0000000006
2   9   2   9   2.2645801426
2   9   2   10   -0.0000000001
2   9   2   11   0.1942223299
2   9   2   12   -0.0000000000
2   9   3   8   -0.1961155983
2   9   3   9   -0.0000000001
2   9   3   10   0.0310215130
2   9   3   11   -0.0000000000
2   9   3   12   0.0044557923
2   9   4   8   0.0000000000
2   9   4   9   0.1942223299
2   9   4   10   -0.0000000000
2   9   4   11   0.0309818985
2   9   4   12   -0.0000000000
2   9   5   8   -0.0566103140
2   9   5   9   -0.0000000000
2   9   5   10   0.0044557923
2   9   5   11   -0.0000000000
2   9   5   12   0.0162045539
2   9   6   13   0.0110974660
2   9   7   14   0.0110974660
2   10   1   8   0.0000000000
2   10   1   9   -0.1961155983
2   10   1   11   -0.2222166144
2   10   2   8   -0.1910724185
2   10   2   9   -0.0000000001
2   10   2   10   0.7442842168
2   10   2   11   -0.0000000001
2   10   2   12   -0.0680809885
2   10   3   9   0.0310215130
2   10   3   11   0.0083660423
2   10   3   12   -0.0000000000
2   10   4   8   -0.0270212515
2   10   4   9   -0.0000000000
2   10   4   10   0.0155472099
2   10   4   12   -0.0056174013
2   10   5   9   0.0044557923
2   10   5   10   -0.0000000000
2   10   5   11   -0.0017454579
2   10   5   12   0.0000000000
2   10   6   13   0.0000000000
2   10   7   14   0.0000000000
2   11   1   8   0.1897972549
2   11   1   9   0.0000000000
2   11   1   10   -0.2222166144
2   11   1   12   -0.2390401904
2   11   2   8   0.0000000000
2   11   2   9   0.1942223299
2   11   2   10   -0.0000000001
2   11   2   11   0.6549340871
2   11   2   12   -0.0000000001
2   11   3   8   -0.0271337332
2   11   3   9   -0.0000000000
2   11   3   10   0.0083660423
2   11   3   11   -0.0000000000
2   11   3   12   0.0113085685
2   11   4   9   0.0309818985
2   11   4   11   0.0051066217
2   11   5   8   -0.0144407146
2   11   5   9   -0.0000000000
2   11   5   10   -0.0017454579
2   11   5   12   -0.0154328714
2   11   6   13   -0.0110831206
2   11   7   14   -0.0110831206
2   12   1   8   0.0000000000
2   12   1   9   -0.0566103140
2   12   1   11   -0.2390401904
2   12   2   8   -0.0680484727
2   12   2   9   -0.0000000000
2   12   2   10   -0.0680809885
2   12   2   11   -0.0000000001
2   12   2   12   0.6708387969
2   12   3   9   0.0044557923
2   12   3   10   -0.0000000000
2   12   3   11   0.0113085685
2   12   3   12   -0.0000000000
2   12   4   8   -0.0146936741
2   12   4   9   -0.0000000000
2   12   4   10   -0.0056174013
2   12   4   12   0.0045340182
2   12   5   9   0.0162045539
2   12   5   10   0.0000000000
2   12   5   11   -0.0154328714
2   13   2   13   0.6330954244
2   13   4   13   0.0068033514
2   13   5   13   -0.0000000000
2   13   6   9   0.0110974660
2   13   6   10   0.0000000000
2   13   6   11   -0.0110831206
2   14   2   14   0.6330954244
2   14   4   14   0.0068033514
2   14   5   14   -0.0000000000
2   14   7   9   0.0110974660
2   14   7   10   0.0000000000
2   14   7   11   -0.0110831206
3   8   1   8   -0.1910416727
3   8   1   9   0.0000000000
3   8   1   10   0.0311422264
3   8   1   11   0.0000000000
3   8   1   12   0.0041637744
3   8   2   8   0.0000000000
3   8   2   9   -0.1961155983
3   8   2   11   -0.0271337332
3   8   3   8   0.7442949034
3   8   3   10   0.0001391011
3   8   3   11   -0.0000000000
3   8   3   12   -0.0225740657
3   8   4   8   0.0000000001
3   8   4   9   -0.2222166144
3   8   4   10   -0.0000000000
3   8   4   11   -0.0050017275
3   8   5   8   -0.0680976484
3   8   5   10   -0.0069840566
3   8   5   12   0.0157876063
3   8   6   13   0.0145109449
3   8   7   14   0.0145109449
3   9   1   8   0.0000000000
3   9   1   9   -0.1910724185
3   9   1   11   -0.0270212515
3   9   2   8   -0.1961155983
3   9   2   9   -0.0000000001
3   9   2   10   0.0310215130
3   9   2   11   -0.0000000000
3   9   2   12   0.0044557923
3   9   3   9   0.7442842168
3   9   3   11   0.0155472099
3   9   3   12   -0.0000000000
3   9   4   8   -0.2222166144
3   9   4   9   -0.0000000001
3   9   4   10   0.0083660423
3   9   4   12   -0.0017454579
3   9   5   9   -0.0680809885
3   9   5   10   -0.0000000000
3   9   5   11   -0.0056174013
3   9   5   12   0.0000000000
3   9   6   13   0.0000000000
3   9   7   14   0.0000000000
3   10   1   8   0.0311422264
3   10   1   10   0.0001391011
3   10   1   11   -0.0000000000
3   10   1   12   -0.0069840566
3   10   2   9   0.0310215130
3   10   2   11   0.0083660423
3   10   2   12   -0.0000000000
3   10   3   8   0.0001391011
3   10   3   10   0.6958536448
3   10   3   12   -0.1210659467
3   10   4   8   -0.0000000000
3   10   4   9   0.0083660423
3   10   4   11   0.0896691331
3   10   5   8   -0.0069840566
3   10   5   9   -0.0000000000
3   10   5   10   -0.1210659467
3   10   5   12   0.0744758840
3   10   6   13   0.0873597231
3   10   7   14   0.0873597231
3   11   1   8   0.0000000000
3   11   1   9   -0.0270212515
3   11   1   10   -0.0000000000
3   11   1   11   -0.0112455804
3   11   1   12   -0.0000000000
3   11   2   8   -0.0271337332
3   11   2   9   -0.0000000000
3   11   2   10   0.0083660423
3   11   2   11   -0.0000000000
3   11   2   12   0.0113085685
3   11   3   8   -0.0000000000
3   11   3   9   0.0155472099
3   11   3   11   0.5011816637
3   11   4   8   -0.0050017275
3   11   4   10   0.0896691331
3   11   4   12   0.1089177447
3   11   5   9   -0.0056174013
3   11   5   11   0.0021948088
3   12   1   8   0.0041637744
3   12   1   10   -0.0069840566
3   12   1   11   -0.0000000000
3   12   1   12   -0.0072544469
3   12   2   9   0.0044557923
3   12   2   10   -0.0000000000
3   12   2   11   0.0113085685
3   12   2   12   -0.0000000000
3   12   3   8   -0.0225740657
3   12   3   9   -0.0000000000
3   12   3   10   -0.1210659467
3   12   3   12   0.5388115783
3   12   4   9   -0.0017454579
3   12   4   11   0.1089177447
3   12   5   8   0.0157876063
3   12   5   9   0.0000000000
3   12   5   10   0.0744758840
3   12   5   12   -0.0253572459
3   12   6   13   0.0065883277
3   12   7   14   0.0065883277
3   13   1   13   -0.0017118372
3   13   3   13   0.5637921563
3   13   5   13   -0.0531530938
3   13   6   8   0.0145109449
3   13   6   9   0.0000000000
3   13   6   10   0.0873597231
3   13   6   12   0.0065883277
3   14   1   14   -0.0017118372
3   14   3   14   0.5637921563
3   14   5   14   -0.0531530938
3   14   7   8   0.0145109449
3   14   7   9   0.0000000000
3   14   7   10   0.0873597231
3   14   7   12   0.0065883277
4   8   1   8   -0.0000000001
4   8   1   9   0.1897972549
4   8   1   10   0.0000000000
4   8   1   11   0.0308784644
4   8   1   12   0.0000000000
4   8   2   8   0.1941942273
4   8   2   9   0.0000000000
4   8   2   10   -0.0270212515
4   8   2   12   -0.0146936741
4   8   3   8   0.0000000001
4   8   3   9   -0.2222166144
4   8   3   10   -0.0000000000
4   8   3   11   -0.0050017275
4   8   4   8   0.6549166264
4   8   4   10   -0.0112455804
4   8   4   12   0.0050389690
4   8   5   8   0.0000000001
4   8   5   9   -0.2390401904
4   8   5   10   -0.0000000000
4   8   5   11   0.0020786781
4   8   5   12   0.0000000000
4   8   6   13   0.0000000000
4   8   7   14   0.0000000000
4   9   1   8   0.1897972549
4   9   1   9   0.0000000000
4   9   1   10   -0.0271337332
4   9   1   12   -0.0144407146
4   9   2   8   0.0000000000
4   9   2   9   0.1942223299
4   9   2   10   -0.0000000000
4   9   2   11   0.0309818985
4   9   2   12   -0.0000000000
4   9   3   8   -0.2222166144
4   9   3   9   -0.0000000001
4   9   3   10   0.0083660423
4   9   3   12   -0.0017454579
4   9   4   9   0.6549340871
4   9   4   10   -0.0000000000
4   9   4   11   0.0051066217
4   9   5   8   -0.2390401904
4   9   5   9   -0.0000000001
4   9   5   10   0.0113085685
4   9   5   12   -0.0154328714
4   9   6   13   -0.0110831206
4   9   7   14   -0.0110831206
4   10   1   8   0.0000000000
4   10   1   9   -0.0271337332
4   10   1   10   -0.0000000000
4   10   1   11   -0.0050017275
4   10   2   8   -0.0270212515
4   10   2   9   -0.0000000000
4   10   2   10   0.0155472099
4   10   2   12   -0.0056174013
4   10   3   8   -0.0000000000
4   10   3   9   0.0083660423
4   10   3   11   0.0896691331
4   10   4   8   -0.0112455804
4   10   4   9   -0.0000000000
4   10   4   10   0.5011816637
4   10   4   12   0.0021948088
4   10   5   8   -0.0000000000
4   10   5   9   0.0113085685
4   10   5   11   0.1089177447
4   11   1   8   0.0308784644
4   11   1   10   -0.0050017275
4   11   1   12   0.0020786781
4   11   2   9   0.0309818985
4   11   2   11   0.0051066217
4   11   3   8   -0.0050017275
4   11   3   10   0.0896691331
4   11   3   12   0.1089177447
4   11   4   9   0.0051066217
4   11   4   11   0.5203822263
4   11   5   8   0.0020786781
4   11   5   10   0.1089177447
4   11   5   12   0.1832703692
4   11   6   13   0.0469240268
4   11   7   14   0.0469240268
4   12   1   8   0.0000000000
4   12   1   9   -0.0144407146
4   12   1   11   0.0020786781
4   12   2   8   -0.0146936741
4   12   2   9   -0.0000000000
4   12   2   10   -0.0056174013
4   12   2   12   0.0045340182
4   12   3   9   -0.0017454579
4   12   3   11   0.1089177447
4   12   4   8   0.0050389690
4   12   4   10   0.0021948088
4   12   4   12   0.5226819680
4   12   5   8   0.0000000000
4   12   5   9   -0.0154328714
4   12   5   11   0.1832703692
4   13   1   13   -0.0000000000
4   13   2   13   0.0068033514
4   13   4   13   0.4740992649
4   13   6   8   0.0000000000
4   13   6   9   -0.0110831206
4   13   6   11   0.0469240268
4   14   1   14   -0.0000000000
4   14   2   14   0.0068033514
4   14   4   14   0.4740992649
4   14   7   8   0.0000000000
4   14   7   9   -0.0110831206
4   14   7   11   0.0469240268
5   8   1   8   -0.0680420763
5   8   1   9   0.0000000000
5   8   1   10   0.0041637744
5   8   1   11   0.0000000000
5   8   1   12   0.0168574616
5   8   2   8   0.0000000000
5   8   2   9   -0.0566103140
5   8   2   11   -0.0144407146
5   8   3   8   -0.0680976484
5   8   3   10   -0.0069840566
5   8   3   12   0.0157876063
5   8   4   8   0.0000000001
5   8   4   9   -0.2390401904
5   8   4   10   -0.0000000000
5   8   4   11   0.0020786781
5   8   4   12   0.0000000000
5   8   5   8   0.6708288144
5   8   5   10   -0.0072544469
5   8   5   12   0.0015387294
5   8   6   13   0.0033257970
5   8   7   14   0.0033257970
5   9   1   8   0.0000000000
5   9   1   9   -0.0680484727
5   9   1   11   -0.0146936741
5   9   2   8   -0.0566103140
5   9   2   9   -0.0000000000
5   9   2   10   0.0044557923
5   9   2   11   -0.0000000000
5   9   2   12   0.0162045539
5   9   3   9   -0.0680809885
5   9   3   10   -0.0000000000
5   9   3   11   -0.0056174013
5   9   3   12   0.0000000000
5   9   4   8   -0.2390401904
5   9   4   9   -0.0000000001
5   9   4   10   0.0113085685
5   9   4   12   -0.0154328714
5   9   5   9   0.6708387969
5   9   5   10   -0.0000000000
5   9   5   11   0.0045340182
5   10   1   8   0.0041637744
5   10   1   10   -0.0225740657
5   10   1   12   0.0157876063
5   10   2   9   0.0044557923
5   10   2   10   -0.0000000000
5   10   2   11   -0.0017454579
5   10   2   12   0.0000000000
5   10   3   8   -0.0069840566
5   10   3   9   -0.0000000000
5   10   3   10   -0.1210659467
5   10   3   12   0.0744758840
5   10   4   8   -0.0000000000
5   10   4   9   0.0113085685
5   10   4   11   0.1089177447
5   10   5   8   -0.0072544469
5   10   5   9   -0.0000000000
5   10   5   10   0.5388115783
5   10   5   12   -0.0253572459
5   10   6   13   0.0065883277
5   10   7   14   0.0065883277
5   11   1   8   0.0000000000
5   11   1   9   -0.0146936741
5   11   1   11   0.0050389690
5   11   1   12   0.0000000000
5   11   2   8   -0.0144407146
5   11   2   9   -0.0000000000
5   11   2   10   -0.0017454579
5   11   2   12   -0.0154328714
5   11   3   9   -0.0056174013
5   11   3   11   0.0021948088
5   11   4   8   0.0020786781
5   11   4   10   0.1089177447
5   11   4   12   0.1832703692
5   11   5   9   0.0045340182
5   11   5   11   0.5226819680
5   12   1   8   0.0168574616
5   12   1   10   0.0157876063
5   12   1   11   0.0000000000
5   12   1   12   0.0015387294
5   12   2   9   0.0162045539
5   12   2   10   0.0000000000
5   12   2   11   -0.0154328714
5   12   3   8   0.0157876063
5   12   3   9   0.0000000000
5   12   3   10   0.0744758840
5   12   3   12   -0.0253572459
5   12   4   8   0.0000000000
5   12   4   9   -0.0154328714
5   12   4   11   0.1832703692
5   12   5   8   0.0015387294
5   12   5   10   -0.0253572459
5   12   5   12   0.5481662609
5   12   6   13   0.0214107527
5   12   7   14   0.0214107527
5   13   1   13   -0.0080591759
5   13   2   13   -0.0000000000
5   13   3   13   -0.0531530938
5   13   5   13   0.4797230430
5   13   6   8   0.0033257970
5   13   6   10   0.0065883277
5   13   6   12   0.0214107527
5   14   1   14   -0.0080591759
5   14   2   14   -0.0000000000
5   14   3   14   -0.0531530938
5   14   5   14   0.4797230430
5   14   7   8   0.0033257970
5   14   7   10   0.0065883277
5   14   7   12   0.0214107527
6   8   1   13   0.0113969190
6   8   3   13   0.0145109449
6   8   4   13   0.0000000000
6   8   5   13   0.0033257970
6   8   6   8   0.6330945106
6   8   6   10   -0.0017118372
6   8   6   11   -0.0000000000
6   8   6   12   -0.0080591759
6   9   2   13   0.0110974660
6   9   3   13   0.0000000000
6   9   4   13   -0.0110831206
6   9   6   9   0.6330954244
6   9   6   11   0.0068033514
6   9   6   12   -0.0000000000
6   10   1   13   0.0145109449
6   10   2   13   0.0000000000
6   10   3   13   0.0873597231
6   10   5   13   0.0065883277
6   10   6   8   -0.0017118372
6   10   6   10   0.5637921563
6   10   6   12   -0.0531530938
6   11   1   13   0.0000000000
6   11   2   13   -0.0110831206
6   11   4   13   0.0469240268
6   11   6   8   -0.0000000000
6   11   6   9   0.0068033514
6   11   6   11   0.4740992649
6   12   1   13   0.0033257970
6   12   3   13   0.0065883277
6   12   5   13   0.0214107527
6   12   6   8   -0.0080591759
6   12   6   9   -0.0000000000
6   12   6   10   -0.0531530938
6   12   6   12   0.4797230430
6   13   1   8   0.0113969190
6   13   1   10   0.0145109449
6   13   1   11   0.0000000000
6   13   1   12   0.0033257970
6   13   2   9   0.0110974660
6   13   2   10   0.0000000000
6   13   2   11   -0.0110831206
6   13   3   8   0.0145109449
6   13   3   9   0.0000000000
6   13   3   10   0.0873597231
6   13   3   12   0.0065883277
6   13   4   8   0.0000000000
6   13   4   9   -0.0110831206
6   13   4   11   0.0469240268
6   13   5   8   0.0033257970
6   13   5   10   0.0065883277
6   13   5   12   0.0214107527
6   13   6   13   0.5241789834
6   13   7   14   0.0201427120
6   14   6   14   0.4838935593
6   14   7   13   0.0201427120
7   8   1   14   0.0113969190
7   8   3   14   0.0145109449
7   8   4   14   0.0000000000
7   8   5   14   0.0033257970
7   8   7   8   0.6330945106
7   8   7   10   -0.0017118372
7   8   7   11   -0.0000000000
7   8   7   12   -0.0080591759
7   9   2   14   0.0110974660
7   9   3   14   0.0000000000
7   9   4   14   -0.0110831206
7   9   7   9   0.6330954244
7   9   7   11   0.0068033514
7   9   7   12   -0.0000000000
7   10   1   14   0.0145109449
7   10   2   14   0.0000000000
7   10   3   14   0.0873597231
7   10   5   14   0.0065883277
7   10   7   8   -0.0017118372
7   10   7   10   0.5637921563
7   10   7   12   -0.0531530938
7   11   1   14   0.0000000000
7   11   2   14   -0.0110831206
7   11   4   14   0.0469240268
7   11   7   8   -0.0000000000
7   11   7   9   0.0068033514
7   11   7   11   0.4740992649
7   12   1   14   0.0033257970
7   12   3   14   0.0065883277
7   12   5   14   0.0214107527
7   12   7   8   -0.0080591759
7   12   7   9   -0.0000000000
7   12   7   10   -0.0531530938
7   12   7   12   0.4797230430
7   13   6   14   0.0201427120
7   13   7   13   0.4838935593
7   14   1   8   0.0113969190
7   14   1   10   0.0145109449
7   14   1   11   0.0000000000
7   14   1   12   0.0033257970
7   14   2   9   0.0110974660
7   14   2   10   0.0000000000
7   14   2   11   -0.0110831206
7   14   3   8   0.0145109449
7   14   3   9   0.0000000000
7   14   3   10   0.0873597231
7   14   3   12   0.0065883277
7   14   4   8   0.0000000000
7   14   4   9   -0.0110831206
7   14   4   11   0.0469240268
7   14   5   8   0.0033257970
7   14   5   10   0.0065883277
7   14   5   12   0.0214107527
7   14   6   13   0.0201427120
7   14   7   14   0.5241789834

End IJKL Block
Begin IJAB Block
1   8   1   7   0.0125449853
1   8   1   11   -0.0000000000
1   8   1   12   0.0000000000
1   8   2   8   0.0125449853
1   8   2   11   -0.0000000000
1   8   2   12   -0.0000000000
1   8   3   9   0.0184916916
1   8   3   10   0.0000000000
1   8   4   9   0.0000000000
1   8   4   10   0.0131829906
1   8   5   7   -0.0000000000
1   8   5   8   -0.0000000000
1   8   5   11   0.0208177207
1   8   6   7   0.0000000000
1   8   6   8   -0.0000000000
1   8   6   12   0.0208177207
1   9   1   11   0.0141427722
1   9   1   12   -0.0074216384
1   9   2   11   0.0074216384
1   9   2   12   0.0141427722
1   9   3   10   -0.0070457411
1   9   4   9   -0.0073701128
1   9   5   7   0.0144185073
1   9   5   8   0.0075663346
1   9   6   7   -0.0075663346
1   9   6   8   0.0144185073
1   10   1   7   0.0113696351
1   10   1   11   -0.0000000000
1   10   2   8   0.0113696351
1   10   2   12   -0.0000000000
1   10   3   9   0.0014961958
1   10   4   9   0.0000000000
1   10   4   10   0.0078101608
1   10   5   7   -0.0000000000
1   10   5   11   0.0107058046
1   10   6   8   -0.0000000000
1   10   6   12   0.0107058046
1   11   1   7   0.0000000000
1   11   1   11   -0.0073637958
1   11   1   12   0.0038642657
1   11   2   8   0.0000000000
1   11   2   11   -0.0038642657
1   11   2   12   -0.0073637958
1   11   3   10   0.0046351828
1   11   4   9   0.0069337882
1   11   5   7   -0.0149107029
1   11   5   8   -0.0078246219
1   11   5   11   0.0000000000
1   11   6   7   0.0078246219
1   11   6   8   -0.0149107029
1   11   6   12   0.0000000000
1   12   1   7   0.0060605582
1   12   2   8   0.0060605582
1   12   3   9   0.0017360265
1   12   4   10   -0.0032029021
1   12   5   11   0.0018664302
1   12   6   12   0.0018664302
1   13   1   9   0.0067009165
1   13   2   9   0.0036632485
1   13   3   7   -0.0042107175
1   13   3   8   -0.0023019097
1   13   4   11   -0.0027243036
1   13   4   12   -0.0000463901
1   13   5   9   -0.0000000000
1   13   5   10   0.0034296599
1   13   6   10   0.0000584011
1   14   1   9   -0.0036632485
1   14   2   9   0.0067009165
1   14   3   7   0.0023019097
1   14   3   8   -0.0042107175
1   14   4   11   0.0000463901
1   14   4   12   -0.0027243036
1   14   5   10   -0.0000584011
1   14   6   9   -0.0000000000
1   14   6   10   0.0034296599
2   8   1   11   0.0144185073
2   8   1   12   -0.0075663346
2   8   2   11   0.0075663346
2   8   2   12   0.0144185073
2   8   3   10   -0.0073701128
2   8   4   9   -0.0070457411
2   8   5   7   0.0141427722
2   8   5   8   0.0074216384
2   8   6   7   -0.0074216384
2   8   6   8   0.0141427722
2   9   1   7   0.0127992791
2   9   1   11   0.0000000000
2   9   1   12   -0.0000000000
2   9   2   8   0.0127992791
2   9   2   11   0.0000000000
2   9   2   12   0.0000000000
2   9   3   9   0.0187200136
2   9   3   10   -0.0000000000
2   9   4   9   -0.0000000000
2   9   4   10   0.0127120819
2   9   5   7   0.0000000000
2   9   5   8   0.0000000000
2   9   5   11   0.0204369231
2   9   6   7   -0.0000000000
2   9   6   8   0.0000000000
2   9   6   12   0.0204369231
2   10   1   7   0.0000000000
2   10   1   11   0.0078986344
2   10   1   12   -0.0041449305
2   10   2   8   0.0000000000
2   10   2   11   0.0041449305
2   10   2   12   0.0078986344
2   10   3   10   -0.0046268631
2   10   4   9   -0.0069028918
2   10   4   10   0.0000000000
2   10   5   7   0.0116941199
2   10   5   8   0.0061366702
2   10   5   11   0.0000000000
2   10   6   7   -0.0061366702
2   10   6   8   0.0116941199
2   10   6   12   0.0000000000
2   11   1   7   -0.0147010683
2   11   1   11   -0.0000000000
2   11   2   8   -0.0147010683
2   11   2   12   -0.0000000000
2   11   3   9   -0.0034074827
2   11   4   9   0.0000000000
2   11   4   10   -0.0041368866
2   11   5   7   -0.0000000000
2   11   5   8   -0.0000000000
2   11   5   11   -0.0097546958
2   11   6   7   0.0000000000
2   11   6   8   -0.0000000000
2   11   6   12   -0.0097546958
2   12   1   11   0.0015659838
2   12   1   12   -0.0008217742
2   12   2   11   0.0008217742
2   12   2   12   0.0015659838
2   12   3   10   -0.0011578428
2   12   4   9   -0.0000981545
2   12   5   7   0.0058572870
2   12   5   8   0.0030737019
2   12   6   7   -0.0030737019
2   12   6   8   0.0058572870
2   13   1   9   0.0000000000
2   13   1   10   0.0027550670
2   13   2   10   0.0015061365
2   13   3   11   -0.0013093298
2   13   3   12   -0.0000222956
2   13   4   7   0.0028900983
2   13   4   8   0.0015799553
2   13   5   9   0.0090782780
2   13   6   9   0.0001545871
2   14   1   10   -0.0015061365
2   14   2   9   0.0000000000
2   14   2   10   0.0027550670
2   14   3   11   0.0000222956
2   14   3   12   -0.0013093298
2   14   4   7   -0.0015799553
2   14   4   8   0.0028900983
2   14   5   9   -0.0001545871
2   14   6   9   0.0090782780
3   8   1   7   0.0113696351
3   8   1   11   -0.0000000000
3   8   2   8   0.0113696351
3   8   2   12   -0.0000000000
3   8   3   9   0.0014961958
3   8   3   10   0.0000000000
3   8   4   10   0.0078101608
3   8   5   7   -0.0000000000
3   8   5   11   0.0107058046
3   8   6   8   -0.0000000000
3   8   6   12   0.0107058046
3   9   1   7   0.0000000000
3   9   1   11   0.0116941199
3   9   1   12   -0.0061366702
3   9   2   8   0.0000000000
3   9   2   11   0.0061366702
3   9   2   12   0.0116941199
3   9   3   10   -0.0069028918
3   9   4   9   -0.0046268631
3   9   4   10   0.0000000000
3   9   5   7   0.0078986344
3   9   5   8   0.0041449305
3   9   5   11   0.0000000000
3   9   6   7   -0.0041449305
3   9   6   8   0.0078986344
3   9   6   12   0.0000000000
3   10   1   7   0.0407249107
3   10   2   8   0.0407249107
3   10   3   9   0.0698424496
3   10   4   10   0.0288559471
3   10   5   11   0.0220135499
3   10   6   12   0.0220135499
3   11   1   11   -0.0144592912
3   11   1   12   0.0075877366
3   11   2   11   -0.0075877366
3   11   2   12   -0.0144592912
3   11   3   10   -0.0136474583
3   11   4   9   0.0058782505
3   11   5   7   -0.0170227517
3   11   5   8   -0.0089329522
3   11   6   7   0.0089329522
3   11   6   8   -0.0170227517
3   12   1   7   0.0218967762
3   12   2   8   0.0218967762
3   12   3   9   -0.0327236704
3   12   4   10   -0.0179877272
3   12   5   11   0.0003867918
3   12   6   12   0.0003867918
3   13   1   9   0.0234504002
3   13   2   9   0.0128198351
3   13   3   7   0.0658098798
3   13   3   8   0.0359768617
3   13   4   11   -0.0185768939
3   13   4   12   -0.0003163318
3   13   5   10   0.0000720231
3   13   6   10   0.0000012264
3   14   1   9   -0.0128198351
3   14   2   9   0.0234504002
3   14   3   7   -0.0359768617
3   14   3   8   0.0658098798
3   14   4   11   0.0003163318
3   14   4   12   -0.0185768939
3   14   5   10   -0.0000012264
3   14   6   10   0.0000720231
4   8   1   7   0.0000000000
4   8   1   11   -0.0149107029
4   8   1   12   0.0078246219
4   8   2   8   0.0000000000
4   8   2   11   -0.0078246219
4   8   2   12   -0.0149107029
4   8   3   10   0.0069337882
4   8   4   9   0.0046351828
4   8   5   7   -0.0073637958
4   8   5   8   -0.0038642657
4   8   5   11   0.0000000000
4   8   6   7   0.0038642657
4   8   6   8   -0.0073637958
4   8   6   12   0.0000000000
4   9   1   7   -0.0147010683
4   9   1   11   -0.0000000000
4   9   1   12   0.0000000000
4   9   2   8   -0.0147010683
4   9   2   11   -0.0000000000
4   9   2   12   -0.0000000000
4   9   3   9   -0.0034074827
4   9   3   10   0.0000000000
4   9   4   10   -0.0041368866
4   9   5   7   -0.0000000000
4   9   5   11   -0.0097546958
4   9   6   8   -0.0000000000
4   9   6   12   -0.0097546958
4   10   1   11   -0.0170227517
4   10   1   12   0.0089329522
4   10   2   11   -0.0089329522
4   10   2   12   -0.0170227517
4   10   3   10   0.0058782505
4   10   4   9   -0.0136474583
4   10   5   7   -0.0144592912
4   10   5   8   -0.0075877366
4   10   6   7   0.0075877366
4   10   6   8   -0.0144592912
4   11   1   7   0.0739782017
4   11   2   8   0.0739782017
4   11   3   9   0.0423397713
4   11   4   10   0.0210830222
4   11   5   11   0.0165239569
4   11   6   12   0.0165239569
4   12   1   11   -0.0014146290
4   12   1   12   0.0007423485
4   12   2   11   -0.0007423485
4   12   2   12   -0.0014146290
4   12   3   10   -0.0337333031
4   12   4   9   -0.0047627526
4   12   5   7   -0.0070878372
4   12   5   8   -0.0037194522
4   12   6   7   0.0037194522
4   12   6   8   -0.0070878372
4   13   1   10   -0.0165214019
4   13   2   10   -0.0090318991
4   13   3   11   -0.0266482088
4   13   3   12   -0.0004537721
4   13   4   7   -0.0175684352
4   13   4   8   -0.0096042899
4   13   5   9   -0.0119720258
4   13   6   9   -0.0002038625
4   14   1   10   0.0090318991
4   14   2   10   -0.0165214019
4   14   3   11   0.0004537721
4   14   3   12   -0.0266482088
4   14   4   7   0.0096042899
4   14   4   8   -0.0175684352
4   14   5   9   0.0002038625
4   14   6   9   -0.0119720258
5   8   1   7   0.0060605582
5   8   2   8   0.0060605582
5   8   3   9   0.0017360265
5   8   4   10   -0.0032029021
5   8   5   11   0.0018664302
5   8   6   12   0.0018664302
5   9   1   11   0.0058572870
5   9   1   12   -0.0030737019
5   9   2   11   0.0030737019
5   9   2   12   0.0058572870
5   9   3   10   -0.0000981545
5   9   4   9   -0.0011578428
5   9   5   7   0.0015659838
5   9   5   8   0.0008217742
5   9   6   7   -0.0008217742
5   9   6   8   0.0015659838
5   10   1   7   0.0218967762
5   10   2   8   0.0218967762
5   10   3   9   -0.0327236704
5   10   4   10   -0.0179877272
5   10   5   11   0.0003867918
5   10   6   12   0.0003867918
5   11   1   11   -0.0070878372
5   11   1   12   0.0037194522
5   11   2   11   -0.0037194522
5   11   2   12   -0.0070878372
5   11   3   10   -0.0047627526
5   11   4   9   -0.0337333031
5   11   5   7   -0.0014146290
5   11   5   8   -0.0007423485
5   11   6   7   0.0007423485
5   11   6   8   -0.0014146290
5   12   1   7   0.0306749376
5   12   2   8   0.0306749376
5   12   3   9   0.0609952347
5   12   4   10   0.0604110375
5   12   5   11   0.0095685314
5   12   6   12   0.0095685314
5   13   1   9   0.0036145697
5   13   2   9   0.0019760084
5   13   3   7   -0.0580713367
5   13   3   8   -0.0317463648
5   13   4   11   0.0476777057
5   13   4   12   0.0008118675
5   13   5   10   0.0038600689
5   13   6   10   0.0000657302
5   14   1   9   -0.0019760084
5   14   2   9   0.0036145697
5   14   3   7   0.0317463648
5   14   3   8   -0.0580713367
5   14   4   11   -0.0008118675
5   14   4   12   0.0476777057
5   14   5   10   -0.0000657302
5   14   6   10   0.0038600689
6   8   1   9   -0.0042107175
6   8   2   9   -0.0023019097
6   8   3   7   0.0067009165
6   8   3   8   0.0036632485
6   8   3   11   -0.0000000000
6   8   4   11   0.0034296599
6   8   4   12   0.0000584011
6   8   5   10   -0.0027243036
6   8   6   10   -0.0000463901
6   9   1   10   0.0028900983
6   9   2   10   0.0015799553
6   9   3   7   0.0000000000
6   9   3   11   0.0090782780
6   9   3   12   0.0001545871
6   9   4   7   0.0027550670
6   9   4   8   0.0015061365
6   9   5   9   -0.0013093298
6   9   6   9   -0.0000222956
6   10   1   9   0.0658098798
6   10   2   9   0.0359768617
6   10   3   7   0.0234504002
6   10   3   8   0.0128198351
6   10   4   11   0.0000720231
6   10   4   12   0.0000012264
6   10   5   10   -0.0185768939
6   10   6   10   -0.0003163318
6   11   1   10   -0.0175684352
6   11   2   10   -0.0096042899
6   11   3   11   -0.0119720258
6   11   3   12   -0.0002038625
6   11   4   7   -0.0165214019
6   11   4   8   -0.0090318991
6   11   5   9   -0.0266482088
6   11   6   9   -0.0004537721
6   12   1   9   -0.0580713367
6   12   2   9   -0.0317463648
6   12   3   7   0.0036145697
6   12   3   8   0.0019760084
6   12   4   11   0.0038600689
6   12   4   12   0.0000657302
6   12   5   10   0.0476777057
6   12   6   10   0.0008118675
6   13   1   7   0.1250161148
6   13   1   8   0.0603111479
6   13   2   7   0.0603111479
6   13   2   8   0.0476641015
6   13   3   9   0.0238029058
6   13   4   10   0.0146802255
6   13   5   11   0.0735684082
6   13   5   12   0.0011120752
6   13   6   11   0.0011120752
6   13   6   12   0.0082796463
6   14   1   7   -0.0603111479
6   14   1   8   0.0956295558
6   14   2   7   -0.0182775424
6   14   2   8   0.0603111479
6   14   5   11   -0.0011120752
6   14   5   12   0.0570469890
6   14   6   11   0.0082417729
6   14   6   12   0.0011120752
7   8   1   9   0.0023019097
7   8   2   9   -0.0042107175
7   8   3   7   -0.0036632485
7   8   3   8   0.0067009165
7   8   3   12   -0.0000000000
7   8   4   11   -0.0000584011
7   8   4   12   0.0034296599
7   8   5   10   0.0000463901
7   8   6   10   -0.0027243036
7   9   1   10   -0.0015799553
7   9   2   10   0.0028900983
7   9   3   8   0.0000000000
7   9   3   11   -0.0001545871
7   9   3   12   0.0090782780
7   9   4   7   -0.0015061365
7   9   4   8   0.0027550670
7   9   5   9   0.0000222956
7   9   6   9   -0.0013093298
7   10   1   9   -0.0359768617
7   10   2   9   0.0658098798
7   10   3   7   -0.0128198351
7   10   3   8   0.0234504002
7   10   4   11   -0.0000012264
7   10   4   12   0.0000720231
7   10   5   10   0.0003163318
7   10   6   10   -0.0185768939
7   11   1   10   0.0096042899
7   11   2   10   -0.0175684352
7   11   3   11   0.0002038625
7   11   3   12   -0.0119720258
7   11   4   7   0.0090318991
7   11   4   8   -0.0165214019
7   11   5   9   0.0004537721
7   11   6   9   -0.0266482088
7   12   1   9   0.0317463648
7   12   2   9   -0.0580713367
7   12   3   7   -0.0019760084
7   12   3   8   0.0036145697
7   12   4   11   -0.0000657302
7   12   4   12   0.0038600689
7   12   5   10   -0.0008118675
7   12   6   10   0.0476777057
7   13   1   7   -0.0603111479
7   13   1   8   -0.0182775424
7   13   2   7   0.0956295558
7   13   2   8   0.0603111479
7   13   5   11   -0.0011120752
7   13   5   12   0.0082417729
7   13   6   11   0.0570469890
7   13   6   12   0.0011120752
7   14   1   7   0.0476641015
7   14   1   8   -0.0603111479
7   14   2   7   -0.0603111479
7   14   2   8   0.1250161148
7   14   3   9   0.0238029058
7   14   4   10   0.0146802255
7   14   5   11   0.0082796463
7   14   5   12   -0.0011120752
7   14   6   11   -0.0011120752
7   14   6   12   0.0735684082

End IJAB Block
Begin ABCD Block
1   7   1   7   0.4869957224
1   7   2   8   0.0186114783
1   7   3   9   0.0258232144
1   7   4   10   0.0083494143
1   7   5   11   0.0489047366
1   7   5   12   -0.0218516272
1   7   6   11   -0.0218516272
1   7   6   12   0.0187309664
1   8   1   8   0.4497727659
1   8   2   7   0.0186114783
1   8   5   11   0.0218516272
1   8   5   12   0.0343767624
1   8   6   11   -0.0042029921
1   8   6   12   -0.0218516272
1   9   1   9   0.4171833664
1   9   3   7   0.0258232144
1   9   4   11   -0.0017217741
1   9   4   12   0.0009035276
1   9   5   10   -0.0124279069
1   9   6   10   0.0065217363
1   10   1   10   0.3883927382
1   10   3   11   -0.0081718564
1   10   3   12   0.0042883080
1   10   4   7   0.0083494143
1   10   5   9   -0.0124279069
1   10   6   9   0.0065217363
1   11   1   11   0.4342535218
1   11   1   12   -0.0114256287
1   11   2   11   0.0114256287
1   11   2   12   0.0078885269
1   11   3   10   -0.0081718564
1   11   4   9   -0.0017217741
1   11   5   7   0.0489047366
1   11   5   8   0.0218516272
1   11   6   7   -0.0218516272
1   11   6   8   -0.0042029921
1   12   1   11   -0.0114256287
1   12   1   12   0.4184764681
1   12   2   11   0.0078885269
1   12   2   12   -0.0114256287
1   12   3   10   0.0042883080
1   12   4   9   0.0009035276
1   12   5   7   -0.0218516272
1   12   5   8   0.0343767624
1   12   6   7   0.0187309664
1   12   6   8   -0.0218516272
2   7   1   8   0.0186114783
2   7   2   7   0.4497727659
2   7   5   11   0.0218516272
2   7   5   12   -0.0042029921
2   7   6   11   0.0343767624
2   7   6   12   -0.0218516272
2   8   1   7   0.0186114783
2   8   2   8   0.4869957224
2   8   3   9   0.0258232144
2   8   4   10   0.0083494143
2   8   5   11   0.0187309664
2   8   5   12   0.0218516272
2   8   6   11   0.0218516272
2   8   6   12   0.0489047366
2   9   2   9   0.4171833664
2   9   3   8   0.0258232144
2   9   4   11   -0.0009035276
2   9   4   12   -0.0017217741
2   9   5   10   -0.0065217363
2   9   6   10   -0.0124279069
2   10   2   10   0.3883927382
2   10   3   11   -0.0042883080
2   10   3   12   -0.0081718564
2   10   4   8   0.0083494143
2   10   5   9   -0.0065217363
2   10   6   9   -0.0124279069
2   11   1   11   0.0114256287
2   11   1   12   0.0078885269
2   11   2   11   0.4184764681
2   11   2   12   0.0114256287
2   11   3   10   -0.0042883080
2   11   4   9   -0.0009035276
2   11   5   7   0.0218516272
2   11   5   8   0.0187309664
2   11   6   7   0.0343767624
2   11   6   8   0.0218516272
2   12   1   11   0.0078885269
2   12   1   12   -0.0114256287
2   12   2   11   0.0114256287
2   12   2   12   0.4342535218
2   12   3   10   -0.0081718564
2   12   4   9   -0.0017217741
2   12   5   7   -0.0042029921
2   12   5   8   0.0218516272
2   12   6   7   -0.0218516272
2   12   6   8   0.0489047366
3   7   1   9   0.0258232144
3   7   3   7   0.4171833664
3   7   4   11   -0.0124279069
3   7   4   12   0.0065217363
3   7   5   10   -0.0017217741
3   7   6   10   0.0009035276
3   8   2   9   0.0258232144
3   8   3   8   0.4171833664
3   8   4   11   -0.0065217363
3   8   4   12   -0.0124279069
3   8   5   10   -0.0009035276
3   8   6   10   -0.0017217741
3   9   1   7   0.0258232144
3   9   2   8   0.0258232144
3   9   3   9   0.4186420369
3   9   4   10   0.0634756805
3   9   5   11   0.0139160497
3   9   6   12   0.0139160497
3   10   1   11   -0.0081718564
3   10   1   12   0.0042883080
3   10   2   11   -0.0042883080
3   10   2   12   -0.0081718564
3   10   3   10   0.3870770908
3   10   4   9   0.0634756805
3   10   5   7   -0.0017217741
3   10   5   8   -0.0009035276
3   10   6   7   0.0009035276
3   10   6   8   -0.0017217741
3   11   1   10   -0.0081718564
3   11   2   10   -0.0042883080
3   11   3   11   0.3871266170
3   11   4   7   -0.0124279069
3   11   4   8   -0.0065217363
3   11   5   9   0.0139160497
3   12   1   10   0.0042883080
3   12   2   10   -0.0081718564
3   12   3   12   0.3871266170
3   12   4   7   0.0065217363
3   12   4   8   -0.0124279069
3   12   6   9   0.0139160497
4   7   1   10   0.0083494143
4   7   3   11   -0.0124279069
4   7   3   12   0.0065217363
4   7   4   7   0.3883927382
4   7   5   9   -0.0081718564
4   7   6   9   0.0042883080
4   8   2   10   0.0083494143
4   8   3   11   -0.0065217363
4   8   3   12   -0.0124279069
4   8   4   8   0.3883927382
4   8   5   9   -0.0042883080
4   8   6   9   -0.0081718564
4   9   1   11   -0.0017217741
4   9   1   12   0.0009035276
4   9   2   11   -0.0009035276
4   9   2   12   -0.0017217741
4   9   3   10   0.0634756805
4   9   4   9   0.3870770908
4   9   5   7   -0.0081718564
4   9   5   8   -0.0042883080
4   9   6   7   0.0042883080
4   9   6   8   -0.0081718564
4   10   1   7   0.0083494143
4   10   2   8   0.0083494143
4   10   3   9   0.0634756805
4   10   4   10   0.3714684283
4   10   5   11   0.0134397611
4   10   6   12   0.0134397611
4   11   1   9   -0.0017217741
4   11   2   9   -0.0009035276
4   11   3   7   -0.0124279069
4   11   3   8   -0.0065217363
4   11   4   11   0.3659295166
4   11   5   10   0.0134397611
4   12   1   9   0.0009035276
4   12   2   9   -0.0017217741
4   12   3   7   0.0065217363
4   12   3   8   -0.0124279069
4   12   4   12   0.3659295166
4   12   6   10   0.0134397611
5   7   1   11   0.0489047366
5   7   1   12   -0.0218516272
5   7   2   11   0.0218516272
5   7   2   12   -0.0042029921
5   7   3   10   -0.0017217741
5   7   4   9   -0.0081718564
5   7   5   7   0.4342535218
5   7   5   8   0.0114256287
5   7   6   7   -0.0114256287
5   7   6   8   0.0078885269
5   8   1   11   0.0218516272
5   8   1   12   0.0343767624
5   8   2   11   0.0187309664
5   8   2   12   0.0218516272
5   8   3   10   -0.0009035276
5   8   4   9   -0.0042883080
5   8   5   7   0.0114256287
5   8   5   8   0.4184764681
5   8   6   7   0.0078885269
5   8   6   8   0.0114256287
5   9   1   10   -0.0124279069
5   9   2   10   -0.0065217363
5   9   3   11   0.0139160497
5   9   4   7   -0.0081718564
5   9   4   8   -0.0042883080
5   9   5   9   0.3871266170
5   10   1   9   -0.0124279069
5   10   2   9   -0.0065217363
5   10   3   7   -0.0017217741
5   10   3   8   -0.0009035276
5   10   4   11   0.0134397611
5   10   5   10   0.3659295166
5   11   1   7   0.0489047366
5   11   1   8   0.0218516272
5   11   2   7   0.0218516272
5   11   2   8   0.0187309664
5   11   3   9   0.0139160497
5   11   4   10   0.0134397611
5   11   5   11   0.4255919184
5   11   6   12   0.0159045752
5   12   1   7   -0.0218516272
5   12   1   8   0.0343767624
5   12   2   7   -0.0042029921
5   12   2   8   0.0218516272
5   12   5   12   0.3937827681
5   12   6   11   0.0159045752
6   7   1   11   -0.0218516272
6   7   1   12   0.0187309664
6   7   2   11   0.0343767624
6   7   2   12   -0.0218516272
6   7   3   10   0.0009035276
6   7   4   9   0.0042883080
6   7   5   7   -0.0114256287
6   7   5   8   0.0078885269
6   7   6   7   0.4184764681
6   7   6   8   -0.0114256287
6   8   1   11   -0.0042029921
6   8   1   12   -0.0218516272
6   8   2   11   0.0218516272
6   8   2   12   0.0489047366
6   8   3   10   -0.0017217741
6   8   4   9   -0.0081718564
6   8   5   7   0.0078885269
6   8   5   8   0.0114256287
6   8   6   7   -0.0114256287
6   8   6   8   0.4342535218
6   9   1   10   0.0065217363
6   9   2   10   -0.0124279069
6   9   3   12   0.0139160497
6   9   4   7   0.0042883080
6   9   4   8   -0.0081718564
6   9   6   9   0.3871266170
6   10   1   9   0.0065217363
6   10   2   9   -0.0124279069
6   10   3   7   0.0009035276
6   10   3   8   -0.0017217741
6   10   4   12   0.0134397611
6   10   6   10   0.3659295166
6   11   1   7   -0.0218516272
6   11   1   8   -0.0042029921
6   11   2   7   0.0343767624
6   11   2   8   0.0218516272
6   11   5   12   0.0159045752
6   11   6   11   0.3937827681
6   12   1   7   0.0187309664
6   12   1   8   -0.0218516272
6   12   2   7   -0.0218516272
6   12   2   8   0.0489047366
6   12   3   9   0.0139160497
6   12   4   10   0.0134397611
6   12   5   11   0.0159045752
6   12   6   12   0.4255919184

End ABCD Block
Begin AIJB Block
1   8   1   7   0.0125449853
1   8   1   11   -0.0000000000
1   8   1   12   0.0000000000
1   8   2   11   0.0144185073
1   8   2   12   -0.0075663346
1   8   3   7   0.0113696351
1   8   3   11   -0.0000000000
1   8   4   7   0.0000000000
1   8   4   11   -0.0149107029
1   8   4   12   0.0078246219
1   8   5   7   0.0060605582
1   8   6   9   -0.0042107175
1   8   7   9   0.0023019097
1   9   1   11   0.0141427722
1   9   1   12   -0.0074216384
1   9   2   7   0.0127992791
1   9   2   11   0.0000000000
1   9   2   12   -0.0000000000
1   9   3   7   0.0000000000
1   9   3   11   0.0116941199
1   9   3   12   -0.0061366702
1   9   4   7   -0.0147010683
1   9   4   11   -0.0000000000
1   9   4   12   0.0000000000
1   9   5   11   0.0058572870
1   9   5   12   -0.0030737019
1   9   6   10   0.0028900983
1   9   7   10   -0.0015799553
1   10   1   7   0.0113696351
1   10   1   11   -0.0000000000
1   10   2   7   0.0000000000
1   10   2   11   0.0078986344
1   10   2   12   -0.0041449305
1   10   3   7   0.0407249107
1   10   4   11   -0.0170227517
1   10   4   12   0.0089329522
1   10   5   7   0.0218967762
1   10   6   9   0.0658098798
1   10   7   9   -0.0359768617
1   11   1   7   0.0000000000
1   11   1   11   -0.0073637958
1   11   1   12   0.0038642657
1   11   2   7   -0.0147010683
1   11   2   11   -0.0000000000
1   11   3   11   -0.0144592912
1   11   3   12   0.0075877366
1   11   4   7   0.0739782017
1   11   5   11   -0.0070878372
1   11   5   12   0.0037194522
1   11   6   10   -0.0175684352
1   11   7   10   0.0096042899
1   12   1   7   0.0060605582
1   12   2   11   0.0015659838
1   12   2   12   -0.0008217742
1   12   3   7   0.0218967762
1   12   4   11   -0.0014146290
1   12   4   12   0.0007423485
1   12   5   7   0.0306749376
1   12   6   9   -0.0580713367
1   12   7   9   0.0317463648
1   13   1   9   0.0067009165
1   13   2   9   0.0000000000
1   13   2   10   0.0027550670
1   13   3   9   0.0234504002
1   13   4   10   -0.0165214019
1   13   5   9   0.0036145697
1   13   6   7   0.1250161148
1   13   6   8   0.0603111479
1   13   7   7   -0.0603111479
1   13   7   8   -0.0182775424
1   14   1   9   -0.0036632485
1   14   2   10   -0.0015061365
1   14   3   9   -0.0128198351
1   14   4   10   0.0090318991
1   14   5   9   -0.0019760084
1   14   6   7   -0.0603111479
1   14   6   8   0.0956295558
1   14   7   7   0.0476641015
1   14   7   8   -0.0603111479
2   8   1   8   0.0125449853
2   8   1   11   -0.0000000000
2   8   1   12   -0.0000000000
2   8   2   11   0.0075663346
2   8   2   12   0.0144185073
2   8   3   8   0.0113696351
2   8   3   12   -0.0000000000
2   8   4   8   0.0000000000
2   8   4   11   -0.0078246219
2   8   4   12   -0.0149107029
2   8   5   8   0.0060605582
2   8   6   9   -0.0023019097
2   8   7   9   -0.0042107175
2   9   1   11   0.0074216384
2   9   1   12   0.0141427722
2   9   2   8   0.0127992791
2   9   2   11   0.0000000000
2   9   2   12   0.0000000000
2   9   3   8   0.0000000000
2   9   3   11   0.0061366702
2   9   3   12   0.0116941199
2   9   4   8   -0.0147010683
2   9   4   11   -0.0000000000
2   9   4   12   -0.0000000000
2   9   5   11   0.0030737019
2   9   5   12   0.0058572870
2   9   6   10   0.0015799553
2   9   7   10   0.0028900983
2   10   1   8   0.0113696351
2   10   1   12   -0.0000000000
2   10   2   8   0.0000000000
2   10   2   11   0.0041449305
2   10   2   12   0.0078986344
2   10   3   8   0.0407249107
2   10   4   11   -0.0089329522
2   10   4   12   -0.0170227517
2   10   5   8   0.0218967762
2   10   6   9   0.0359768617
2   10   7   9   0.0658098798
2   11   1   8   0.0000000000
2   11   1   11   -0.0038642657
2   11   1   12   -0.0073637958
2   11   2   8   -0.0147010683
2   11   2   12   -0.0000000000
2   11   3   11   -0.0075877366
2   11   3   12   -0.0144592912
2   11   4   8   0.0739782017
2   11   5   11   -0.0037194522
2   11   5   12   -0.0070878372
2   11   6   10   -0.0096042899
2   11   7   10   -0.0175684352
2   12   1   8   0.0060605582
2   12   2   11   0.0008217742
2   12   2   12   0.0015659838
2   12   3   8   0.0218967762
2   12   4   11   -0.0007423485
2   12   4   12   -0.0014146290
2   12   5   8   0.0306749376
2   12   6   9   -0.0317463648
2   12   7   9   -0.0580713367
2   13   1   9   0.0036632485
2   13   2   10   0.0015061365
2   13   3   9   0.0128198351
2   13   4   10   -0.0090318991
2   13   5   9   0.0019760084
2   13   6   7   0.0603111479
2   13   6   8   0.0476641015
2   13   7   7   0.0956295558
2   13   7   8   0.0603111479
2   14   1   9   0.0067009165
2   14   2   9   0.0000000000
2   14   2   10   0.0027550670
2   14   3   9   0.0234504002
2   14   4   10   -0.0165214019
2   14   5   9   0.0036145697
2   14   6   7   -0.0182775424
2   14   6   8   0.0603111479
2   14   7   7   -0.0603111479
2   14   7   8   0.1250161148
3   8   1   9   0.0184916916
3   8   1   10   0.0000000000
3   8   2   10   -0.0073701128
3   8   3   9   0.0014961958
3   8   3   10   0.0000000000
3   8   4   10   0.0069337882
3   8   5   9   0.0017360265
3   8   6   7   0.0067009165
3   8   6   8   0.0036632485
3   8   6   11   -0.0000000000
3   8   7   7   -0.0036632485
3   8   7   8   0.0067009165
3   8   7   12   -0.0000000000
3   9   1   10   -0.0070457411
3   9   2   9   0.0187200136
3   9   2   10   -0.0000000000
3   9   3   10   -0.0069028918
3   9   4   9   -0.0034074827
3   9   4   10   0.0000000000
3   9   5   10   -0.0000981545
3   9   6   7   0.0000000000
3   9   6   11   0.0090782780
3   9   6   12   0.0001545871
3   9   7   8   0.0000000000
3   9   7   11   -0.0001545871
3   9   7   12   0.0090782780
3   10   1   9   0.0014961958
3   10   2   10   -0.0046268631
3   10   3   9   0.0698424496
3   10   4   10   0.0058782505
3   10   5   9   -0.0327236704
3   10   6   7   0.0234504002
3   10   6   8   0.0128198351
3   10   7   7   -0.0128198351
3   10   7   8   0.0234504002
3   11   1   10   0.0046351828
3   11   2   9   -0.0034074827
3   11   3   10   -0.0136474583
3   11   4   9   0.0423397713
3   11   5   10   -0.0047627526
3   11   6   11   -0.0119720258
3   11   6   12   -0.0002038625
3   11   7   11   0.0002038625
3   11   7   12   -0.0119720258
3   12   1   9   0.0017360265
3   12   2   10   -0.0011578428
3   12   3   9   -0.0327236704
3   12   4   10   -0.0337333031
3   12   5   9   0.0609952347
3   12   6   7   0.0036145697
3   12   6   8   0.0019760084
3   12   7   7   -0.0019760084
3   12   7   8   0.0036145697
3   13   1   7   -0.0042107175
3   13   1   8   -0.0023019097
3   13   2   11   -0.0013093298
3   13   2   12   -0.0000222956
3   13   3   7   0.0658098798
3   13   3   8   0.0359768617
3   13   4   11   -0.0266482088
3   13   4   12   -0.0004537721
3   13   5   7   -0.0580713367
3   13   5   8   -0.0317463648
3   13   6   9   0.0238029058
3   14   1   7   0.0023019097
3   14   1   8   -0.0042107175
3   14   2   11   0.0000222956
3   14   2   12   -0.0013093298
3   14   3   7   -0.0359768617
3   14   3   8   0.0658098798
3   14   4   11   0.0004537721
3   14   4   12   -0.0266482088
3   14   5   7   0.0317463648
3   14   5   8   -0.0580713367
3   14   7   9   0.0238029058
4   8   1   9   0.0000000000
4   8   1   10   0.0131829906
4   8   2   9   -0.0070457411
4   8   3   10   0.0078101608
4   8   4   9   0.0046351828
4   8   5   10   -0.0032029021
4   8   6   11   0.0034296599
4   8   6   12   0.0000584011
4   8   7   11   -0.0000584011
4   8   7   12   0.0034296599
4   9   1   9   -0.0073701128
4   9   2   9   -0.0000000000
4   9   2   10   0.0127120819
4   9   3   9   -0.0046268631
4   9   3   10   0.0000000000
4   9   4   10   -0.0041368866
4   9   5   9   -0.0011578428
4   9   6   7   0.0027550670
4   9   6   8   0.0015061365
4   9   7   7   -0.0015061365
4   9   7   8   0.0027550670
4   10   1   9   0.0000000000
4   10   1   10   0.0078101608
4   10   2   9   -0.0069028918
4   10   2   10   0.0000000000
4   10   3   10   0.0288559471
4   10   4   9   -0.0136474583
4   10   5   10   -0.0179877272
4   10   6   11   0.0000720231
4   10   6   12   0.0000012264
4   10   7   11   -0.0000012264
4   10   7   12   0.0000720231
4   11   1   9   0.0069337882
4   11   2   9   0.0000000000
4   11   2   10   -0.0041368866
4   11   3   9   0.0058782505
4   11   4   10   0.0210830222
4   11   5   9   -0.0337333031
4   11   6   7   -0.0165214019
4   11   6   8   -0.0090318991
4   11   7   7   0.0090318991
4   11   7   8   -0.0165214019
4   12   1   10   -0.0032029021
4   12   2   9   -0.0000981545
4   12   3   10   -0.0179877272
4   12   4   9   -0.0047627526
4   12   5   10   0.0604110375
4   12   6   11   0.0038600689
4   12   6   12   0.0000657302
4   12   7   11   -0.0000657302
4   12   7   12   0.0038600689
4   13   1   11   -0.0027243036
4   13   1   12   -0.0000463901
4   13   2   7   0.0028900983
4   13   2   8   0.0015799553
4   13   3   11   -0.0185768939
4   13   3   12   -0.0003163318
4   13   4   7   -0.0175684352
4   13   4   8   -0.0096042899
4   13   5   11   0.0476777057
4   13   5   12   0.0008118675
4   13   6   10   0.0146802255
4   14   1   11   0.0000463901
4   14   1   12   -0.0027243036
4   14   2   7   -0.0015799553
4   14   2   8   0.0028900983
4   14   3   11   0.0003163318
4   14   3   12   -0.0185768939
4   14   4   7   0.0096042899
4   14   4   8   -0.0175684352
4   14   5   11   -0.0008118675
4   14   5   12   0.0476777057
4   14   7   10   0.0146802255
5   8   1   7   -0.0000000000
5   8   1   8   -0.0000000000
5   8   1   11   0.0208177207
5   8   2   7   0.0141427722
5   8   2   8   0.0074216384
5   8   3   7   -0.0000000000
5   8   3   11   0.0107058046
5   8   4   7   -0.0073637958
5   8   4   8   -0.0038642657
5   8   4   11   0.0000000000
5   8   5   11   0.0018664302
5   8   6   10   -0.0027243036
5   8   7   10   0.0000463901
5   9   1   7   0.0144185073
5   9   1   8   0.0075663346
5   9   2   7   0.0000000000
5   9   2   8   0.0000000000
5   9   2   11   0.0204369231
5   9   3   7   0.0078986344
5   9   3   8   0.0041449305
5   9   3   11   0.0000000000
5   9   4   7   -0.0000000000
5   9   4   11   -0.0097546958
5   9   5   7   0.0015659838
5   9   5   8   0.0008217742
5   9   6   9   -0.0013093298
5   9   7   9   0.0000222956
5   10   1   7   -0.0000000000
5   10   1   11   0.0107058046
5   10   2   7   0.0116941199
5   10   2   8   0.0061366702
5   10   2   11   0.0000000000
5   10   3   11   0.0220135499
5   10   4   7   -0.0144592912
5   10   4   8   -0.0075877366
5   10   5   11   0.0003867918
5   10   6   10   -0.0185768939
5   10   7   10   0.0003163318
5   11   1   7   -0.0149107029
5   11   1   8   -0.0078246219
5   11   1   11   0.0000000000
5   11   2   7   -0.0000000000
5   11   2   8   -0.0000000000
5   11   2   11   -0.0097546958
5   11   3   7   -0.0170227517
5   11   3   8   -0.0089329522
5   11   4   11   0.0165239569
5   11   5   7   -0.0014146290
5   11   5   8   -0.0007423485
5   11   6   9   -0.0266482088
5   11   7   9   0.0004537721
5   12   1   11   0.0018664302
5   12   2   7   0.0058572870
5   12   2   8   0.0030737019
5   12   3   11   0.0003867918
5   12   4   7   -0.0070878372
5   12   4   8   -0.0037194522
5   12   5   11   0.0095685314
5   12   6   10   0.0476777057
5   12   7   10   -0.0008118675
5   13   1   9   -0.0000000000
5   13   1   10   0.0034296599
5   13   2   9   0.0090782780
5   13   3   10   0.0000720231
5   13   4   9   -0.0119720258
5   13   5   10   0.0038600689
5   13   6   11   0.0735684082
5   13   6   12   0.0011120752
5   13   7   11   -0.0011120752
5   13   7   12   0.0082417729
5   14   1   10   -0.0000584011
5   14   2   9   -0.0001545871
5   14   3   10   -0.0000012264
5   14   4   9   0.0002038625
5   14   5   10   -0.0000657302
5   14   6   11   -0.0011120752
5   14   6   12   0.0570469890
5   14   7   11   0.0082796463
5   14   7   12   -0.0011120752
6   8   1   7   0.0000000000
6   8   1   8   -0.0000000000
6   8   1   12   0.0208177207
6   8   2   7   -0.0074216384
6   8   2   8   0.0141427722
6   8   3   8   -0.0000000000
6   8   3   12   0.0107058046
6   8   4   7   0.0038642657
6   8   4   8   -0.0073637958
6   8   4   12   0.0000000000
6   8   5   12   0.0018664302
6   8   6   10   -0.0000463901
6   8   7   10   -0.0027243036
6   9   1   7   -0.0075663346
6   9   1   8   0.0144185073
6   9   2   7   -0.0000000000
6   9   2   8   0.0000000000
6   9   2   12   0.0204369231
6   9   3   7   -0.0041449305
6   9   3   8   0.0078986344
6   9   3   12   0.0000000000
6   9   4   8   -0.0000000000
6   9   4   12   -0.0097546958
6   9   5   7   -0.0008217742
6   9   5   8   0.0015659838
6   9   6   9   -0.0000222956
6   9   7   9   -0.0013093298
6   10   1   8   -0.0000000000
6   10   1   12   0.0107058046
6   10   2   7   -0.0061366702
6   10   2   8   0.0116941199
6   10   2   12   0.0000000000
6   10   3   12   0.0220135499
6   10   4   7   0.0075877366
6   10   4   8   -0.0144592912
6   10   5   12   0.0003867918
6   10   6   10   -0.0003163318
6   10   7   10   -0.0185768939
6   11   1   7   0.0078246219
6   11   1   8   -0.0149107029
6   11   1   12   0.0000000000
6   11   2   7   0.0000000000
6   11   2   8   -0.0000000000
6   11   2   12   -0.0097546958
6   11   3   7   0.0089329522
6   11   3   8   -0.0170227517
6   11   4   12   0.0165239569
6   11   5   7   0.0007423485
6   11   5   8   -0.0014146290
6   11   6   9   -0.0004537721
6   11   7   9   -0.0266482088
6   12   1   12   0.0018664302
6   12   2   7   -0.0030737019
6   12   2   8   0.0058572870
6   12   3   12   0.0003867918
6   12   4   7   0.0037194522
6   12   4   8   -0.0070878372
6   12   5   12   0.0095685314
6   12   6   10   0.0008118675
6   12   7   10   0.0476777057
6   13   1   10   0.0000584011
6   13   2   9   0.0001545871
6   13   3   10   0.0000012264
6   13   4   9   -0.0002038625
6   13   5   10   0.0000657302
6   13   6   11   0.0011120752
6   13   6   12   0.0082796463
6   13   7   11   0.0570469890
6   13   7   12   0.0011120752
6   14   1   9   -0.0000000000
6   14   1   10   0.0034296599
6   14   2   9   0.0090782780
6   14   3   10   0.0000720231
6   14   4   9   -0.0119720258
6   14   5   10   0.0038600689
6   14   6   11   0.0082417729
6   14   6   12   0.0011120752
6   14   7   11   -0.0011120752
6   14   7   12   0.0735684082

1   8   8   1   -0.6197697872
1   8   8   5   0.0000000001
1   8   8   6   -0.0000000000
1   8   9   5   -0.1675520042
1   8   9   6   0.0879255050
1   8   10   1   0.0044422001
1   8   11   5   -0.0050349892
1   8   11   6   0.0026421884
1   8   12   1   0.0029602933
1   8   13   3   -0.0069300222
1   8   14   3   0.0037884958
1   9   8   5   -0.1675520042
1   9   8   6   0.0879255050
1   9   9   1   -0.6197772501
1   9   9   5   -0.0000000001
1   9   9   6   0.0000000000
1   9   10   5   0.0058929035
1   9   10   6   -0.0030923922
1   9   11   1   -0.0053283840
1   9   12   5   0.0010376344
1   9   12   6   -0.0005445147
1   9   13   3   -0.0000000000
1   9   13   4   -0.0018353467
1   9   14   4   0.0010033450
1   10   8   1   0.0044422001
1   10   9   5   0.0058929035
1   10   9   6   -0.0030923922
1   10   10   1   -0.5144052877
1   10   11   5   0.0425477351
1   10   11   6   -0.0223275819
1   10   12   1   0.0240086384
1   10   13   3   -0.0354443686
1   10   14   3   0.0193766825
1   11   8   5   -0.0050349892
1   11   8   6   0.0026421884
1   11   9   1   -0.0053283840
1   11   10   5   0.0425477351
1   11   10   6   -0.0223275819
1   11   11   1   -0.4780117083
1   11   12   5   0.0401386210
1   11   12   6   -0.0210633620
1   11   13   4   0.0069350973
1   11   14   4   -0.0037912702
1   12   8   1   0.0029602933
1   12   9   5   0.0010376344
1   12   9   6   -0.0005445147
1   12   10   1   0.0240086384
1   12   11   5   0.0401386210
1   12   11   6   -0.0210633620
1   12   12   1   -0.4764894631
1   12   13   3   0.0016122925
1   12   14   3   -0.0008814060
1   13   8   3   -0.0069300222
1   13   9   3   -0.0000000000
1   13   9   4   -0.0018353467
1   13   10   3   -0.0354443686
1   13   11   4   0.0069350973
1   13   12   3   0.0016122925
1   13   13   1   -0.4868231808
1   13   13   2   -0.0149191866
1   13   14   1   0.0149191866
1   13   14   2   -0.0095672953
1   14   8   3   0.0037884958
1   14   9   4   0.0010033450
1   14   10   3   0.0193766825
1   14   11   4   -0.0037912702
1   14   12   3   -0.0008814060
1   14   13   1   0.0149191866
1   14   13   2   -0.0095672953
1   14   14   1   -0.4676885902
1   14   14   2   0.0149191866
2   8   8   2   -0.6197697872
2   8   8   5   0.0000000000
2   8   8   6   0.0000000001
2   8   9   5   -0.0879255050
2   8   9   6   -0.1675520042
2   8   10   2   0.0044422001
2   8   11   5   -0.0026421884
2   8   11   6   -0.0050349892
2   8   12   2   0.0029602933
2   8   13   3   -0.0037884958
2   8   14   3   -0.0069300222
2   9   8   5   -0.0879255050
2   9   8   6   -0.1675520042
2   9   9   2   -0.6197772501
2   9   9   5   -0.0000000000
2   9   9   6   -0.0000000001
2   9   10   5   0.0030923922
2   9   10   6   0.0058929035
2   9   11   2   -0.0053283840
2   9   12   5   0.0005445147
2   9   12   6   0.0010376344
2   9   13   4   -0.0010033450
2   9   14   3   -0.0000000000
2   9   14   4   -0.0018353467
2   10   8   2   0.0044422001
2   10   9   5   0.0030923922
2   10   9   6   0.0058929035
2   10   10   2   -0.5144052877
2   10   11   5   0.0223275819
2   10   11   6   0.0425477351
2   10   12   2   0.0240086384
2   10   13   3   -0.0193766825
2   10   14   3   -0.0354443686
2   11   8   5   -0.0026421884
2   11   8   6   -0.0050349892
2   11   9   2   -0.0053283840
2   11   10   5   0.0223275819
2   11   10   6   0.0425477351
2   11   11   2   -0.4780117083
2   11   12   5   0.0210633620
2   11   12   6   0.0401386210
2   11   13   4   0.0037912702
2   11   14   4   0.0069350973
2   12   8   2   0.0029602933
2   12   9   5   0.0005445147
2   12   9   6   0.0010376344
2   12   10   2   0.0240086384
2   12   11   5   0.0210633620
2   12   11   6   0.0401386210
2   12   12   2   -0.4764894631
2   12   13   3   0.0008814060
2   12   14   3   0.0016122925
2   13   8   3   -0.0037884958
2   13   9   4   -0.0010033450
2   13   10   3   -0.0193766825
2   13   11   4   0.0037912702
2   13   12   3   0.0008814060
2   13   13   1   -0.0149191866
2   13   13   2   -0.4676885902
2   13   14   1   -0.0095672953
2   13   14   2   -0.0149191866
2   14   8   3   -0.0069300222
2   14   9   3   -0.0000000000
2   14   9   4   -0.0018353467
2   14   10   3   -0.0354443686
2   14   11   4   0.0069350973
2   14   12   3   0.0016122925
2   14   13   1   -0.0095672953
2   14   13   2   -0.0149191866
2   14   14   1   0.0149191866
2   14   14   2   -0.4868231808
3   8   8   3   -0.5641568802
3   8   8   4   -0.0000000000
3   8   9   4   0.0230298822
3   8   10   3   0.0021163483
3   8   11   3   0.0000000000
3   8   11   4   0.0051822224
3   8   12   3   0.0104617039
3   8   12   4   0.0000000000
3   8   13   1   -0.0069300222
3   8   13   2   -0.0037884958
3   8   14   1   0.0037884958
3   8   14   2   -0.0069300222
3   9   8   4   0.0230298822
3   9   9   3   -0.5641581971
3   9   9   4   0.0000000000
3   9   10   4   -0.0003649647
3   9   11   3   -0.0087976000
3   9   12   3   0.0000000000
3   9   12   4   -0.0071377108
3   9   13   1   -0.0000000000
3   9   13   5   -0.0063990551
3   9   13   6   -0.0001089647
3   9   14   2   -0.0000000000
3   9   14   5   0.0001089647
3   9   14   6   -0.0063990551
3   10   8   3   0.0021163483
3   10   9   4   -0.0003649647
3   10   10   3   -0.4916913700
3   10   11   4   0.0233845048
3   10   12   3   0.0445216501
3   10   13   1   -0.0354443686
3   10   13   2   -0.0193766825
3   10   14   1   0.0193766825
3   10   14   2   -0.0354443686
3   11   8   3   0.0000000000
3   11   8   4   0.0051822224
3   11   9   3   -0.0087976000
3   11   10   4   0.0233845048
3   11   11   3   -0.4279711063
3   11   12   4   0.0551893708
3   11   13   5   0.0165502789
3   11   13   6   0.0002818221
3   11   14   5   -0.0002818221
3   11   14   6   0.0165502789
3   12   8   3   0.0104617039
3   12   8   4   0.0000000000
3   12   9   3   0.0000000000
3   12   9   4   -0.0071377108
3   12   10   3   0.0445216501
3   12   11   4   0.0551893708
3   12   12   3   -0.4469388975
3   12   13   1   0.0016122925
3   12   13   2   0.0008814060
3   12   14   1   -0.0008814060
3   12   14   2   0.0016122925
3   13   8   1   -0.0069300222
3   13   8   2   -0.0037884958
3   13   9   1   -0.0000000000
3   13   9   5   -0.0063990551
3   13   9   6   -0.0001089647
3   13   10   1   -0.0354443686
3   13   10   2   -0.0193766825
3   13   11   5   0.0165502789
3   13   11   6   0.0002818221
3   13   12   1   0.0016122925
3   13   12   2   0.0008814060
3   13   13   3   -0.4317745296
3   14   8   1   0.0037884958
3   14   8   2   -0.0069300222
3   14   9   2   -0.0000000000
3   14   9   5   0.0001089647
3   14   9   6   -0.0063990551
3   14   10   1   0.0193766825
3   14   10   2   -0.0354443686
3   14   11   5   -0.0002818221
3   14   11   6   0.0165502789
3   14   12   1   -0.0008814060
3   14   12   2   0.0016122925
3   14   14   3   -0.4317745296
4   8   8   3   -0.0000000000
4   8   8   4   -0.5133143359
4   8   9   3   0.0230298822
4   8   9   4   0.0000000000
4   8   10   4   0.0034129404
4   8   11   3   0.0051822224
4   8   12   3   0.0000000000
4   8   12   4   0.0049848519
4   8   13   5   -0.0001787291
4   8   13   6   -0.0000030434
4   8   14   5   0.0000030434
4   8   14   6   -0.0001787291
4   9   8   3   0.0230298822
4   9   8   4   0.0000000000
4   9   9   3   0.0000000000
4   9   9   4   -0.5133175046
4   9   10   3   -0.0003649647
4   9   11   4   -0.0060690183
4   9   12   3   -0.0071377108
4   9   13   1   -0.0018353467
4   9   13   2   -0.0010033450
4   9   14   1   0.0010033450
4   9   14   2   -0.0018353467
4   10   8   4   0.0034129404
4   10   9   3   -0.0003649647
4   10   10   4   -0.4435937094
4   10   11   3   0.0233845048
4   10   12   4   0.0310759459
4   10   13   5   0.0114975432
4   10   13   6   0.0001957829
4   10   14   5   -0.0001957829
4   10   14   6   0.0114975432
4   11   8   3   0.0051822224
4   11   9   4   -0.0060690183
4   11   10   3   0.0233845048
4   11   11   4   -0.4032691071
4   11   12   3   0.0551893708
4   11   12   4   -0.0000000000
4   11   13   1   0.0069350973
4   11   13   2   0.0037912702
4   11   14   1   -0.0037912702
4   11   14   2   0.0069350973
4   12   8   3   0.0000000000
4   12   8   4   0.0049848519
4   12   9   3   -0.0071377108
4   12   10   4   0.0310759459
4   12   11   3   0.0551893708
4   12   11   4   -0.0000000000
4   12   12   4   -0.4215987010
4   12   13   5   -0.0089876389
4   12   13   6   -0.0001530437
4   12   14   5   0.0001530437
4   12   14   6   -0.0089876389
4   13   8   5   -0.0001787291
4   13   8   6   -0.0000030434
4   13   9   1   -0.0018353467
4   13   9   2   -0.0010033450
4   13   10   5   0.0114975432
4   13   10   6   0.0001957829
4   13   11   1   0.0069350973
4   13   11   2   0.0037912702
4   13   12   5   -0.0089876389
4   13   12   6   -0.0001530437
4   13   13   4   -0.3991235885
4   14   8   5   0.0000030434
4   14   8   6   -0.0001787291
4   14   9   1   0.0010033450
4   14   9   2   -0.0018353467
4   14   10   5   -0.0001957829
4   14   10   6   0.0114975432
4   14   11   1   -0.0037912702
4   14   11   2   0.0069350973
4   14   12   5   0.0001530437
4   14   12   6   -0.0089876389
4   14   14   4   -0.3991235885
5   8   8   1   0.0000000001
5   8   8   2   0.0000000000
5   8   8   5   -0.6021290610
5   8   9   1   -0.1675520042
5   8   9   2   -0.0879255050
5   8   10   5   0.0060679678
5   8   11   1   -0.0050349892
5   8   11   2   -0.0026421884
5   8   11   5   0.0000000000
5   8   12   5   0.0069706196
5   8   13   4   -0.0001787291
5   8   14   4   0.0000030434
5   9   8   1   -0.1675520042
5   9   8   2   -0.0879255050
5   9   9   1   -0.0000000001
5   9   9   2   -0.0000000000
5   9   9   5   -0.6021376161
5   9   10   1   0.0058929035
5   9   10   2   0.0030923922
5   9   11   5   -0.0093456130
5   9   12   1   0.0010376344
5   9   12   2   0.0005445147
5   9   12   5   0.0000000000
5   9   13   3   -0.0063990551
5   9   14   3   0.0001089647
5   10   8   5   0.0060679678
5   10   9   1   0.0058929035
5   10   9   2   0.0030923922
5   10   10   5   -0.4837693618
5   10   11   1   0.0425477351
5   10   11   2   0.0223275819
5   10   12   5   0.0365780555
5   10   13   4   0.0114975432
5   10   14   4   -0.0001957829
5   11   8   1   -0.0050349892
5   11   8   2   -0.0026421884
5   11   8   5   0.0000000000
5   11   9   5   -0.0093456130
5   11   10   1   0.0425477351
5   11   10   2   0.0223275819
5   11   11   5   -0.4242931589
5   11   12   1   0.0401386210
5   11   12   2   0.0210633620
5   11   13   3   0.0165502789
5   11   14   3   -0.0002818221
5   12   8   5   0.0069706196
5   12   9   1   0.0010376344
5   12   9   2   0.0005445147
5   12   9   5   0.0000000000
5   12   10   5   0.0365780555
5   12   11   1   0.0401386210
5   12   11   2   0.0210633620
5   12   12   5   -0.4283416147
5   12   13   4   -0.0089876389
5   12   14   4   0.0001530437
5   13   8   4   -0.0001787291
5   13   9   3   -0.0063990551
5   13   10   4   0.0114975432
5   13   11   3   0.0165502789
5   13   12   4   -0.0089876389
5   13   13   5   -0.4583294274
5   13   13   6   -0.0005097379
5   13   14   5   0.0005097379
5   13   14   6   -0.0149630871
5   14   8   4   0.0000030434
5   14   9   3   0.0001089647
5   14   10   4   -0.0001957829
5   14   11   3   -0.0002818221
5   14   12   4   0.0001530437
5   14   13   5   0.0005097379
5   14   13   6   -0.0149630871
5   14   14   5   -0.4284032533
5   14   14   6   0.0005097379
6   8   8   1   -0.0000000000
6   8   8   2   0.0000000001
6   8   8   6   -0.6021290610
6   8   9   1   0.0879255050
6   8   9   2   -0.1675520042
6   8   10   6   0.0060679678
6   8   11   1   0.0026421884
6   8   11   2   -0.0050349892
6   8   11   6   0.0000000000
6   8   12   6   0.0069706196
6   8   13   4   -0.0000030434
6   8   14   4   -0.0001787291
6   9   8   1   0.0879255050
6   9   8   2   -0.1675520042
6   9   9   1   0.0000000000
6   9   9   2   -0.0000000001
6   9   9   6   -0.6021376161
6   9   10   1   -0.0030923922
6   9   10   2   0.0058929035
6   9   11   6   -0.0093456130
6   9   12   1   -0.0005445147
6   9   12   2   0.0010376344
6   9   12   6   0.0000000000
6   9   13   3   -0.0001089647
6   9   14   3   -0.0063990551
6   10   8   6   0.0060679678
6   10   9   1   -0.0030923922
6   10   9   2   0.0058929035
6   10   10   6   -0.4837693618
6   10   11   1   -0.0223275819
6   10   11   2   0.0425477351
6   10   12   6   0.0365780555
6   10   13   4   0.0001957829
6   10   14   4   0.0114975432
6   11   8   1   0.0026421884
6   11   8   2   -0.0050349892
6   11   8   6   0.0000000000
6   11   9   6   -0.0093456130
6   11   10   1   -0.0223275819
6   11   10   2   0.0425477351
6   11   11   6   -0.4242931589
6   11   12   1   -0.0210633620
6   11   12   2   0.0401386210
6   11   13   3   0.0002818221
6   11   14   3   0.0165502789
6   12   8   6   0.0069706196
6   12   9   1   -0.0005445147
6   12   9   2   0.0010376344
6   12   9   6   0.0000000000
6   12   10   6   0.0365780555
6   12   11   1   -0.0210633620
6   12   11   2   0.0401386210
6   12   12   6   -0.4283416147
6   12   13   4   -0.0001530437
6   12   14   4   -0.0089876389
6   13   8   4   -0.0000030434
6   13   9   3   -0.0001089647
6   13   10   4   0.0001957829
6   13   11   3   0.0002818221
6   13   12   4   -0.0001530437
6   13   13   5   -0.0005097379
6   13   13   6   -0.4284032533
6   13   14   5   -0.0149630871
6   13   14   6   -0.0005097379
6   14   8   4   -0.0001787291
6   14   9   3   -0.0063990551
6   14   10   4   0.0114975432
6   14   11   3   0.0165502789
6   14   12   4   -0.0089876389
6   14   13   5   -0.0149630871
6   14   13   6   -0.0005097379
6   14   14   5   0.0005097379
6   14   14   6   -0.4583294274

End AIJB Block
Begin IJKA Block
1   8   1   9   0.0000000001
1   8   1   10   -0.0206747440
1   8   2   9   -0.1267617070
1   8   2   10   0.0000000000
1   8   3   9   -0.0000000000
1   8   3   10   -0.0026100128
1   8   4   9   -0.0155286472
1   8   4   10   0.0000000000
1   8   5   10   0.0141236398
1   8   6   7   -0.0000000000
1   8   6   8   -0.0000000000
1   8   6   11   0.0153593095
1   8   6   12   0.0002615420
1   8   7   7   0.0000000000
1   8   7   8   -0.0000000000
1   8   7   11   -0.0002615420
1   8   7   12   0.0153593095
1   9   1   9   -0.1199458912
1   9   2   9   -0.0000000000
1   9   2   10   -0.0112600512
1   9   3   9   0.0225447565
1   9   4   10   -0.0073491315
1   9   5   9   -0.0031515974
1   9   6   7   0.0105918603
1   9   6   8   0.0057903448
1   9   7   7   -0.0057903448
1   9   7   8   0.0105918603
1   10   1   9   -0.0000000001
1   10   1   10   -0.0567497149
1   10   2   9   0.1838625354
1   10   3   10   -0.0022764834
1   10   4   9   0.0088178244
1   10   5   9   0.0000000000
1   10   5   10   0.0089244236
1   10   6   7   -0.0000000000
1   10   6   11   0.0086536342
1   10   6   12   0.0001473562
1   10   7   8   -0.0000000000
1   10   7   11   -0.0001473562
1   10   7   12   0.0086536342
1   11   1   9   -0.1046870983
1   11   1   10   0.0000000000
1   11   2   10   -0.0689239523
1   11   3   9   0.0002999887
1   11   4   9   0.0000000000
1   11   4   10   -0.0006769392
1   11   5   9   0.0092539488
1   11   6   7   -0.0122070764
1   11   6   8   -0.0066733491
1   11   6   11   0.0000000000
1   11   7   7   0.0066733491
1   11   7   8   -0.0122070764
1   11   7   12   0.0000000000
1   12   1   9   0.0000000000
1   12   1   10   0.2020079784
1   12   2   9   -0.1342310936
1   12   2   10   -0.0000000000
1   12   3   10   -0.0037582396
1   12   4   9   -0.0014798786
1   12   5   10   -0.0048958126
1   12   6   11   0.0014085865
1   12   6   12   0.0000239858
1   12   7   11   -0.0000239858
1   12   7   12   0.0014085865
1   13   1   7   -0.0000000001
1   13   1   8   -0.0000000000
1   13   1   11   0.2316426839
1   13   1   12   0.0039444674
1   13   2   7   0.2296671527
1   13   2   8   0.1255541482
1   13   3   11   -0.0047076422
1   13   3   12   -0.0000801629
1   13   4   7   0.0025200668
1   13   4   8   0.0013776670
1   13   4   11   -0.0000000000
1   13   5   11   -0.0046973411
1   13   5   12   -0.0000799875
1   13   6   9   -0.0000000000
1   13   6   10   0.0028901108
1   14   1   7   0.0000000000
1   14   1   8   -0.0000000001
1   14   1   11   -0.0039444674
1   14   1   12   0.2316426839
1   14   2   7   -0.1255541482
1   14   2   8   0.2296671527
1   14   3   11   0.0000801629
1   14   3   12   -0.0047076422
1   14   4   7   -0.0013776670
1   14   4   8   0.0025200668
1   14   4   12   -0.0000000000
1   14   5   11   0.0000799875
1   14   5   12   -0.0046973411
1   14   7   9   -0.0000000000
1   14   7   10   0.0028901108
2   8   1   9   -0.1267617070
2   8   1   10   0.0000000000
2   8   2   9   -0.0000000000
2   8   2   10   -0.0206747323
2   8   3   9   0.0223721426
2   8   4   10   -0.0075633843
2   8   5   9   -0.0027682192
2   8   6   7   0.0103487345
2   8   6   8   0.0056574331
2   8   7   7   -0.0056574331
2   8   7   8   0.0103487345
2   9   1   9   -0.0000000000
2   9   1   10   -0.0112600512
2   9   2   9   -0.1199668652
2   9   2   10   -0.0000000000
2   9   3   9   0.0000000000
2   9   3   10   -0.0023631238
2   9   4   9   -0.0153838875
2   9   4   10   -0.0000000000
2   9   5   10   0.0135692991
2   9   6   7   0.0000000000
2   9   6   8   0.0000000000
2   9   6   11   0.0150215166
2   9   6   12   0.0002557900
2   9   7   7   -0.0000000000
2   9   7   8   0.0000000000
2   9   7   11   -0.0002557900
2   9   7   12   0.0150215166
2   10   1   9   0.1838625354
2   10   2   9   0.0000000001
2   10   2   10   -0.0567434020
2   10   3   9   -0.0034736113
2   10   4   9   0.0000000000
2   10   4   10   -0.0044323010
2   10   5   9   -0.0092812695
2   10   5   10   0.0000000000
2   10   6   7   0.0094775140
2   10   6   8   0.0051811554
2   10   6   11   0.0000000000
2   10   7   7   -0.0051811554
2   10   7   8   0.0094775140
2   10   7   12   0.0000000000
2   11   1   10   -0.0689239523
2   11   2   9   -0.1046842881
2   11   2   10   -0.0000000000
2   11   3   10   0.0044829745
2   11   4   9   -0.0065905547
2   11   5   9   0.0000000000
2   11   5   10   -0.0039663317
2   11   6   7   -0.0000000000
2   11   6   8   -0.0000000000
2   11   6   11   -0.0077965747
2   11   6   12   -0.0001327620
2   11   7   7   0.0000000000
2   11   7   8   -0.0000000000
2   11   7   11   0.0001327620
2   11   7   12   -0.0077965747
2   12   1   9   -0.1342310936
2   12   1   10   -0.0000000000
2   12   2   9   -0.0000000000
2   12   2   10   0.2020110206
2   12   3   9   0.0023511194
2   12   4   10   0.0062825832
2   12   5   9   -0.0003243299
2   12   6   7   0.0047696624
2   12   6   8   0.0026074730
2   12   7   7   -0.0026074730
2   12   7   8   0.0047696624
2   13   1   7   0.2296671527
2   13   1   8   0.1255541482
2   13   2   7   0.0000000001
2   13   2   8   0.0000000000
2   13   2   11   0.2316499851
2   13   2   12   0.0039445918
2   13   3   7   -0.0058382978
2   13   3   8   -0.0031916733
2   13   4   11   0.0067394894
2   13   4   12   0.0001147617
2   13   5   7   0.0024039725
2   13   5   8   0.0013142007
2   13   6   9   0.0073943839
2   14   1   7   -0.1255541482
2   14   1   8   0.2296671527
2   14   2   7   -0.0000000000
2   14   2   8   0.0000000001
2   14   2   11   -0.0039445918
2   14   2   12   0.2316499851
2   14   3   7   0.0031916733
2   14   3   8   -0.0058382978
2   14   4   11   -0.0001147617
2   14   4   12   0.0067394894
2   14   5   7   -0.0013142007
2   14   5   8   0.0024039725
2   14   7   9   0.0073943839
3   8   1   9   -0.0000000000
3   8   1   10   -0.0026100128
3   8   2   9   0.0223721426
3   8   3   9   -0.0000000000
3   8   3   10   -0.0176324961
3   8   4   9   0.0062512127
3   8   5   9   0.0000000000
3   8   5   10   0.0137208274
3   8   6   7   -0.0000000000
3   8   6   8   -0.0000000000
3   8   6   11   0.0174144746
3   8   6   12   0.0002965379
3   8   7   7   0.0000000000
3   8   7   8   -0.0000000000
3   8   7   11   -0.0002965379
3   8   7   12   0.0174144746
3   9   1   9   0.0225447565
3   9   2   9   0.0000000000
3   9   2   10   -0.0023631238
3   9   3   9   0.0079173213
3   9   3   10   -0.0000000000
3   9   4   10   -0.0026782985
3   9   5   9   -0.0105334047
3   9   5   10   0.0000000000
3   9   6   7   0.0130524743
3   9   6   8   0.0071355101
3   9   6   11   0.0000000000
3   9   7   7   -0.0071355101
3   9   7   8   0.0130524743
3   9   7   12   0.0000000000
3   10   1   10   -0.0022764834
3   10   2   9   -0.0034736113
3   10   3   10   -0.0531536850
3   10   4   9   -0.0587145336
3   10   5   10   0.0329462715
3   10   6   11   0.0268967551
3   10   6   12   0.0004580044
3   10   7   11   -0.0004580044
3   10   7   12   0.0268967551
3   11   1   9   0.0002999887
3   11   2   10   0.0044829745
3   11   3   9   -0.0938060005
3   11   4   10   0.0155662660
3   11   5   9   0.0360558672
3   11   6   7   -0.0583383788
3   11   6   8   -0.0318923510
3   11   7   7   0.0318923510
3   11   7   8   -0.0583383788
3   12   1   10   -0.0037582396
3   12   2   9   0.0023511194
3   12   3   10   0.1281361795
3   12   4   9   0.0567795123
3   12   5   10   -0.0365385331
3   12   6   11   -0.0066121070
3   12   6   12   -0.0001125926
3   12   7   11   0.0001125926
3   12   7   12   -0.0066121070
3   13   1   11   -0.0047076422
3   13   1   12   -0.0000801629
3   13   2   7   -0.0058382978
3   13   2   8   -0.0031916733
3   13   3   11   0.1280905811
3   13   3   12   0.0021811573
3   13   4   7   -0.0978212599
3   13   4   8   -0.0534768025
3   13   5   11   -0.0237181495
3   13   5   12   -0.0004038784
3   13   6   10   0.0213363284
3   14   1   11   0.0000801629
3   14   1   12   -0.0047076422
3   14   2   7   0.0031916733
3   14   2   8   -0.0058382978
3   14   3   11   -0.0021811573
3   14   3   12   0.1280905811
3   14   4   7   0.0534768025
3   14   4   8   -0.0978212599
3   14   5   11   0.0004038784
3   14   5   12   -0.0237181495
3   14   7   10   0.0213363284
4   8   1   9   -0.0155286472
4   8   1   10   0.0000000000
4   8   2   10   -0.0075633843
4   8   3   9   0.0062512127
4   8   4   9   0.0000000000
4   8   4   10   0.0059580234
4   8   5   9   0.0137966256
4   8   5   10   0.0000000000
4   8   6   7   -0.0103900175
4   8   6   8   -0.0056800016
4   8   6   11   0.0000000000
4   8   7   7   0.0056800016
4   8   7   8   -0.0103900175
4   8   7   12   0.0000000000
4   9   1   10   -0.0073491315
4   9   2   9   -0.0153838875
4   9   2   10   -0.0000000000
4   9   3   10   -0.0026782985
4   9   4   9   -0.0101442112
4   9   5   9   0.0000000000
4   9   5   10   -0.0138009645
4   9   6   7   -0.0000000000
4   9   6   11   -0.0135463815
4   9   6   12   -0.0002306710
4   9   7   8   -0.0000000000
4   9   7   11   0.0002306710
4   9   7   12   -0.0135463815
4   10   1   9   0.0088178244
4   10   2   9   0.0000000000
4   10   2   10   -0.0044323010
4   10   3   9   -0.0587145336
4   10   4   10   -0.0081539759
4   10   5   9   -0.0348582803
4   10   6   7   -0.0367026337
4   10   6   8   -0.0200645493
4   10   7   7   0.0200645493
4   10   7   8   -0.0367026337
4   11   1   9   0.0000000000
4   11   1   10   -0.0006769392
4   11   2   9   -0.0065905547
4   11   3   10   0.0155662660
4   11   4   9   -0.0243266742
4   11   5   10   0.0159943768
4   11   6   11   0.0171445331
4   11   6   12   0.0002919412
4   11   7   11   -0.0002919412
4   11   7   12   0.0171445331
4   12   1   9   -0.0014798786
4   12   2   10   0.0062825832
4   12   3   9   0.0567795123
4   12   4   10   0.0744805343
4   12   5   9   0.0835638236
4   12   6   7   -0.0271737963
4   12   6   8   -0.0148553365
4   12   7   7   0.0148553365
4   12   7   8   -0.0271737963
4   13   1   7   0.0025200668
4   13   1   8   0.0013776670
4   13   1   11   -0.0000000000
4   13   2   11   0.0067394894
4   13   2   12   0.0001147617
4   13   3   7   -0.0978212599
4   13   3   8   -0.0534768025
4   13   4   11   0.0956872162
4   13   4   12   0.0016293850
4   13   5   7   -0.1143102248
4   13   5   8   -0.0624909689
4   13   6   9   -0.0231444529
4   14   1   7   -0.0013776670
4   14   1   8   0.0025200668
4   14   1   12   -0.0000000000
4   14   2   11   -0.0001147617
4   14   2   12   0.0067394894
4   14   3   7   0.0534768025
4   14   3   8   -0.0978212599
4   14   4   11   -0.0016293850
4   14   4   12   0.0956872162
4   14   5   7   0.0624909689
4   14   5   8   -0.1143102248
4   14   7   9   -0.0231444529
5   8   1   10   0.0141236398
5   8   2   9   -0.0027682192
5   8   3   9   0.0000000000
5   8   3   10   0.0137208274
5   8   4   9   0.0137966256
5   8   4   10   0.0000000000
5   8   5   10   0.0021959786
5   8   6   11   0.0040891611
5   8   6   12   0.0000696312
5   8   7   11   -0.0000696312
5   8   7   12   0.0040891611
5   9   1   9   -0.0031515974
5   9   2   10   0.0135692991
5   9   3   9   -0.0105334047
5   9   3   10   0.0000000000
5   9   4   9   0.0000000000
5   9   4   10   -0.0138009645
5   9   5   9   -0.0064060822
5   9   6   7   0.0033795574
5   9   6   8   0.0018475321
5   9   7   7   -0.0018475321
5   9   7   8   0.0033795574
5   10   1   9   0.0000000000
5   10   1   10   0.0089244236
5   10   2   9   -0.0092812695
5   10   2   10   0.0000000000
5   10   3   10   0.0329462715
5   10   4   9   -0.0348582803
5   10   5   10   -0.0289554843
5   10   6   11   -0.0011364455
5   10   6   12   -0.0000193517
5   10   7   11   0.0000193517
5   10   7   12   -0.0011364455
5   11   1   9   0.0092539488
5   11   2   9   0.0000000000
5   11   2   10   -0.0039663317
5   11   3   9   0.0360558672
5   11   4   10   0.0159943768
5   11   5   9   -0.0222326702
5   11   6   7   -0.0235157329
5   11   6   8   -0.0128555511
5   11   7   7   0.0128555511
5   11   7   8   -0.0235157329
5   12   1   10   -0.0048958126
5   12   2   9   -0.0003243299
5   12   3   10   -0.0365385331
5   12   4   9   0.0835638236
5   12   5   10   0.0883769798
5   12   6   11   0.0066948834
5   12   6   12   0.0001140021
5   12   7   11   -0.0001140021
5   12   7   12   0.0066948834
5   13   1   11   -0.0046973411
5   13   1   12   -0.0000799875
5   13   2   7   0.0024039725
5   13   2   8   0.0013142007
5   13   3   11   -0.0237181495
5   13   3   12   -0.0004038784
5   13   4   7   -0.1143102248
5   13   4   8   -0.0624909689
5   13   5   11   0.1026463087
5   13   5   12   0.0017478861
5   13   6   10   0.0062261332
5   14   1   11   0.0000799875
5   14   1   12   -0.0046973411
5   14   2   7   -0.0013142007
5   14   2   8   0.0024039725
5   14   3   11   0.0004038784
5   14   3   12   -0.0237181495
5   14   4   7   0.0624909689
5   14   4   8   -0.1143102248
5   14   5   11   -0.0017478861
5   14   5   12   0.1026463087
5   14   7   10   0.0062261332
6   8   1   7   -0.0000000000
6   8   1   8   -0.0000000000
6   8   1   11   0.0153593095
6   8   1   12   0.0002615420
6   8   2   7   0.0103487345
6   8   2   8   0.0056574331
6   8   3   7   -0.0000000000
6   8   3   8   -0.0000000000
6   8   3   11   0.0174144746
6   8   3   12   0.0002965379
6   8   4   7   -0.0103900175
6   8   4   8   -0.0056800016
6   8   4   11   0.0000000000
6   8   5   11   0.0040891611
6   8   5   12   0.0000696312
6   8   6   10   -0.0056113968
6   9   1   7   0.0105918603
6   9   1   8   0.0057903448
6   9   2   7   0.0000000000
6   9   2   8   0.0000000000
6   9   2   11   0.0150215166
6   9   2   12   0.0002557900
6   9   3   7   0.0130524743
6   9   3   8   0.0071355101
6   9   3   11   0.0000000000
6   9   4   7   -0.0000000000
6   9   4   11   -0.0135463815
6   9   4   12   -0.0002306710
6   9   5   7   0.0033795574
6   9   5   8   0.0018475321
6   9   6   9   0.0021007340
6   10   1   7   -0.0000000000
6   10   1   11   0.0086536342
6   10   1   12   0.0001473562
6   10   2   7   0.0094775140
6   10   2   8   0.0051811554
6   10   2   11   0.0000000000
6   10   3   11   0.0268967551
6   10   3   12   0.0004580044
6   10   4   7   -0.0367026337
6   10   4   8   -0.0200645493
6   10   5   11   -0.0011364455
6   10   5   12   -0.0000193517
6   10   6   10   -0.0149128135
6   11   1   7   -0.0122070764
6   11   1   8   -0.0066733491
6   11   1   11   0.0000000000
6   11   2   7   -0.0000000000
6   11   2   8   -0.0000000000
6   11   2   11   -0.0077965747
6   11   2   12   -0.0001327620
6   11   3   7   -0.0583383788
6   11   3   8   -0.0318923510
6   11   4   11   0.0171445331
6   11   4   12   0.0002919412
6   11   5   7   -0.0235157329
6   11   5   8   -0.0128555511
6   11   6   9   -0.0669948192
6   12   1   11   0.0014085865
6   12   1   12   0.0000239858
6   12   2   7   0.0047696624
6   12   2   8   0.0026074730
6   12   3   11   -0.0066121070
6   12   3   12   -0.0001125926
6   12   4   7   -0.0271737963
6   12   4   8   -0.0148553365
6   12   5   11   0.0066948834
6   12   5   12   0.0001140021
6   12   6   10   0.0879363755
6   13   1   9   -0.0000000000
6   13   1   10   0.0028901108
6   13   2   9   0.0073943839
6   13   3   10   0.0213363284
6   13   4   9   -0.0231444529
6   13   5   10   0.0062261332
6   13   6   11   0.0983906643
6   13   6   12   0.0016754199
6   13   7   11   -0.0000486600
6   13   7   12   0.0028576043
6   14   6   11   -0.0015781000
6   14   6   12   0.0926754558
6   14   7   11   0.0028576043
6   14   7   12   0.0000486600
7   8   1   7   0.0000000000
7   8   1   8   -0.0000000000
7   8   1   11   -0.0002615420
7   8   1   12   0.0153593095
7   8   2   7   -0.0056574331
7   8   2   8   0.0103487345
7   8   3   7   0.0000000000
7   8   3   8   -0.0000000000
7   8   3   11   -0.0002965379
7   8   3   12   0.0174144746
7   8   4   7   0.0056800016
7   8   4   8   -0.0103900175
7   8   4   12   0.0000000000
7   8   5   11   -0.0000696312
7   8   5   12   0.0040891611
7   8   7   10   -0.0056113968
7   9   1   7   -0.0057903448
7   9   1   8   0.0105918603
7   9   2   7   -0.0000000000
7   9   2   8   0.0000000000
7   9   2   11   -0.0002557900
7   9   2   12   0.0150215166
7   9   3   7   -0.0071355101
7   9   3   8   0.0130524743
7   9   3   12   0.0000000000
7   9   4   8   -0.0000000000
7   9   4   11   0.0002306710
7   9   4   12   -0.0135463815
7   9   5   7   -0.0018475321
7   9   5   8   0.0033795574
7   9   7   9   0.0021007340
7   10   1   8   -0.0000000000
7   10   1   11   -0.0001473562
7   10   1   12   0.0086536342
7   10   2   7   -0.0051811554
7   10   2   8   0.0094775140
7   10   2   12   0.0000000000
7   10   3   11   -0.0004580044
7   10   3   12   0.0268967551
7   10   4   7   0.0200645493
7   10   4   8   -0.0367026337
7   10   5   11   0.0000193517
7   10   5   12   -0.0011364455
7   10   7   10   -0.0149128135
7   11   1   7   0.0066733491
7   11   1   8   -0.0122070764
7   11   1   12   0.0000000000
7   11   2   7   0.0000000000
7   11   2   8   -0.0000000000
7   11   2   11   0.0001327620
7   11   2   12   -0.0077965747
7   11   3   7   0.0318923510
7   11   3   8   -0.0583383788
7   11   4   11   -0.0002919412
7   11   4   12   0.0171445331
7   11   5   7   0.0128555511
7   11   5   8   -0.0235157329
7   11   7   9   -0.0669948192
7   12   1   11   -0.0000239858
7   12   1   12   0.0014085865
7   12   2   7   -0.0026074730
7   12   2   8   0.0047696624
7   12   3   11   0.0001125926
7   12   3   12   -0.0066121070
7   12   4   7   0.0148553365
7   12   4   8   -0.0271737963
7   12   5   11   -0.0001140021
7   12   5   12   0.0066948834
7   12   7   10   0.0879363755
7   13   6   11   -0.0000486600
7   13   6   12   0.0028576043
7   13   7   11   0.0926754558
7   13   7   12   0.0015781000
7   14   1   9   -0.0000000000
7   14   1   10   0.0028901108
7   14   2   9   0.0073943839
7   14   3   10   0.0213363284
7   14   4   9   -0.0231444529
7   14   5   10   0.0062261332
7   14   6   11   0.0028576043
7   14   6   12   0.0000486600
7   14   7   11   -0.0016754199
7   14   7   12   0.0983906643

End IJKA Block
Begin IABC Block
1   7   1   9   -0.0000000000
1   7   1   10   0.0023536185
1   7   3   11   -0.0032446974
1   7   3   12   0.0017027051
1   7   4   7   -0.0012540308
1   7   5   9   0.0085057838
1   7   6   9   -0.0044635416
1   8   2   9   -0.0000000000
1   8   2   10   0.0023536185
1   8   3   11   -0.0017027051
1   8   3   12   -0.0032446974
1   8   4   8   -0.0012540308
1   8   5   9   0.0044635416
1   8   6   9   0.0085057838
1   9   1   7   -0.0000000000
1   9   1   11   0.0058604182
1   9   1   12   -0.0030753451
1   9   2   8   -0.0000000000
1   9   2   11   0.0030753451
1   9   2   12   0.0058604182
1   9   3   10   -0.0023450099
1   9   4   9   -0.0080724667
1   9   5   7   0.0085057838
1   9   5   8   0.0044635416
1   9   5   11   -0.0000000000
1   9   6   7   -0.0044635416
1   9   6   8   0.0085057838
1   9   6   12   -0.0000000000
1   10   1   7   0.0023536185
1   10   2   8   0.0023536185
1   10   3   9   -0.0023450099
1   10   4   10   -0.0035074237
1   10   5   11   0.0003158841
1   10   6   12   0.0003158841
1   11   1   9   0.0058604182
1   11   2   9   0.0030753451
1   11   3   7   -0.0032446974
1   11   3   8   -0.0017027051
1   11   4   11   -0.0041324120
1   11   5   9   -0.0000000000
1   11   5   10   0.0003158841
1   12   1   9   -0.0030753451
1   12   2   9   0.0058604182
1   12   3   7   0.0017027051
1   12   3   8   -0.0032446974
1   12   4   12   -0.0041324120
1   12   6   9   -0.0000000000
1   12   6   10   0.0003158841
2   7   1   9   0.0080425844
2   7   3   7   -0.0016305817
2   7   4   11   0.0003029551
2   7   4   12   -0.0001589804
2   7   5   9   0.0000000000
2   7   5   10   0.0022803668
2   7   6   10   -0.0011966577
2   8   2   9   0.0080425844
2   8   3   8   -0.0016305817
2   8   4   11   0.0001589804
2   8   4   12   0.0003029551
2   8   5   10   0.0011966577
2   8   6   9   0.0000000000
2   8   6   10   0.0022803668
2   9   1   7   0.0080425844
2   9   2   8   0.0080425844
2   9   3   9   0.0022181709
2   9   4   9   -0.0000000000
2   9   4   10   0.0056347147
2   9   5   7   0.0000000000
2   9   5   11   0.0079631741
2   9   6   8   0.0000000000
2   9   6   12   0.0079631741
2   10   1   11   0.0003929083
2   10   1   12   -0.0002061847
2   10   2   11   0.0002061847
2   10   2   12   0.0003929083
2   10   3   10   -0.0009343420
2   10   4   9   0.0056347147
2   10   5   7   0.0022803668
2   10   5   8   0.0011966577
2   10   6   7   -0.0011966577
2   10   6   8   0.0022803668
2   11   1   10   0.0003929083
2   11   2   10   0.0002061847
2   11   3   11   -0.0013738383
2   11   4   7   0.0003029551
2   11   4   8   0.0001589804
2   11   5   9   0.0079631741
2   12   1   10   -0.0002061847
2   12   2   10   0.0003929083
2   12   3   12   -0.0013738383
2   12   4   7   -0.0001589804
2   12   4   8   0.0003029551
2   12   6   9   0.0079631741
3   7   1   10   0.0062350117
3   7   3   11   0.0397754701
3   7   3   12   -0.0208727930
3   7   4   7   -0.0108246351
3   7   5   9   0.0145153497
3   7   6   9   -0.0076171542
3   8   2   10   0.0062350117
3   8   3   11   0.0208727930
3   8   3   12   0.0397754701
3   8   4   8   -0.0108246351
3   8   5   9   0.0076171542
3   8   6   9   0.0145153497
3   9   1   11   0.0162200534
3   9   1   12   -0.0085117238
3   9   2   11   0.0085117238
3   9   2   12   0.0162200534
3   9   3   10   -0.0125851400
3   9   4   9   -0.0300382063
3   9   5   7   0.0145153497
3   9   5   8   0.0076171542
3   9   6   7   -0.0076171542
3   9   6   8   0.0145153497
3   10   1   7   0.0062350117
3   10   2   8   0.0062350117
3   10   3   9   -0.0125851400
3   10   4   10   -0.0214257069
3   10   5   11   0.0002012273
3   10   6   12   0.0002012273
3   11   1   9   0.0162200534
3   11   2   9   0.0085117238
3   11   3   7   0.0397754701
3   11   3   8   0.0208727930
3   11   4   11   -0.0123698849
3   11   5   10   0.0002012273
3   12   1   9   -0.0085117238
3   12   2   9   0.0162200534
3   12   3   7   -0.0208727930
3   12   3   8   0.0397754701
3   12   4   12   -0.0123698849
3   12   6   10   0.0002012273
4   7   1   9   -0.0257996121
4   7   3   7   -0.0491189264
4   7   4   11   -0.0176883425
4   7   4   12   0.0092822312
4   7   5   10   -0.0058608236
4   7   6   10   0.0030755578
4   8   2   9   -0.0257996121
4   8   3   8   -0.0491189264
4   8   4   11   -0.0092822312
4   8   4   12   -0.0176883425
4   8   5   10   -0.0030755578
4   8   6   10   -0.0058608236
4   9   1   7   -0.0257996121
4   9   2   8   -0.0257996121
4   9   3   9   -0.0319906571
4   9   4   10   0.0175935602
4   9   5   11   -0.0085662293
4   9   6   12   -0.0085662293
4   10   1   11   -0.0021653781
4   10   1   12   0.0011363157
4   10   2   11   -0.0011363157
4   10   2   12   -0.0021653781
4   10   3   10   -0.0191644138
4   10   4   9   0.0175935602
4   10   5   7   -0.0058608236
4   10   5   8   -0.0030755578
4   10   6   7   0.0030755578
4   10   6   8   -0.0058608236
4   11   1   10   -0.0021653781
4   11   2   10   -0.0011363157
4   11   3   11   -0.0506120808
4   11   4   7   -0.0176883425
4   11   4   8   -0.0092822312
4   11   5   9   -0.0085662293
4   12   1   10   0.0011363157
4   12   2   10   -0.0021653781
4   12   3   12   -0.0506120808
4   12   4   7   0.0092822312
4   12   4   8   -0.0176883425
4   12   6   9   -0.0085662293
5   7   1   10   0.0044720232
5   7   3   11   -0.0208918535
5   7   3   12   0.0109633232
5   7   4   7   0.0760052108
5   7   5   9   -0.0018244287
5   7   6   9   0.0009573972
5   8   2   10   0.0044720232
5   8   3   11   -0.0109633232
5   8   3   12   -0.0208918535
5   8   4   8   0.0760052108
5   8   5   9   -0.0009573972
5   8   6   9   -0.0018244287
5   9   1   11   0.0051890597
5   9   1   12   -0.0027230393
5   9   2   11   0.0027230393
5   9   2   12   0.0051890597
5   9   3   10   -0.0304555326
5   9   4   9   0.0572002512
5   9   5   7   -0.0018244287
5   9   5   8   -0.0009573972
5   9   6   7   0.0009573972
5   9   6   8   -0.0018244287
5   10   1   7   0.0044720232
5   10   2   8   0.0044720232
5   10   3   9   -0.0304555326
5   10   4   10   0.0473328814
5   10   5   11   0.0044685650
5   10   6   12   0.0044685650
5   11   1   9   0.0051890597
5   11   2   9   0.0027230393
5   11   3   7   -0.0208918535
5   11   3   8   -0.0109633232
5   11   4   11   0.0725919272
5   11   5   10   0.0044685650
5   12   1   9   -0.0027230393
5   12   2   9   0.0051890597
5   12   3   7   0.0109633232
5   12   3   8   -0.0208918535
5   12   4   12   0.0725919272
5   12   6   10   0.0044685650
6   7   1   11   0.0501163264
6   7   1   12   -0.0238748425
6   7   2   11   0.0248749953
6   7   2   12   -0.0086186216
6   7   3   10   0.0049928895
6   7   4   9   0.0094987509
6   7   5   7   0.0934539765
6   7   5   8   0.0028627929
6   7   6   7   -0.0013038815
6   7   6   8   0.0019053911
6   8   1   11   0.0240272420
6   8   1   12   0.0411665187
6   8   2   11   0.0175684293
6   8   2   12   0.0250273948
6   8   3   10   0.0027295065
6   8   4   9   0.0051927651
6   8   5   7   0.0028627929
6   8   5   8   0.0896431943
6   8   6   7   0.0019053911
6   8   6   8   0.0044217043
6   9   1   10   0.0265912227
6   9   2   10   0.0145368560
6   9   3   11   0.0126339441
6   9   3   12   0.0002151338
6   9   4   7   0.0094987509
6   9   4   8   0.0051927651
6   9   5   9   0.0796665988
6   9   6   9   0.0013565820
6   10   1   9   0.0265912227
6   10   2   9   0.0145368560
6   10   3   7   0.0049928895
6   10   3   8   0.0027295065
6   10   4   11   -0.0051965019
6   10   4   12   -0.0000884873
6   10   5   10   0.0581366469
6   10   6   10   0.0009899648
6   11   1   7   0.0501163264
6   11   1   8   0.0240272420
6   11   2   7   0.0248749953
6   11   2   8   0.0175684293
6   11   3   9   0.0126339441
6   11   4   10   -0.0051965019
6   11   5   11   0.0768646083
6   11   5   12   0.0000073430
6   11   6   11   0.0012941830
6   11   6   12   0.0004312262
6   12   1   7   -0.0238748425
6   12   1   8   0.0411665187
6   12   2   7   -0.0086186216
6   12   2   8   0.0250273948
6   12   3   9   0.0002151338
6   12   4   10   -0.0000884873
6   12   5   11   0.0000073430
6   12   5   12   0.0760021559
6   12   6   11   0.0004312262
6   12   6   12   0.0013088691
7   7   1   11   -0.0250273948
7   7   1   12   0.0175684293
7   7   2   11   0.0411665187
7   7   2   12   -0.0240272420
7   7   3   10   -0.0027295065
7   7   4   9   -0.0051927651
7   7   5   7   -0.0044217043
7   7   5   8   0.0019053911
7   7   6   7   0.0896431943
7   7   6   8   -0.0028627929
7   8   1   11   -0.0086186216
7   8   1   12   -0.0248749953
7   8   2   11   0.0238748425
7   8   2   12   0.0501163264
7   8   3   10   0.0049928895
7   8   4   9   0.0094987509
7   8   5   7   0.0019053911
7   8   5   8   0.0013038815
7   8   6   7   -0.0028627929
7   8   6   8   0.0934539765
7   9   1   10   -0.0145368560
7   9   2   10   0.0265912227
7   9   3   11   -0.0002151338
7   9   3   12   0.0126339441
7   9   4   7   -0.0051927651
7   9   4   8   0.0094987509
7   9   5   9   -0.0013565820
7   9   6   9   0.0796665988
7   10   1   9   -0.0145368560
7   10   2   9   0.0265912227
7   10   3   7   -0.0027295065
7   10   3   8   0.0049928895
7   10   4   11   0.0000884873
7   10   4   12   -0.0051965019
7   10   5   10   -0.0009899648
7   10   6   10   0.0581366469
7   11   1   7   -0.0250273948
7   11   1   8   -0.0086186216
7   11   2   7   0.0411665187
7   11   2   8   0.0238748425
7   11   3   9   -0.0002151338
7   11   4   10   0.0000884873
7   11   5   11   -0.0013088691
7   11   5   12   0.0004312262
7   11   6   11   0.0760021559
7   11   6   12   -0.0000073430
7   12   1   7   0.0175684293
7   12   1   8   -0.0248749953
7   12   2   7   -0.0240272420
7   12   2   8   0.0501163264
7   12   3   9   0.0126339441
7   12   4   10   -0.0051965019
7   12   5   11   0.0004312262
7   12   5   12   -0.0012941830
7   12   6   11   -0.0000073430
7   12   6   12   0.0768646083

End IABC Block
