Begin IJ Block
1   1   -4.4010740741
1   2   -0.0000000000
1   3   -0.1275008125
2   2   -4.3847501724
2   3   0.0000000000
3   3   -3.9493515012
4   4   -3.9113184781
4   5   -0.0000000001
5   5   -3.9113184781

End IJ Block
Begin IA Block
1   3   0.0000000000
2   3   0.1891316264
3   3   0.0000000000
4   1   -0.0000000000
4   2   -0.0000000000
5   1   0.0000000000
5   2   -0.0000000000

End IA Block
Begin AB Block
1   1   -3.8326937018
1   2   -0.0000000000
2   2   -3.8326937018
3   3   -3.9093684935

End AB Block
Begin IJKL Block
1   6   1   6   0.4342939503
1   6   1   7   -0.0000000000
1   6   1   8   0.0142546211
1   6   2   6   -0.0000000000
1   6   2   7   0.2397195436
1   6   3   6   0.0142546211
1   6   3   8   0.0643476951
1   6   4   9   0.0605642779
1   6   4   10   0.0000000000
1   6   5   9   0.0000000000
1   6   5   10   0.0605642779
1   7   1   6   -0.0000000000
1   7   1   7   0.4324665907
1   7   2   6   0.2420889107
1   7   2   7   0.0000000000
1   7   2   8   -0.0389981020
1   7   3   7   0.0027529472
1   7   3   8   -0.0000000000
1   7   4   9   -0.0000000000
1   7   4   10   0.0000000000
1   7   5   9   0.0000000000
1   7   5   10   0.0000000000
1   8   1   6   0.0142546211
1   8   1   8   0.4212391018
1   8   2   7   -0.0386553070
1   8   2   8   -0.0000000000
1   8   3   6   0.0648142510
1   8   3   7   -0.0000000000
1   8   3   8   0.0138362336
1   8   4   9   -0.0006359256
1   8   5   10   -0.0006359256
1   9   1   9   0.4199852155
1   9   1   10   0.0000000000
1   9   2   9   -0.0000000000
1   9   2   10   0.0000000000
1   9   3   9   0.0119800411
1   9   3   10   -0.0000000000
1   9   4   6   0.0615750691
1   9   4   7   -0.0000000000
1   9   4   8   0.0001246269
1   9   5   6   0.0000000000
1   9   5   7   0.0000000000
1   10   1   9   0.0000000000
1   10   1   10   0.4199852155
1   10   2   9   0.0000000000
1   10   2   10   0.0000000000
1   10   3   10   0.0119800411
1   10   4   6   0.0000000000
1   10   4   7   0.0000000000
1   10   5   6   0.0615750691
1   10   5   7   0.0000000000
1   10   5   8   0.0001246269
2   6   1   6   -0.0000000000
2   6   1   7   0.2420889107
2   6   2   6   0.4324665907
2   6   2   7   0.0000000000
2   6   2   8   0.0027529472
2   6   3   7   -0.0389981020
2   6   3   8   -0.0000000000
2   6   4   9   -0.0000000000
2   6   4   10   0.0000000000
2   6   5   9   0.0000000000
2   6   5   10   0.0000000000
2   7   1   6   0.2397195436
2   7   1   7   0.0000000000
2   7   1   8   -0.0386553070
2   7   2   6   0.0000000000
2   7   2   7   0.4381032880
2   7   3   6   -0.0386553070
2   7   3   8   0.0591923281
2   7   4   9   0.0578657696
2   7   4   10   0.0000000000
2   7   5   9   0.0000000000
2   7   5   10   0.0578657696
2   8   1   7   -0.0389981020
2   8   1   8   -0.0000000000
2   8   2   6   0.0027529472
2   8   2   8   0.4199963695
2   8   3   6   -0.0000000000
2   8   3   7   0.0588659865
2   8   3   8   0.0000000000
2   9   1   9   -0.0000000000
2   9   1   10   0.0000000000
2   9   2   9   0.4195949587
2   9   2   10   0.0000000000
2   9   3   10   -0.0000000000
2   9   4   6   -0.0000000000
2   9   4   7   0.0567176386
2   9   5   6   0.0000000000
2   9   5   7   0.0000000000
2   10   1   9   0.0000000000
2   10   1   10   0.0000000000
2   10   2   9   0.0000000000
2   10   2   10   0.4195949587
2   10   3   9   -0.0000000000
2   10   3   10   -0.0000000000
2   10   4   6   0.0000000000
2   10   4   7   0.0000000000
2   10   5   6   0.0000000000
2   10   5   7   0.0567176386
3   6   1   6   0.0142546211
3   6   1   8   0.0648142510
3   6   2   7   -0.0386553070
3   6   2   8   -0.0000000000
3   6   3   6   0.4212391018
3   6   3   7   -0.0000000000
3   6   3   8   0.0138362336
3   6   4   9   -0.0006359256
3   6   5   10   -0.0006359256
3   7   1   7   0.0027529472
3   7   1   8   -0.0000000000
3   7   2   6   -0.0389981020
3   7   2   8   0.0588659865
3   7   3   6   -0.0000000000
3   7   3   7   0.4199963695
3   7   3   8   0.0000000000
3   8   1   6   0.0643476951
3   8   1   7   -0.0000000000
3   8   1   8   0.0138362336
3   8   2   6   -0.0000000000
3   8   2   7   0.0591923281
3   8   2   8   0.0000000000
3   8   3   6   0.0138362336
3   8   3   7   0.0000000000
3   8   3   8   0.4275288447
3   8   4   9   0.0140208798
3   8   5   9   0.0000000000
3   8   5   10   0.0140208798
3   9   1   9   0.0119800411
3   9   2   10   -0.0000000000
3   9   3   9   0.4015694165
3   9   3   10   0.0000000000
3   9   4   6   0.0001246269
3   9   4   8   0.0086275476
3   10   1   9   -0.0000000000
3   10   1   10   0.0119800411
3   10   2   9   -0.0000000000
3   10   2   10   -0.0000000000
3   10   3   9   0.0000000000
3   10   3   10   0.4015694165
3   10   5   6   0.0001246269
3   10   5   8   0.0086275476
4   6   1   9   0.0615750691
4   6   1   10   0.0000000000
4   6   2   9   -0.0000000000
4   6   2   10   0.0000000000
4   6   3   9   0.0001246269
4   6   4   6   0.4199852155
4   6   4   7   -0.0000000000
4   6   4   8   0.0119800411
4   6   5   6   0.0000000000
4   6   5   7   0.0000000000
4   7   1   9   -0.0000000000
4   7   1   10   0.0000000000
4   7   2   9   0.0567176386
4   7   2   10   0.0000000000
4   7   4   6   -0.0000000000
4   7   4   7   0.4195949587
4   7   5   6   0.0000000000
4   7   5   7   0.0000000000
4   7   5   8   -0.0000000000
4   8   1   9   0.0001246269
4   8   3   9   0.0086275476
4   8   4   6   0.0119800411
4   8   4   8   0.4015694165
4   8   5   7   -0.0000000000
4   8   5   8   0.0000000000
4   9   1   6   0.0605642779
4   9   1   7   -0.0000000000
4   9   1   8   -0.0006359256
4   9   2   6   -0.0000000000
4   9   2   7   0.0578657696
4   9   3   6   -0.0006359256
4   9   3   8   0.0140208798
4   9   4   9   0.4211707807
4   9   4   10   0.0000000000
4   9   5   9   0.0000000000
4   9   5   10   0.0139269225
4   10   1   6   0.0000000000
4   10   1   7   0.0000000000
4   10   2   6   0.0000000000
4   10   2   7   0.0000000000
4   10   4   9   0.0000000000
4   10   4   10   0.4005762458
4   10   5   9   0.0066676124
4   10   5   10   0.0000000000
5   6   1   9   0.0000000000
5   6   1   10   0.0615750691
5   6   2   9   0.0000000000
5   6   2   10   0.0000000000
5   6   3   10   0.0001246269
5   6   4   6   0.0000000000
5   6   4   7   0.0000000000
5   6   5   6   0.4199852155
5   6   5   7   0.0000000000
5   6   5   8   0.0119800411
5   7   1   9   0.0000000000
5   7   1   10   0.0000000000
5   7   2   9   0.0000000000
5   7   2   10   0.0567176386
5   7   4   6   0.0000000000
5   7   4   7   0.0000000000
5   7   4   8   -0.0000000000
5   7   5   6   0.0000000000
5   7   5   7   0.4195949587
5   7   5   8   -0.0000000000
5   8   1   10   0.0001246269
5   8   3   10   0.0086275476
5   8   4   7   -0.0000000000
5   8   4   8   0.0000000000
5   8   5   6   0.0119800411
5   8   5   7   -0.0000000000
5   8   5   8   0.4015694165
5   9   1   6   0.0000000000
5   9   1   7   0.0000000000
5   9   2   6   0.0000000000
5   9   2   7   0.0000000000
5   9   3   8   0.0000000000
5   9   4   9   0.0000000000
5   9   4   10   0.0066676124
5   9   5   9   0.4005762459
5   9   5   10   0.0000000000
5   10   1   6   0.0605642779
5   10   1   7   0.0000000000
5   10   1   8   -0.0006359256
5   10   2   6   0.0000000000
5   10   2   7   0.0578657696
5   10   3   6   -0.0006359256
5   10   3   8   0.0140208798
5   10   4   9   0.0139269225
5   10   4   10   0.0000000000
5   10   5   9   0.0000000000
5   10   5   10   0.4211707807

End IJKL Block
Begin IJAB Block
1   6   1   4   0.0596209345
1   6   2   5   0.0596209345
1   6   3   6   0.0633894732
1   7   1   4   0.0000000000
1   7   2   5   -0.0000000000
1   7   3   6   0.0000000000
1   8   1   4   -0.0038965657
1   8   2   5   -0.0038965657
1   8   3   6   0.0142476490
1   9   1   6   -0.0082207464
1   9   2   6   0.0026620124
1   9   3   4   -0.0117163267
1   9   3   5   0.0037939385
1   10   1   6   0.0026620124
1   10   2   6   0.0082207464
1   10   3   4   0.0037939385
1   10   3   5   0.0117163267
2   6   1   4   0.0000000000
2   6   2   5   -0.0000000000
2   6   3   6   0.0000000000
2   7   1   4   0.0638443547
2   7   2   5   0.0638443547
2   7   3   6   0.0665646844
3   6   1   4   -0.0038965657
3   6   2   5   -0.0038965657
3   6   3   6   0.0142476490
3   8   1   4   0.0227288243
3   8   2   5   0.0227288243
3   8   3   6   0.2300043512
3   9   1   6   -0.0222925264
3   9   2   6   0.0072186852
3   9   3   4   -0.1813240576
3   9   3   5   0.0587157001
3   10   1   6   0.0072186852
3   10   2   6   0.0222925264
3   10   3   4   0.0587157001
3   10   3   5   0.1813240576
4   6   1   6   -0.0117163267
4   6   2   6   0.0037939385
4   6   3   4   -0.0082207464
4   6   3   5   0.0026620124
4   8   1   6   -0.1813240576
4   8   2   6   0.0587157001
4   8   3   4   -0.0222925264
4   8   3   5   0.0072186852
4   9   1   4   0.2251900724
4   9   1   5   -0.0651188633
4   9   2   4   -0.0651188633
4   9   2   5   0.0451785136
4   9   3   6   0.0247366797
4   10   1   4   -0.0651188633
4   10   1   5   -0.1760210846
4   10   2   4   -0.0039904742
4   10   2   5   0.0651188633
4   10   3   6   0.0000000000
5   6   1   6   0.0037939385
5   6   2   6   0.0117163267
5   6   3   4   0.0026620124
5   6   3   5   0.0082207464
5   8   1   6   0.0587157001
5   8   2   6   0.1813240576
5   8   3   4   0.0072186852
5   8   3   5   0.0222925264
5   9   1   4   -0.0651188633
5   9   1   5   -0.0039904742
5   9   2   4   -0.1760210846
5   9   2   5   0.0651188633
5   9   3   6   0.0000000000
5   10   1   4   0.0451785136
5   10   1   5   0.0651188633
5   10   2   4   0.0651188633
5   10   2   5   0.2251900724
5   10   3   6   0.0247366797

End IJAB Block
Begin ABCD Block
1   4   1   4   0.4175689083
1   4   2   4   -0.0000000000
1   4   2   5   0.0160973479
1   4   3   6   0.0171148638
1   5   1   5   0.3869001942
1   5   2   4   0.0145713661
1   5   2   5   -0.0000000000
1   6   1   6   0.3978794810
1   6   3   4   0.0157900472
2   4   1   4   -0.0000000000
2   4   1   5   0.0145713661
2   4   2   4   0.3869001942
2   5   1   4   0.0160973479
2   5   1   5   -0.0000000000
2   5   2   5   0.4175689083
2   5   3   6   0.0171148638
2   6   2   6   0.3978794810
2   6   3   5   0.0157900472
3   4   1   6   0.0157900472
3   4   3   4   0.3978794810
3   5   2   6   0.0157900472
3   5   3   5   0.3978794810
3   6   1   4   0.0171148638
3   6   2   5   0.0171148638
3   6   3   6   0.4430368670

End ABCD Block
Begin AIJB Block
1   6   1   4   0.0605414274
1   6   2   4   0.0000000000
1   6   3   4   -0.0046505534
1   6   4   6   -0.0104475978
1   6   5   6   0.0033831033
1   7   1   4   0.0000000000
1   7   2   4   0.0670589116
1   8   1   4   -0.0046505534
1   8   3   4   0.0253952941
1   8   3   5   0.0000000000
1   8   4   6   -0.1801625780
1   8   5   6   0.0583395940
1   9   1   6   -0.0054877435
1   9   3   6   -0.0173843257
1   9   4   4   0.2212283155
1   9   4   5   -0.0627394201
1   9   5   4   -0.0627394201
1   9   5   5   0.0012462333
1   10   1   6   0.0017770212
1   10   3   6   0.0056293294
1   10   4   4   -0.0627394201
1   10   4   5   -0.1746801699
1   10   5   4   0.0477943789
1   10   5   5   0.0627394201
2   6   1   5   0.0605414274
2   6   2   5   -0.0000000000
2   6   3   5   -0.0046505534
2   6   4   6   0.0033831033
2   6   5   6   0.0104475978
2   7   1   5   -0.0000000000
2   7   2   5   0.0670589116
2   7   5   6   -0.0000000000
2   8   1   5   -0.0046505534
2   8   3   4   0.0000000000
2   8   3   5   0.0253952941
2   8   4   6   0.0583395940
2   8   5   6   0.1801625781
2   9   1   6   0.0017770212
2   9   3   6   0.0056293294
2   9   4   4   -0.0627394201
2   9   4   5   0.0477943789
2   9   5   4   -0.1746801699
2   9   5   5   0.0627394201
2   10   1   6   0.0054877435
2   10   3   6   0.0173843257
2   10   4   4   0.0012462333
2   10   4   5   0.0627394201
2   10   5   4   0.0627394201
2   10   5   5   0.2212283155
3   6   1   6   0.0619229631
3   6   2   6   0.0000000000
3   6   3   6   0.0102186912
3   6   4   4   -0.0054877435
3   6   4   5   0.0017770212
3   6   5   4   0.0017770212
3   6   5   5   0.0054877435
3   7   1   6   0.0000000000
3   7   2   6   0.0677324466
3   8   1   6   0.0102186912
3   8   3   6   0.2265519550
3   8   4   4   -0.0173843257
3   8   4   5   0.0056293294
3   8   5   4   0.0056293294
3   8   5   5   0.0173843257
3   9   1   4   -0.0104475978
3   9   1   5   0.0033831033
3   9   3   4   -0.1801625781
3   9   3   5   0.0583395940
3   9   4   6   0.0270999211
3   9   5   6   -0.0000000000
3   10   1   4   0.0033831033
3   10   1   5   0.0104475978
3   10   2   5   -0.0000000000
3   10   3   4   0.0583395940
3   10   3   5   0.1801625781
3   10   4   6   -0.0000000000
3   10   5   6   0.0270999211

1   6   6   1   -0.4188520698
1   6   6   2   -0.0000000000
1   6   7   1   -0.0000000000
1   6   7   2   -0.0000000000
1   6   8   1   -0.0072205744
1   6   9   3   0.0063967730
1   6   10   3   -0.0020713799
1   7   6   1   -0.0000000000
1   7   6   2   -0.0000000000
1   7   7   1   -0.4219411892
1   7   7   2   -0.0000000000
1   7   8   1   0.0000000000
1   8   6   1   -0.0072205744
1   8   7   1   0.0000000000
1   8   8   1   -0.4051381517
1   8   8   2   -0.0000000000
1   8   9   3   0.0171195363
1   8   10   3   -0.0055435863
1   9   6   3   0.0067827576
1   9   8   3   0.0193049572
1   9   9   1   -0.4415319481
1   9   9   2   0.0114789954
1   9   10   1   0.0114789953
1   9   10   2   0.0168512620
1   10   6   3   -0.0021963680
1   10   8   3   -0.0062512614
1   10   9   1   0.0114789953
1   10   9   2   0.0148807392
1   10   10   1   -0.4097999469
1   10   10   2   -0.0114789954
2   6   6   1   -0.0000000000
2   6   6   2   -0.4188520698
2   6   7   1   -0.0000000000
2   6   7   2   0.0000000000
2   6   8   2   -0.0072205744
2   6   9   3   -0.0020713799
2   6   10   3   -0.0063967730
2   7   6   1   -0.0000000000
2   7   6   2   0.0000000000
2   7   7   1   -0.0000000000
2   7   7   2   -0.4219411892
2   7   8   2   -0.0000000000
2   8   6   2   -0.0072205744
2   8   7   2   -0.0000000000
2   8   8   1   -0.0000000000
2   8   8   2   -0.4051381517
2   8   9   3   -0.0055435863
2   8   10   3   -0.0171195363
2   9   6   3   -0.0021963680
2   9   8   3   -0.0062512614
2   9   9   1   0.0114789954
2   9   9   2   -0.4097999469
2   9   10   1   0.0148807392
2   9   10   2   -0.0114789954
2   10   6   3   -0.0067827576
2   10   8   3   -0.0193049572
2   10   9   1   0.0168512620
2   10   9   2   -0.0114789954
2   10   10   1   -0.0114789954
2   10   10   2   -0.4415319481
3   6   6   3   -0.4325086505
3   6   7   3   -0.0000000000
3   6   8   3   -0.0188217447
3   6   9   1   0.0067827576
3   6   9   2   -0.0021963680
3   6   10   1   -0.0021963680
3   6   10   2   -0.0067827576
3   7   6   3   -0.0000000000
3   7   7   3   -0.4328015800
3   7   8   3   0.0000000000
3   8   6   3   -0.0188217447
3   8   7   3   0.0000000000
3   8   8   3   -0.4541337819
3   8   9   1   0.0193049572
3   8   9   2   -0.0062512614
3   8   10   1   -0.0062512614
3   8   10   2   -0.0193049572
3   9   6   1   0.0063967730
3   9   6   2   -0.0020713799
3   9   8   1   0.0171195363
3   9   8   2   -0.0055435863
3   9   9   3   -0.4176745935
3   9   10   3   -0.0000000000
3   10   6   1   -0.0020713799
3   10   6   2   -0.0063967730
3   10   8   1   -0.0055435863
3   10   8   2   -0.0171195363
3   10   9   3   -0.0000000000
3   10   10   3   -0.4176745935

End AIJB Block
Begin IJKA Block
1   6   2   6   -0.0104773744
1   6   5   5   0.0000000000
1   7   1   6   -0.0217371272
1   7   3   6   -0.0632991241
1   7   4   4   0.0594213352
1   7   4   5   -0.0192416017
1   7   5   4   -0.0192416017
1   7   5   5   -0.0594213352
1   8   1   6   0.0000000000
1   8   2   6   -0.2136235027
1   9   1   4   -0.0000000000
1   9   2   4   0.2092453683
1   9   2   5   -0.0677570779
1   10   1   4   0.0000000000
1   10   1   5   0.0000000000
1   10   2   4   -0.0677570778
1   10   2   5   -0.2092453683
2   6   1   6   -0.0098332838
2   6   3   6   -0.0542255422
2   6   4   4   0.0561109017
2   6   4   5   -0.0181696291
2   6   5   4   -0.0181696291
2   6   5   5   -0.0561109017
2   7   2   6   -0.0105929619
2   7   5   5   -0.0000000000
2   8   1   6   -0.2138885427
2   8   2   6   -0.0000000000
2   8   3   6   0.0350623930
2   8   4   4   -0.0034964829
2   8   4   5   0.0011322184
2   8   5   4   0.0011322184
2   8   5   5   0.0034964829
2   9   1   4   0.2089926613
2   9   1   5   -0.0676752472
2   9   2   4   0.0000000000
2   9   2   5   -0.0000000000
2   9   3   4   -0.0325408891
2   9   3   5   0.0105372729
2   9   4   6   -0.0025463460
2   10   1   4   -0.0676752472
2   10   1   5   -0.2089926613
2   10   2   5   -0.0000000000
2   10   3   4   0.0105372729
2   10   3   5   0.0325408891
2   10   5   6   -0.0025463460
3   6   2   6   -0.0554916378
3   7   1   6   -0.0645587270
3   7   3   6   -0.0141691812
3   7   4   4   -0.0022580024
3   7   4   5   0.0007311782
3   7   5   4   0.0007311782
3   7   5   5   0.0022580024
3   8   2   6   0.0354215498
3   8   3   6   0.0000000000
3   8   4   4   -0.0000000000
3   9   2   4   -0.0320671874
3   9   2   5   0.0103838806
3   9   3   4   -0.0000000000
3   9   3   5   0.0000000000
3   9   4   6   0.0000000000
3   9   5   6   -0.0000000000
3   10   2   4   0.0103838806
3   10   2   5   0.0320671874
3   10   3   4   0.0000000000
3   10   3   5   0.0000000000
3   10   4   6   -0.0000000000
3   10   5   6   -0.0000000000
4   6   2   4   0.0567921752
4   6   2   5   -0.0183902366
4   7   1   4   0.0596714098
4   7   1   5   -0.0193225799
4   7   3   4   -0.0040720152
4   7   3   5   0.0013185852
4   7   4   6   -0.0187913233
4   8   2   4   -0.0042778178
4   8   2   5   0.0013852275
4   8   3   4   -0.0000000000
4   8   4   6   0.0000000000
4   8   5   6   -0.0000000000
4   9   2   6   -0.0033792210
4   9   3   6   0.0000000000
4   9   4   4   -0.0000000000
4   9   4   5   0.0000000000
4   9   5   4   0.0000000000
4   9   5   5   -0.0000000000
4   10   3   6   -0.0000000000
4   10   4   4   0.0000000000
4   10   4   5   0.0000000000
4   10   5   4   -0.0000000000
4   10   5   5   -0.0000000000
5   6   2   4   -0.0183902366
5   6   2   5   -0.0567921752
5   7   1   4   -0.0193225799
5   7   1   5   -0.0596714098
5   7   2   5   -0.0000000000
5   7   3   4   0.0013185852
5   7   3   5   0.0040720152
5   7   4   6   -0.0000000000
5   7   5   6   -0.0187913233
5   8   2   4   0.0013852275
5   8   2   5   0.0042778178
5   8   4   6   -0.0000000000
5   8   5   6   -0.0000000000
5   9   3   6   -0.0000000000
5   9   4   4   0.0000000000
5   9   4   5   -0.0000000000
5   9   5   4   0.0000000000
5   9   5   5   -0.0000000000
5   10   2   6   -0.0033792210
5   10   3   6   -0.0000000000
5   10   4   4   -0.0000000000
5   10   4   5   -0.0000000000
5   10   5   4   -0.0000000000
5   10   5   5   -0.0000000000

End IJKA Block
Begin IABC Block
1   5   2   6   0.0000000000
1   5   3   5   0.0000000000
2   4   1   6   -0.0059143681
2   4   3   4   -0.0178815566
2   5   2   6   -0.0059143681
2   5   3   5   -0.0178815566
2   6   1   4   -0.0042705022
2   6   2   5   -0.0042705022
2   6   3   6   -0.0249154381
3   4   1   6   -0.0000000000
3   4   3   4   -0.0000000000
3   4   3   5   -0.0000000000
3   5   2   6   0.0000000000
3   5   3   4   -0.0000000000
3   5   3   5   0.0000000000
3   6   1   4   -0.0000000000
3   6   2   5   0.0000000000
3   6   3   6   -0.0000000000
4   4   1   4   0.0000000000
4   4   1   5   0.0000000000
4   4   2   4   -0.0000000000
4   4   2   5   -0.0000000000
4   4   3   6   0.0000000000
4   5   1   4   0.0000000000
4   5   1   5   -0.0000000000
4   5   2   4   -0.0000000000
4   5   2   5   0.0000000000
4   6   1   6   0.0000000000
4   6   2   6   -0.0000000000
4   6   3   4   0.0000000000
5   4   1   4   -0.0000000000
5   4   1   5   -0.0000000000
5   4   2   4   -0.0000000000
5   4   2   5   -0.0000000000
5   5   1   4   -0.0000000000
5   5   1   5   0.0000000000
5   5   2   4   -0.0000000000
5   5   2   5   0.0000000000
5   6   1   6   -0.0000000000
5   6   2   6   -0.0000000000

End IABC Block
