Begin IJ Block
1   1   -6.6911603776
1   3   -0.5597115930
2   2   -5.0552523359
3   3   -5.0968255940
4   4   -5.3274682456
5   5   -5.3274682456

End IJ Block
Begin IA Block
2   3   0.5709562693

End IA Block
Begin AB Block
1   1   -4.3189006657
2   2   -4.3189006657
3   3   -2.4365841347

End AB Block
Begin IJKL Block
1   6   1   6   0.8224123915
1   6   1   8   0.1455088653
1   6   2   7   0.0536188863
1   6   3   6   0.1455088653
1   6   3   8   0.0681808593
1   6   4   9   0.1010518878
1   6   5   10   0.1010518878
1   7   1   7   0.5201836026
1   7   2   6   0.0536188863
1   7   2   8   -0.0909454508
1   7   3   7   0.0060826103
1   8   1   6   0.1455088653
1   8   1   8   0.5689115731
1   8   2   7   -0.0909454508
1   8   3   6   0.0681808593
1   8   3   8   0.0352583223
1   8   4   9   -0.0109630862
1   8   5   10   -0.0109630862
1   9   1   9   0.6355983359
1   9   3   9   0.0634768904
1   9   4   6   0.1010518878
1   9   4   8   -0.0109630862
1   10   1   10   0.6355983359
1   10   3   10   0.0634768904
1   10   5   6   0.1010518878
1   10   5   8   -0.0109630862
2   6   1   7   0.0536188863
2   6   2   6   0.5201836026
2   6   2   8   0.0060826103
2   6   3   7   -0.0909454508
2   7   1   6   0.0536188863
2   7   1   8   -0.0909454508
2   7   2   7   0.5356219077
2   7   3   6   -0.0909454508
2   7   3   8   0.2061038697
2   7   4   9   0.0410396185
2   7   5   10   0.0410396185
2   8   1   7   -0.0909454508
2   8   2   6   0.0060826103
2   8   2   8   0.5375317042
2   8   3   7   0.2061038697
2   9   2   9   0.4924137881
2   9   4   7   0.0410396185
2   10   2   10   0.4924137881
2   10   5   7   0.0410396185
3   6   1   6   0.1455088653
3   6   1   8   0.0681808593
3   6   2   7   -0.0909454508
3   6   3   6   0.5689115731
3   6   3   8   0.0352583223
3   6   4   9   -0.0109630862
3   6   5   10   -0.0109630862
3   7   1   7   0.0060826103
3   7   2   6   -0.0909454508
3   7   2   8   0.2061038697
3   7   3   7   0.5375317042
3   8   1   6   0.0681808593
3   8   1   8   0.0352583223
3   8   2   7   0.2061038697
3   8   3   6   0.0352583223
3   8   3   8   0.5582865742
3   8   4   9   0.0234068413
3   8   5   10   0.0234068413
3   9   1   9   0.0634768904
3   9   3   9   0.5035233981
3   9   4   6   -0.0109630862
3   9   4   8   0.0234068413
3   10   1   10   0.0634768904
3   10   3   10   0.5035233981
3   10   5   6   -0.0109630862
3   10   5   8   0.0234068413
4   6   1   9   0.1010518878
4   6   3   9   -0.0109630862
4   6   4   6   0.6355983359
4   6   4   8   0.0634768904
4   7   2   9   0.0410396185
4   7   4   7   0.4924137881
4   8   1   9   -0.0109630862
4   8   3   9   0.0234068413
4   8   4   6   0.0634768904
4   8   4   8   0.5035233981
4   9   1   6   0.1010518878
4   9   1   8   -0.0109630862
4   9   2   7   0.0410396185
4   9   3   6   -0.0109630862
4   9   3   8   0.0234068413
4   9   4   9   0.5776238396
4   9   5   10   0.0232876258
4   10   4   10   0.5310485880
4   10   5   9   0.0232876258
5   6   1   10   0.1010518878
5   6   3   10   -0.0109630862
5   6   5   6   0.6355983359
5   6   5   8   0.0634768904
5   7   2   10   0.0410396185
5   7   5   7   0.4924137881
5   8   1   10   -0.0109630862
5   8   3   10   0.0234068413
5   8   5   6   0.0634768904
5   8   5   8   0.5035233981
5   9   4   10   0.0232876258
5   9   5   9   0.5310485880
5   10   1   6   0.1010518878
5   10   1   8   -0.0109630862
5   10   2   7   0.0410396185
5   10   3   6   -0.0109630862
5   10   3   8   0.0234068413
5   10   4   9   0.0232876258
5   10   5   10   0.5776238396

End IJKL Block
Begin IJAB Block
1   6   1   4   0.0283896827
1   6   2   5   0.0283896827
1   6   3   6   0.0110701886
1   8   1   4   -0.0205336477
1   8   2   5   -0.0205336477
1   8   3   6   -0.0039898749
1   9   1   6   0.0123295114
1   9   2   6   -0.0021505124
1   9   3   4   0.0308643410
1   9   3   5   -0.0053833558
1   10   1   6   -0.0021505124
1   10   2   6   -0.0123295114
1   10   3   4   -0.0053833558
1   10   3   5   -0.0308643410
2   7   1   4   0.0672170344
2   7   2   5   0.0672170344
2   7   3   6   0.0231451764
3   6   1   4   -0.0205336477
3   6   2   5   -0.0205336477
3   6   3   6   -0.0039898749
3   8   1   4   0.0338350205
3   8   2   5   0.0338350205
3   8   3   6   0.0146306648
3   9   1   6   -0.0075748550
3   9   2   6   0.0013212056
3   9   3   4   -0.0039836823
3   9   3   5   0.0006948335
3   10   1   6   0.0013212056
3   10   2   6   0.0075748550
3   10   3   4   0.0006948335
3   10   3   5   0.0039836823
4   6   1   6   0.0308643410
4   6   2   6   -0.0053833558
4   6   3   4   0.0123295114
4   6   3   5   -0.0021505124
4   8   1   6   -0.0039836823
4   8   2   6   0.0006948335
4   8   3   4   -0.0075748550
4   8   3   5   0.0013212056
4   9   1   4   0.1229114292
4   9   1   5   -0.0192620125
4   9   2   4   -0.0192620125
4   9   2   5   0.0158364005
4   9   3   6   0.0067626278
4   10   1   4   -0.0192620125
4   10   1   5   -0.0979579855
4   10   2   4   -0.0091170432
4   10   2   5   0.0192620125
5   6   1   6   -0.0053833558
5   6   2   6   -0.0308643410
5   6   3   4   -0.0021505124
5   6   3   5   -0.0123295114
5   8   1   6   0.0006948335
5   8   2   6   0.0039836823
5   8   3   4   0.0013212056
5   8   3   5   0.0075748550
5   9   1   4   -0.0192620125
5   9   1   5   -0.0091170432
5   9   2   4   -0.0979579855
5   9   2   5   0.0192620125
5   10   1   4   0.0158364005
5   10   1   5   0.0192620125
5   10   2   4   0.0192620125
5   10   2   5   0.1229114292
5   10   3   6   0.0067626278

End IJAB Block
Begin ABCD Block
1   4   1   4   0.4471345378
1   4   2   5   0.0165213252
1   4   3   6   0.0101881866
1   5   1   5   0.4140918874
1   5   2   4   0.0165213252
1   6   1   6   0.2813001209
1   6   3   4   0.0101881866
2   4   1   5   0.0165213252
2   4   2   4   0.4140918874
2   5   1   4   0.0165213252
2   5   2   5   0.4471345378
2   5   3   6   0.0101881866
2   6   2   6   0.2813001209
2   6   3   5   0.0101881866
3   4   1   6   0.0101881866
3   4   3   4   0.2813001209
3   5   2   6   0.0101881866
3   5   3   5   0.2813001209
3   6   1   4   0.0101881866
3   6   2   5   0.0101881866
3   6   3   6   0.3034868657

End ABCD Block
Begin AIJB Block
1   6   1   4   0.0283896827
1   6   3   4   -0.0205336477
1   6   4   6   0.0308643410
1   6   5   6   -0.0053833558
1   7   2   4   0.0672170344
1   8   1   4   -0.0205336477
1   8   3   4   0.0338350205
1   8   4   6   -0.0039836823
1   8   5   6   0.0006948335
1   9   1   6   0.0123295114
1   9   3   6   -0.0075748550
1   9   4   4   0.1229114292
1   9   4   5   -0.0192620125
1   9   5   4   -0.0192620125
1   9   5   5   -0.0091170432
1   10   1   6   -0.0021505124
1   10   3   6   0.0013212056
1   10   4   4   -0.0192620125
1   10   4   5   -0.0979579855
1   10   5   4   0.0158364005
1   10   5   5   0.0192620125
2   6   1   5   0.0283896827
2   6   3   5   -0.0205336477
2   6   4   6   -0.0053833558
2   6   5   6   -0.0308643410
2   7   2   5   0.0672170344
2   8   1   5   -0.0205336477
2   8   3   5   0.0338350205
2   8   4   6   0.0006948335
2   8   5   6   0.0039836823
2   9   1   6   -0.0021505124
2   9   3   6   0.0013212056
2   9   4   4   -0.0192620125
2   9   4   5   0.0158364005
2   9   5   4   -0.0979579855
2   9   5   5   0.0192620125
2   10   1   6   -0.0123295114
2   10   3   6   0.0075748550
2   10   4   4   -0.0091170432
2   10   4   5   0.0192620125
2   10   5   4   0.0192620125
2   10   5   5   0.1229114292
3   6   1   6   0.0110701886
3   6   3   6   -0.0039898749
3   6   4   4   0.0123295114
3   6   4   5   -0.0021505124
3   6   5   4   -0.0021505124
3   6   5   5   -0.0123295114
3   7   2   6   0.0231451764
3   8   1   6   -0.0039898749
3   8   3   6   0.0146306648
3   8   4   4   -0.0075748550
3   8   4   5   0.0013212056
3   8   5   4   0.0013212056
3   8   5   5   0.0075748550
3   9   1   4   0.0308643410
3   9   1   5   -0.0053833558
3   9   3   4   -0.0039836823
3   9   3   5   0.0006948335
3   9   4   6   0.0067626278
3   10   1   4   -0.0053833558
3   10   1   5   -0.0308643410
3   10   3   4   0.0006948335
3   10   3   5   0.0039836823
3   10   5   6   0.0067626278

1   6   6   1   -0.5081462895
1   6   8   1   -0.0235697798
1   6   9   3   -0.0186921482
1   6   10   3   0.0032602829
1   7   7   1   -0.4617039139
1   8   6   1   -0.0235697798
1   8   8   1   -0.4624703344
1   8   9   3   0.0036839850
1   8   10   3   -0.0006425604
1   9   6   3   -0.0186921482
1   9   8   3   0.0036839850
1   9   9   1   -0.4871678245
1   9   9   2   0.0056339520
1   9   10   1   0.0056339520
1   9   10   2   0.0156592042
1   10   6   3   0.0032602829
1   10   8   3   -0.0006425604
1   10   9   1   0.0056339520
1   10   9   2   0.0156592042
1   10   10   1   -0.4558494161
1   10   10   2   -0.0056339520
2   6   6   2   -0.5081462895
2   6   8   2   -0.0235697798
2   6   9   3   0.0032602829
2   6   10   3   0.0186921482
2   7   7   2   -0.4617039139
2   8   6   2   -0.0235697798
2   8   8   2   -0.4624703344
2   8   9   3   -0.0006425604
2   8   10   3   -0.0036839850
2   9   6   3   0.0032602829
2   9   8   3   -0.0006425604
2   9   9   1   0.0056339520
2   9   9   2   -0.4558494161
2   9   10   1   0.0156592042
2   9   10   2   -0.0056339520
2   10   6   3   0.0186921482
2   10   8   3   -0.0036839850
2   10   9   1   0.0156592042
2   10   9   2   -0.0056339520
2   10   10   1   -0.0056339520
2   10   10   2   -0.4871678245
3   6   6   3   -0.2896513555
3   6   8   3   0.0003388067
3   6   9   1   -0.0186921482
3   6   9   2   0.0032602829
3   6   10   1   0.0032602829
3   6   10   2   0.0186921482
3   7   7   3   -0.3031546592
3   8   6   3   0.0003388067
3   8   8   3   -0.3062696116
3   8   9   1   0.0036839850
3   8   9   2   -0.0006425604
3   8   10   1   -0.0006425604
3   8   10   2   -0.0036839850
3   9   6   1   -0.0186921482
3   9   6   2   0.0032602829
3   9   8   1   0.0036839850
3   9   8   2   -0.0006425604
3   9   9   3   -0.2816572500
3   10   6   1   0.0032602829
3   10   6   2   0.0186921482
3   10   8   1   -0.0006425604
3   10   8   2   -0.0036839850
3   10   10   3   -0.2816572500

End AIJB Block
Begin IJKA Block
1   6   2   6   -0.0216816591
1   7   1   6   -0.0832522245
1   7   3   6   -0.0104929409
1   7   4   4   -0.0603506252
1   7   4   5   0.0105263511
1   7   5   4   0.0105263511
1   7   5   5   0.0603506252
1   8   2   6   0.0033233290
1   9   2   4   -0.0757106195
1   9   2   5   0.0132054400
1   10   2   4   0.0132054400
1   10   2   5   0.0757106195
2   6   1   6   -0.0216816591
2   6   3   6   0.0281313086
2   6   4   4   -0.0313086933
2   6   4   5   0.0054608597
2   6   5   4   0.0054608597
2   6   5   5   0.0313086933
2   7   2   6   -0.0591410541
2   8   1   6   0.0033233290
2   8   3   6   -0.0018892799
2   8   4   4   0.0322110383
2   8   4   5   -0.0056182467
2   8   5   4   -0.0056182467
2   8   5   5   -0.0322110383
2   9   1   4   -0.0757106195
2   9   1   5   0.0132054400
2   9   3   4   0.1258535278
2   9   3   5   -0.0219513619
2   9   4   6   -0.0140227392
2   10   1   4   0.0132054400
2   10   1   5   0.0757106195
2   10   3   4   -0.0219513619
2   10   3   5   -0.1258535278
2   10   5   6   -0.0140227392
3   6   2   6   0.0281313086
3   7   1   6   -0.0104929409
3   7   3   6   -0.0588574146
3   7   4   4   0.0313346302
3   7   4   5   -0.0054653836
3   7   5   4   -0.0054653836
3   7   5   5   -0.0313346302
3   8   2   6   -0.0018892799
3   9   2   4   0.1258535278
3   9   2   5   -0.0219513619
3   10   2   4   -0.0219513619
3   10   2   5   -0.1258535278
4   6   2   4   -0.0313086933
4   6   2   5   0.0054608597
4   7   1   4   -0.0603506252
4   7   1   5   0.0105263511
4   7   3   4   0.0313346302
4   7   3   5   -0.0054653836
4   7   4   6   -0.0698030886
4   8   2   4   0.0322110383
4   8   2   5   -0.0056182467
4   9   2   6   -0.0140227392
5   6   2   4   0.0054608597
5   6   2   5   0.0313086933
5   7   1   4   0.0105263511
5   7   1   5   0.0603506252
5   7   3   4   -0.0054653836
5   7   3   5   -0.0313346302
5   7   5   6   -0.0698030886
5   8   2   4   -0.0056182467
5   8   2   5   -0.0322110383
5   10   2   6   -0.0140227392

End IJKA Block
Begin IABC Block
2   4   1   6   -0.0121010023
2   4   3   4   -0.0522783952
2   5   2   6   -0.0121010023
2   5   3   5   -0.0522783952
2   6   1   4   -0.0121010023
2   6   2   5   -0.0121010023
2   6   3   6   0.0040636331

End IABC Block
