Begin IJ Block
1   1   -27.5058865974
1   3   0.4632158088
1   4   0.0000000000
1   5   -0.2362713858
2   2   -27.5065726996
2   3   0.0000000000
2   4   -0.4939342996
2   5   -0.0000000000
3   3   -9.4191444377
3   5   -0.8523211510
4   4   -7.5711547007
5   5   -7.6891139788
6   6   -7.6860527791
7   7   -7.6860527791

End IJ Block
Begin IA Block
1   3   -0.0000000000
1   4   0.0339795912
2   3   0.2637751566
2   4   0.0000000000
3   4   0.6785435442
4   3   1.0282744434
5   4   1.4151643423
6   5   -1.5880794901
6   6   -0.9271442669
7   5   0.9271442669
7   6   -1.5880794901

End IA Block
Begin AB Block
1   1   -6.9326026163
2   2   -6.9326026163
3   3   -5.1514412146
4   4   -5.2097364259
5   5   -5.8114505111
6   6   -5.8114505111

End AB Block
Begin IJKL Block
1   8   1   8   2.2818292545
1   8   1   9   -0.0000000001
1   8   1   10   -0.1934640609
1   8   1   11   -0.0000000000
1   8   1   12   0.0713065792
1   8   2   8   -0.0000000001
1   8   2   9   1.8425226710
1   8   2   10   0.0000000000
1   8   2   11   0.1836727624
1   8   2   12   -0.0000000000
1   8   3   8   -0.1934640609
1   8   3   9   0.0000000000
1   8   3   10   0.0330699025
1   8   3   11   0.0000000000
1   8   3   12   -0.0034945108
1   8   4   8   -0.0000000000
1   8   4   9   0.1836727624
1   8   4   10   0.0000000000
1   8   4   11   0.0297917546
1   8   4   12   -0.0000000000
1   8   5   8   0.0713065792
1   8   5   9   -0.0000000000
1   8   5   10   -0.0034945108
1   8   5   11   -0.0000000000
1   8   5   12   0.0173762773
1   8   6   13   0.0118163392
1   8   7   14   0.0118163392
1   9   1   8   -0.0000000001
1   9   1   9   2.2822561782
1   9   1   10   0.0000000000
1   9   1   11   0.1895827702
1   9   1   12   -0.0000000000
1   9   2   8   1.8425226710
1   9   2   9   0.0000000001
1   9   2   10   -0.2007531649
1   9   2   11   0.0000000000
1   9   2   12   0.0575444491
1   9   3   8   0.0000000000
1   9   3   9   -0.1935294650
1   9   3   11   -0.0259695008
1   9   4   8   0.1836727624
1   9   4   9   0.0000000000
1   9   4   10   -0.0261663143
1   9   4   12   0.0151245117
1   9   5   8   -0.0000000000
1   9   5   9   0.0713231712
1   9   5   11   0.0154988291
1   10   1   8   -0.1934640609
1   10   1   9   0.0000000000
1   10   1   10   0.7876304284
1   10   1   11   0.0000000000
1   10   1   12   0.0825879632
1   10   2   8   0.0000000000
1   10   2   9   -0.2007531649
1   10   2   11   -0.1939623905
1   10   3   8   0.0330699025
1   10   3   10   0.0028697670
1   10   3   12   0.0080054888
1   10   4   8   0.0000000000
1   10   4   9   -0.0261663143
1   10   4   11   -0.0042719872
1   10   5   8   -0.0034945108
1   10   5   10   0.0267177258
1   10   5   12   0.0159969060
1   10   6   13   0.0155452315
1   10   7   14   0.0155452315
1   11   1   8   -0.0000000000
1   11   1   9   0.1895827702
1   11   1   10   0.0000000000
1   11   1   11   0.6598094761
1   11   1   12   -0.0000000000
1   11   2   8   0.1836727624
1   11   2   9   0.0000000000
1   11   2   10   -0.1939623905
1   11   2   12   0.2486385495
1   11   3   8   0.0000000000
1   11   3   9   -0.0259695008
1   11   3   11   -0.0121217510
1   11   4   8   0.0297917546
1   11   4   10   -0.0042719872
1   11   4   12   -0.0029831224
1   11   5   8   -0.0000000000
1   11   5   9   0.0154988291
1   11   5   11   -0.0057143850
1   12   1   8   0.0713065792
1   12   1   9   -0.0000000000
1   12   1   10   0.0825879632
1   12   1   11   -0.0000000000
1   12   1   12   0.6828373531
1   12   2   8   -0.0000000000
1   12   2   9   0.0575444491
1   12   2   11   0.2486385495
1   12   3   8   -0.0034945108
1   12   3   10   0.0080054888
1   12   3   12   -0.0078185460
1   12   4   8   -0.0000000000
1   12   4   9   0.0151245117
1   12   4   11   -0.0029831224
1   12   5   8   0.0173762773
1   12   5   10   0.0159969060
1   12   5   12   -0.0015643176
1   12   6   13   -0.0036953129
1   12   7   14   -0.0036953129
1   13   1   13   0.6566628344
1   13   3   13   -0.0009049435
1   13   5   13   0.0092630725
1   13   6   8   0.0118163392
1   13   6   10   0.0155452315
1   13   6   12   -0.0036953129
1   14   1   14   0.6566628344
1   14   3   14   -0.0009049435
1   14   5   14   0.0092630725
1   14   7   8   0.0118163392
1   14   7   10   0.0155452315
1   14   7   12   -0.0036953129
2   8   1   8   -0.0000000001
2   8   1   9   1.8425226710
2   8   1   10   0.0000000000
2   8   1   11   0.1836727624
2   8   1   12   -0.0000000000
2   8   2   8   2.2822561782
2   8   2   9   0.0000000001
2   8   2   10   -0.1935294650
2   8   2   11   0.0000000000
2   8   2   12   0.0713231712
2   8   3   8   0.0000000000
2   8   3   9   -0.2007531649
2   8   3   11   -0.0261663143
2   8   4   8   0.1895827702
2   8   4   9   0.0000000000
2   8   4   10   -0.0259695008
2   8   4   12   0.0154988291
2   8   5   8   -0.0000000000
2   8   5   9   0.0575444491
2   8   5   11   0.0151245117
2   9   1   8   1.8425226710
2   9   1   9   0.0000000001
2   9   1   10   -0.2007531649
2   9   1   11   0.0000000000
2   9   1   12   0.0575444491
2   9   2   8   0.0000000001
2   9   2   9   2.2826832597
2   9   2   10   -0.0000000000
2   9   2   11   0.1896410893
2   9   2   12   0.0000000000
2   9   3   8   -0.2007531649
2   9   3   9   -0.0000000000
2   9   3   10   0.0328466716
2   9   3   11   -0.0000000000
2   9   3   12   -0.0039583832
2   9   4   8   0.0000000000
2   9   4   9   0.1896410893
2   9   4   10   -0.0000000000
2   9   4   11   0.0299635535
2   9   4   12   0.0000000000
2   9   5   8   0.0575444491
2   9   5   9   0.0000000000
2   9   5   10   -0.0039583832
2   9   5   11   0.0000000000
2   9   5   12   0.0165013431
2   9   6   13   0.0114026781
2   9   7   14   0.0114026781
2   10   1   8   0.0000000000
2   10   1   9   -0.2007531649
2   10   1   11   -0.1939623905
2   10   2   8   -0.1935294650
2   10   2   9   -0.0000000000
2   10   2   10   0.7876045070
2   10   2   11   -0.0000000000
2   10   2   12   0.0825560353
2   10   3   9   0.0328466716
2   10   3   11   0.0085042445
2   10   4   8   -0.0259695008
2   10   4   9   -0.0000000000
2   10   4   10   0.0183909092
2   10   4   12   0.0066595161
2   10   5   9   -0.0039583832
2   10   5   11   0.0018769591
2   11   1   8   0.1836727624
2   11   1   9   0.0000000000
2   11   1   10   -0.1939623905
2   11   1   12   0.2486385495
2   11   2   8   0.0000000000
2   11   2   9   0.1896410893
2   11   2   10   -0.0000000000
2   11   2   11   0.6598416551
2   11   2   12   0.0000000000
2   11   3   8   -0.0261663143
2   11   3   9   -0.0000000000
2   11   3   10   0.0085042445
2   11   3   12   -0.0133423040
2   11   4   9   0.0299635535
2   11   4   11   0.0040415681
2   11   5   8   0.0151245117
2   11   5   9   0.0000000000
2   11   5   10   0.0018769591
2   11   5   12   -0.0159363547
2   11   6   13   -0.0108202144
2   11   7   14   -0.0108202144
2   12   1   8   -0.0000000000
2   12   1   9   0.0575444491
2   12   1   11   0.2486385495
2   12   2   8   0.0713231712
2   12   2   9   0.0000000000
2   12   2   10   0.0825560353
2   12   2   11   0.0000000000
2   12   2   12   0.6828521947
2   12   3   9   -0.0039583832
2   12   3   11   -0.0133423040
2   12   4   8   0.0154988291
2   12   4   9   0.0000000000
2   12   4   10   0.0066595161
2   12   4   12   0.0042542550
2   12   5   9   0.0165013431
2   12   5   11   -0.0159363547
2   13   2   13   0.6566642338
2   13   4   13   0.0075989992
2   13   6   9   0.0114026781
2   13   6   11   -0.0108202144
2   14   2   14   0.6566642338
2   14   4   14   0.0075989992
2   14   7   9   0.0114026781
2   14   7   11   -0.0108202144
3   8   1   8   -0.1934640609
3   8   1   9   0.0000000000
3   8   1   10   0.0330699025
3   8   1   11   0.0000000000
3   8   1   12   -0.0034945108
3   8   2   8   0.0000000000
3   8   2   9   -0.2007531649
3   8   2   11   -0.0261663143
3   8   3   8   0.7876304284
3   8   3   10   0.0028697670
3   8   3   12   0.0267177258
3   8   4   8   0.0000000000
3   8   4   9   -0.1939623905
3   8   4   11   -0.0042719872
3   8   5   8   0.0825879632
3   8   5   10   0.0080054888
3   8   5   12   0.0159969060
3   8   6   13   0.0155452315
3   8   7   14   0.0155452315
3   9   1   8   0.0000000000
3   9   1   9   -0.1935294650
3   9   1   11   -0.0259695008
3   9   2   8   -0.2007531649
3   9   2   9   -0.0000000000
3   9   2   10   0.0328466716
3   9   2   11   -0.0000000000
3   9   2   12   -0.0039583832
3   9   3   9   0.7876045070
3   9   3   11   0.0183909092
3   9   4   8   -0.1939623905
3   9   4   9   -0.0000000000
3   9   4   10   0.0085042445
3   9   4   12   0.0018769591
3   9   5   9   0.0825560353
3   9   5   11   0.0066595161
3   10   1   8   0.0330699025
3   10   1   10   0.0028697670
3   10   1   12   0.0080054888
3   10   2   9   0.0328466716
3   10   2   11   0.0085042445
3   10   3   8   0.0028697670
3   10   3   10   0.7562230500
3   10   3   12   0.1332063424
3   10   4   9   0.0085042445
3   10   4   11   0.0700401892
3   10   5   8   0.0080054888
3   10   5   10   0.1332063424
3   10   5   12   0.0703806701
3   10   6   13   0.0933827632
3   10   7   14   0.0933827632
3   11   1   8   0.0000000000
3   11   1   9   -0.0259695008
3   11   1   11   -0.0121217510
3   11   2   8   -0.0261663143
3   11   2   9   -0.0000000000
3   11   2   10   0.0085042445
3   11   2   12   -0.0133423040
3   11   3   9   0.0183909092
3   11   3   11   0.5094602290
3   11   4   8   -0.0042719872
3   11   4   10   0.0700401892
3   11   4   12   -0.1012344833
3   11   5   9   0.0066595161
3   11   5   11   0.0013559573
3   12   1   8   -0.0034945108
3   12   1   10   0.0080054888
3   12   1   12   -0.0078185460
3   12   2   9   -0.0039583832
3   12   2   11   -0.0133423040
3   12   3   8   0.0267177258
3   12   3   10   0.1332063424
3   12   3   12   0.5525161146
3   12   4   9   0.0018769591
3   12   4   11   -0.1012344833
3   12   5   8   0.0159969060
3   12   5   10   0.0703806701
3   12   5   12   0.0289515701
3   12   6   13   -0.0087699606
3   12   7   14   -0.0087699606
3   13   1   13   -0.0009049435
3   13   3   13   0.5964503524
3   13   5   13   0.0577340071
3   13   6   8   0.0155452315
3   13   6   10   0.0933827632
3   13   6   12   -0.0087699606
3   14   1   14   -0.0009049435
3   14   3   14   0.5964503524
3   14   5   14   0.0577340071
3   14   7   8   0.0155452315
3   14   7   10   0.0933827632
3   14   7   12   -0.0087699606
4   8   1   8   -0.0000000000
4   8   1   9   0.1836727624
4   8   1   10   0.0000000000
4   8   1   11   0.0297917546
4   8   1   12   -0.0000000000
4   8   2   8   0.1895827702
4   8   2   9   0.0000000000
4   8   2   10   -0.0259695008
4   8   2   12   0.0154988291
4   8   3   8   0.0000000000
4   8   3   9   -0.1939623905
4   8   3   11   -0.0042719872
4   8   4   8   0.6598094761
4   8   4   10   -0.0121217510
4   8   4   12   -0.0057143850
4   8   5   8   -0.0000000000
4   8   5   9   0.2486385495
4   8   5   11   -0.0029831224
4   9   1   8   0.1836727624
4   9   1   9   0.0000000000
4   9   1   10   -0.0261663143
4   9   1   12   0.0151245117
4   9   2   8   0.0000000000
4   9   2   9   0.1896410893
4   9   2   10   -0.0000000000
4   9   2   11   0.0299635535
4   9   2   12   0.0000000000
4   9   3   8   -0.1939623905
4   9   3   9   -0.0000000000
4   9   3   10   0.0085042445
4   9   3   12   0.0018769591
4   9   4   9   0.6598416551
4   9   4   11   0.0040415681
4   9   5   8   0.2486385495
4   9   5   9   0.0000000000
4   9   5   10   -0.0133423040
4   9   5   12   -0.0159363547
4   9   6   13   -0.0108202144
4   9   7   14   -0.0108202144
4   10   1   8   0.0000000000
4   10   1   9   -0.0261663143
4   10   1   11   -0.0042719872
4   10   2   8   -0.0259695008
4   10   2   9   -0.0000000000
4   10   2   10   0.0183909092
4   10   2   12   0.0066595161
4   10   3   9   0.0085042445
4   10   3   11   0.0700401892
4   10   4   8   -0.0121217510
4   10   4   10   0.5094602290
4   10   4   12   0.0013559573
4   10   5   9   -0.0133423040
4   10   5   11   -0.1012344833
4   11   1   8   0.0297917546
4   11   1   10   -0.0042719872
4   11   1   12   -0.0029831224
4   11   2   9   0.0299635535
4   11   2   11   0.0040415681
4   11   3   8   -0.0042719872
4   11   3   10   0.0700401892
4   11   3   12   -0.1012344833
4   11   4   9   0.0040415681
4   11   4   11   0.5283059625
4   11   5   8   -0.0029831224
4   11   5   10   -0.1012344833
4   11   5   12   0.1982118079
4   11   6   13   0.0441665789
4   11   7   14   0.0441665789
4   12   1   8   -0.0000000000
4   12   1   9   0.0151245117
4   12   1   11   -0.0029831224
4   12   2   8   0.0154988291
4   12   2   9   0.0000000000
4   12   2   10   0.0066595161
4   12   2   12   0.0042542550
4   12   3   9   0.0018769591
4   12   3   11   -0.1012344833
4   12   4   8   -0.0057143850
4   12   4   10   0.0013559573
4   12   4   12   0.5319836110
4   12   5   9   -0.0159363547
4   12   5   11   0.1982118079
4   13   2   13   0.0075989992
4   13   4   13   0.4824447258
4   13   6   9   -0.0108202144
4   13   6   11   0.0441665789
4   14   2   14   0.0075989992
4   14   4   14   0.4824447258
4   14   7   9   -0.0108202144
4   14   7   11   0.0441665789
5   8   1   8   0.0713065792
5   8   1   9   -0.0000000000
5   8   1   10   -0.0034945108
5   8   1   11   -0.0000000000
5   8   1   12   0.0173762773
5   8   2   8   -0.0000000000
5   8   2   9   0.0575444491
5   8   2   11   0.0151245117
5   8   3   8   0.0825879632
5   8   3   10   0.0080054888
5   8   3   12   0.0159969060
5   8   4   8   -0.0000000000
5   8   4   9   0.2486385495
5   8   4   11   -0.0029831224
5   8   5   8   0.6828373531
5   8   5   10   -0.0078185460
5   8   5   12   -0.0015643176
5   8   6   13   -0.0036953129
5   8   7   14   -0.0036953129
5   9   1   8   -0.0000000000
5   9   1   9   0.0713231712
5   9   1   11   0.0154988291
5   9   2   8   0.0575444491
5   9   2   9   0.0000000000
5   9   2   10   -0.0039583832
5   9   2   11   0.0000000000
5   9   2   12   0.0165013431
5   9   3   9   0.0825560353
5   9   3   11   0.0066595161
5   9   4   8   0.2486385495
5   9   4   9   0.0000000000
5   9   4   10   -0.0133423040
5   9   4   12   -0.0159363547
5   9   5   9   0.6828521947
5   9   5   11   0.0042542550
5   10   1   8   -0.0034945108
5   10   1   10   0.0267177258
5   10   1   12   0.0159969060
5   10   2   9   -0.0039583832
5   10   2   11   0.0018769591
5   10   3   8   0.0080054888
5   10   3   10   0.1332063424
5   10   3   12   0.0703806701
5   10   4   9   -0.0133423040
5   10   4   11   -0.1012344833
5   10   5   8   -0.0078185460
5   10   5   10   0.5525161146
5   10   5   12   0.0289515701
5   10   6   13   -0.0087699606
5   10   7   14   -0.0087699606
5   11   1   8   -0.0000000000
5   11   1   9   0.0154988291
5   11   1   11   -0.0057143850
5   11   2   8   0.0151245117
5   11   2   9   0.0000000000
5   11   2   10   0.0018769591
5   11   2   12   -0.0159363547
5   11   3   9   0.0066595161
5   11   3   11   0.0013559573
5   11   4   8   -0.0029831224
5   11   4   10   -0.1012344833
5   11   4   12   0.1982118079
5   11   5   9   0.0042542550
5   11   5   11   0.5319836110
5   12   1   8   0.0173762773
5   12   1   10   0.0159969060
5   12   1   12   -0.0015643176
5   12   2   9   0.0165013431
5   12   2   11   -0.0159363547
5   12   3   8   0.0159969060
5   12   3   10   0.0703806701
5   12   3   12   0.0289515701
5   12   4   9   -0.0159363547
5   12   4   11   0.1982118079
5   12   5   8   -0.0015643176
5   12   5   10   0.0289515701
5   12   5   12   0.5561471668
5   12   6   13   0.0223596866
5   12   7   14   0.0223596866
5   13   1   13   0.0092630725
5   13   3   13   0.0577340071
5   13   5   13   0.4910300330
5   13   6   8   -0.0036953129
5   13   6   10   -0.0087699606
5   13   6   12   0.0223596866
5   14   1   14   0.0092630725
5   14   3   14   0.0577340071
5   14   5   14   0.4910300330
5   14   7   8   -0.0036953129
5   14   7   10   -0.0087699606
5   14   7   12   0.0223596866
6   8   1   13   0.0118163392
6   8   3   13   0.0155452315
6   8   5   13   -0.0036953129
6   8   6   8   0.6566628344
6   8   6   10   -0.0009049435
6   8   6   12   0.0092630725
6   9   2   13   0.0114026781
6   9   4   13   -0.0108202144
6   9   6   9   0.6566642338
6   9   6   11   0.0075989992
6   10   1   13   0.0155452315
6   10   3   13   0.0933827632
6   10   5   13   -0.0087699606
6   10   6   8   -0.0009049435
6   10   6   10   0.5964503524
6   10   6   12   0.0577340071
6   11   2   13   -0.0108202144
6   11   4   13   0.0441665789
6   11   6   9   0.0075989992
6   11   6   11   0.4824447258
6   12   1   13   -0.0036953129
6   12   3   13   -0.0087699606
6   12   5   13   0.0223596866
6   12   6   8   0.0092630725
6   12   6   10   0.0577340071
6   12   6   12   0.4910300330
6   13   1   8   0.0118163392
6   13   1   10   0.0155452315
6   13   1   12   -0.0036953129
6   13   2   9   0.0114026781
6   13   2   11   -0.0108202144
6   13   3   8   0.0155452315
6   13   3   10   0.0933827632
6   13   3   12   -0.0087699606
6   13   4   9   -0.0108202144
6   13   4   11   0.0441665789
6   13   5   8   -0.0036953129
6   13   5   10   -0.0087699606
6   13   5   12   0.0223596866
6   13   6   13   0.5477658007
6   13   7   14   0.0215251614
6   14   6   14   0.5047154779
6   14   7   13   0.0215251614
7   8   1   14   0.0118163392
7   8   3   14   0.0155452315
7   8   5   14   -0.0036953129
7   8   7   8   0.6566628344
7   8   7   10   -0.0009049435
7   8   7   12   0.0092630725
7   9   2   14   0.0114026781
7   9   4   14   -0.0108202144
7   9   7   9   0.6566642338
7   9   7   11   0.0075989992
7   10   1   14   0.0155452315
7   10   3   14   0.0933827632
7   10   5   14   -0.0087699606
7   10   7   8   -0.0009049435
7   10   7   10   0.5964503524
7   10   7   12   0.0577340071
7   11   2   14   -0.0108202144
7   11   4   14   0.0441665789
7   11   7   9   0.0075989992
7   11   7   11   0.4824447258
7   12   1   14   -0.0036953129
7   12   3   14   -0.0087699606
7   12   5   14   0.0223596866
7   12   7   8   0.0092630725
7   12   7   10   0.0577340071
7   12   7   12   0.4910300330
7   13   6   14   0.0215251614
7   13   7   13   0.5047154779
7   14   1   8   0.0118163392
7   14   1   10   0.0155452315
7   14   1   12   -0.0036953129
7   14   2   9   0.0114026781
7   14   2   11   -0.0108202144
7   14   3   8   0.0155452315
7   14   3   10   0.0933827632
7   14   3   12   -0.0087699606
7   14   4   9   -0.0108202144
7   14   4   11   0.0441665789
7   14   5   8   -0.0036953129
7   14   5   10   -0.0087699606
7   14   5   12   0.0223596866
7   14   6   13   0.0215251614
7   14   7   14   0.5477658007

End IJKL Block
Begin IJAB Block
1   8   1   7   0.0121400174
1   8   2   8   0.0121400174
1   8   3   9   0.0146662277
1   8   4   10   0.0103626403
1   8   5   11   0.0193424277
1   8   6   12   0.0193424277
1   9   1   11   0.0129196478
1   9   1   12   0.0077955566
1   9   2   11   -0.0077955566
1   9   2   12   0.0129196478
1   9   3   10   -0.0052697172
1   9   4   9   -0.0054753348
1   9   5   7   0.0132513979
1   9   5   8   -0.0079957305
1   9   6   7   0.0079957305
1   9   6   8   0.0132513979
1   10   1   7   0.0105810174
1   10   2   8   0.0105810174
1   10   3   9   -0.0016347797
1   10   4   10   0.0074095827
1   10   5   11   0.0106516066
1   10   6   12   0.0106516066
1   11   1   11   -0.0061577162
1   11   1   12   -0.0037154902
1   11   2   11   0.0037154902
1   11   2   12   -0.0061577162
1   11   3   10   0.0019384458
1   11   4   9   0.0030237087
1   11   5   7   -0.0135401132
1   11   5   8   0.0081699377
1   11   6   7   -0.0081699377
1   11   6   8   -0.0135401132
1   12   1   7   -0.0063932285
1   12   2   8   -0.0063932285
1   12   3   9   -0.0000108288
1   12   4   10   0.0039331354
1   12   5   11   -0.0008379803
1   12   6   12   -0.0008379803
1   13   1   9   0.0073502540
1   13   2   9   -0.0001063888
1   13   3   7   -0.0038931986
1   13   3   8   0.0000563508
1   13   4   11   -0.0022379478
1   13   4   12   -0.0013065470
1   13   5   10   0.0022376435
1   13   6   10   0.0013063693
1   14   1   9   0.0001063888
1   14   2   9   0.0073502540
1   14   3   7   -0.0000563508
1   14   3   8   -0.0038931986
1   14   4   11   0.0013065470
1   14   4   12   -0.0022379478
1   14   5   10   -0.0013063693
1   14   6   10   0.0022376435
2   8   1   11   0.0132513979
2   8   1   12   0.0079957305
2   8   2   11   -0.0079957305
2   8   2   12   0.0132513979
2   8   3   10   -0.0054753348
2   8   4   9   -0.0052697172
2   8   5   7   0.0129196478
2   8   5   8   -0.0077955566
2   8   6   7   0.0077955566
2   8   6   8   0.0129196478
2   9   1   7   0.0124537483
2   9   2   8   0.0124537483
2   9   3   9   0.0147548897
2   9   4   10   0.0098488412
2   9   5   11   0.0188642722
2   9   6   12   0.0188642722
2   10   1   11   0.0076641932
2   10   1   12   0.0046244799
2   10   2   11   -0.0046244799
2   10   2   12   0.0076641932
2   10   3   10   -0.0017826940
2   10   4   9   -0.0030541478
2   10   5   7   0.0102990283
2   10   5   8   -0.0062143069
2   10   6   7   0.0062143069
2   10   6   8   0.0102990283
2   11   1   7   -0.0142091138
2   11   2   8   -0.0142091138
2   11   3   9   0.0005184581
2   11   4   10   -0.0024638493
2   11   5   11   -0.0082190337
2   11   6   12   -0.0082190337
2   12   1   11   -0.0008510686
2   12   1   12   -0.0005135243
2   12   2   11   0.0005135243
2   12   2   12   -0.0008510686
2   12   3   10   0.0007032411
2   12   4   9   -0.0008182978
2   12   5   7   -0.0057279488
2   12   5   8   0.0034561738
2   12   6   7   -0.0034561738
2   12   6   8   -0.0057279488
2   13   1   10   0.0025389106
2   13   2   10   -0.0000367486
2   13   3   11   -0.0014278490
2   13   3   12   -0.0008335994
2   13   4   7   0.0039749610
2   13   4   8   -0.0000575342
2   13   5   9   0.0073448867
2   13   6   9   0.0042880534
2   14   1   10   0.0000367486
2   14   2   10   0.0025389106
2   14   3   11   0.0008335994
2   14   3   12   -0.0014278490
2   14   4   7   0.0000575342
2   14   4   8   0.0039749610
2   14   5   9   -0.0042880534
2   14   6   9   0.0073448867
3   8   1   7   0.0105810174
3   8   2   8   0.0105810174
3   8   3   9   -0.0016347797
3   8   4   10   0.0074095827
3   8   5   11   0.0106516066
3   8   6   12   0.0106516066
3   9   1   11   0.0102990283
3   9   1   12   0.0062143069
3   9   2   11   -0.0062143069
3   9   2   12   0.0102990283
3   9   3   10   -0.0030541478
3   9   4   9   -0.0017826940
3   9   5   7   0.0076641932
3   9   5   8   -0.0046244799
3   9   6   7   0.0046244799
3   9   6   8   0.0076641932
3   10   1   7   0.0361639012
3   10   2   8   0.0361639012
3   10   3   9   0.0476850094
3   10   4   10   0.0377828926
3   10   5   11   0.0247425145
3   10   6   12   0.0247425145
3   11   1   11   -0.0106407440
3   11   1   12   -0.0064204940
3   11   2   11   0.0064204940
3   11   2   12   -0.0106407440
3   11   3   10   -0.0095926742
3   11   4   9   0.0060171538
3   11   5   7   -0.0157845107
3   11   5   8   0.0095241796
3   11   6   7   -0.0095241796
3   11   6   8   -0.0157845107
3   12   1   7   -0.0221972723
3   12   2   8   -0.0221972723
3   12   3   9   0.0127141096
3   12   4   10   0.0244750589
3   12   5   11   0.0017943469
3   12   6   12   0.0017943469
3   13   1   9   0.0238961450
3   13   2   9   -0.0003458766
3   13   3   7   0.0641939541
3   13   3   8   -0.0009291536
3   13   4   11   -0.0246788630
3   13   4   12   -0.0144078848
3   13   5   10   -0.0013428361
3   13   6   10   -0.0007839676
3   14   1   9   0.0003458766
3   14   2   9   0.0238961450
3   14   3   7   0.0009291536
3   14   3   8   0.0641939541
3   14   4   11   0.0144078848
3   14   4   12   -0.0246788630
3   14   5   10   0.0007839676
3   14   6   10   -0.0013428361
4   8   1   11   -0.0135401132
4   8   1   12   -0.0081699377
4   8   2   11   0.0081699377
4   8   2   12   -0.0135401132
4   8   3   10   0.0030237087
4   8   4   9   0.0019384458
4   8   5   7   -0.0061577162
4   8   5   8   0.0037154902
4   8   6   7   -0.0037154902
4   8   6   8   -0.0061577162
4   9   1   7   -0.0142091138
4   9   2   8   -0.0142091138
4   9   3   9   0.0005184581
4   9   4   10   -0.0024638493
4   9   5   11   -0.0082190337
4   9   6   12   -0.0082190337
4   10   1   11   -0.0157845107
4   10   1   12   -0.0095241796
4   10   2   11   0.0095241796
4   10   2   12   -0.0157845107
4   10   3   10   0.0060171538
4   10   4   9   -0.0095926742
4   10   5   7   -0.0106407440
4   10   5   8   0.0064204940
4   10   6   7   -0.0064204940
4   10   6   8   -0.0106407440
4   11   1   7   0.0730401030
4   11   2   8   0.0730401030
4   11   3   9   0.0363895327
4   11   4   10   0.0159570583
4   11   5   11   0.0140239621
4   11   6   12   0.0140239621
4   12   1   11   -0.0027129141
4   12   1   12   -0.0016369390
4   12   2   11   0.0016369390
4   12   2   12   -0.0027129141
4   12   3   10   0.0355849067
4   12   4   9   0.0145185157
4   12   5   7   0.0048616979
4   12   5   8   -0.0029334887
4   12   6   7   0.0029334887
4   12   6   8   0.0048616979
4   13   1   10   -0.0199966622
4   13   2   10   0.0002894349
4   13   3   11   -0.0264297242
4   13   3   12   -0.0154300634
4   13   4   7   -0.0094072664
4   13   4   8   0.0001361623
4   13   5   9   -0.0090117084
4   13   6   9   -0.0052611685
4   14   1   10   -0.0002894349
4   14   2   10   -0.0199966622
4   14   3   11   0.0154300634
4   14   3   12   -0.0264297242
4   14   4   7   -0.0001361623
4   14   4   8   -0.0094072664
4   14   5   9   0.0052611685
4   14   6   9   -0.0090117084
5   8   1   7   -0.0063932285
5   8   2   8   -0.0063932285
5   8   3   9   -0.0000108288
5   8   4   10   0.0039331354
5   8   5   11   -0.0008379803
5   8   6   12   -0.0008379803
5   9   1   11   -0.0057279488
5   9   1   12   -0.0034561738
5   9   2   11   0.0034561738
5   9   2   12   -0.0057279488
5   9   3   10   -0.0008182978
5   9   4   9   0.0007032411
5   9   5   7   -0.0008510686
5   9   5   8   0.0005135243
5   9   6   7   -0.0005135243
5   9   6   8   -0.0008510686
5   10   1   7   -0.0221972723
5   10   2   8   -0.0221972723
5   10   3   9   0.0127141096
5   10   4   10   0.0244750589
5   10   5   11   0.0017943469
5   10   6   12   0.0017943469
5   11   1   11   0.0048616979
5   11   1   12   0.0029334887
5   11   2   11   -0.0029334887
5   11   2   12   0.0048616979
5   11   3   10   0.0145185157
5   11   4   9   0.0355849067
5   11   5   7   -0.0027129141
5   11   5   8   0.0016369390
5   11   6   7   -0.0016369390
5   11   6   8   -0.0027129141
5   12   1   7   0.0334281084
5   12   2   8   0.0334281084
5   12   3   9   0.0343334917
5   12   4   10   0.0517520427
5   12   5   11   0.0105975819
5   12   6   12   0.0105975819
5   13   1   9   -0.0078130077
5   13   2   9   0.0001130867
5   13   3   7   0.0349642812
5   13   3   8   -0.0005060786
5   13   4   11   -0.0370191890
5   13   4   12   -0.0216123494
5   13   5   10   -0.0002901913
5   13   6   10   -0.0001694179
5   14   1   9   -0.0001130867
5   14   2   9   -0.0078130077
5   14   3   7   0.0005060786
5   14   3   8   0.0349642812
5   14   4   11   0.0216123494
5   14   4   12   -0.0370191890
5   14   5   10   0.0001694179
5   14   6   10   -0.0002901913
6   8   1   9   -0.0038931986
6   8   2   9   0.0000563508
6   8   3   7   0.0073502540
6   8   3   8   -0.0001063888
6   8   4   11   0.0022376435
6   8   4   12   0.0013063693
6   8   5   10   -0.0022379478
6   8   6   10   -0.0013065470
6   9   1   10   0.0039749610
6   9   2   10   -0.0000575342
6   9   3   11   0.0073448867
6   9   3   12   0.0042880534
6   9   4   7   0.0025389106
6   9   4   8   -0.0000367486
6   9   5   9   -0.0014278490
6   9   6   9   -0.0008335994
6   10   1   9   0.0641939541
6   10   2   9   -0.0009291536
6   10   3   7   0.0238961450
6   10   3   8   -0.0003458766
6   10   4   11   -0.0013428361
6   10   4   12   -0.0007839676
6   10   5   10   -0.0246788630
6   10   6   10   -0.0144078848
6   11   1   10   -0.0094072664
6   11   2   10   0.0001361623
6   11   3   11   -0.0090117084
6   11   3   12   -0.0052611685
6   11   4   7   -0.0199966622
6   11   4   8   0.0002894349
6   11   5   9   -0.0264297242
6   11   6   9   -0.0154300634
6   12   1   9   0.0349642812
6   12   2   9   -0.0005060786
6   12   3   7   -0.0078130077
6   12   3   8   0.0001130867
6   12   4   11   -0.0002901913
6   12   4   12   -0.0001694179
6   12   5   10   -0.0370191890
6   12   6   10   -0.0216123494
6   13   1   7   0.1480880783
6   13   1   8   -0.0019371491
6   13   2   7   -0.0019371491
6   13   2   8   0.0142811309
6   13   3   9   0.0193852948
6   13   4   10   0.0186274728
6   13   5   11   0.0579733448
6   13   5   12   0.0290624260
6   13   6   11   0.0290624260
6   13   6   12   0.0251602015
6   14   1   7   0.0019371491
6   14   1   8   0.1195818937
6   14   2   7   0.0142250537
6   14   2   8   -0.0019371491
6   14   5   11   -0.0290624260
6   14   5   12   0.0415870890
6   14   6   11   -0.0087739457
6   14   6   12   0.0290624260
7   8   1   9   -0.0000563508
7   8   2   9   -0.0038931986
7   8   3   7   0.0001063888
7   8   3   8   0.0073502540
7   8   4   11   -0.0013063693
7   8   4   12   0.0022376435
7   8   5   10   0.0013065470
7   8   6   10   -0.0022379478
7   9   1   10   0.0000575342
7   9   2   10   0.0039749610
7   9   3   11   -0.0042880534
7   9   3   12   0.0073448867
7   9   4   7   0.0000367486
7   9   4   8   0.0025389106
7   9   5   9   0.0008335994
7   9   6   9   -0.0014278490
7   10   1   9   0.0009291536
7   10   2   9   0.0641939541
7   10   3   7   0.0003458766
7   10   3   8   0.0238961450
7   10   4   11   0.0007839676
7   10   4   12   -0.0013428361
7   10   5   10   0.0144078848
7   10   6   10   -0.0246788630
7   11   1   10   -0.0001361623
7   11   2   10   -0.0094072664
7   11   3   11   0.0052611685
7   11   3   12   -0.0090117084
7   11   4   7   -0.0002894349
7   11   4   8   -0.0199966622
7   11   5   9   0.0154300634
7   11   6   9   -0.0264297242
7   12   1   9   0.0005060786
7   12   2   9   0.0349642812
7   12   3   7   -0.0001130867
7   12   3   8   -0.0078130077
7   12   4   11   0.0001694179
7   12   4   12   -0.0002901913
7   12   5   10   0.0216123494
7   12   6   10   -0.0370191890
7   13   1   7   0.0019371491
7   13   1   8   0.0142250537
7   13   2   7   0.1195818937
7   13   2   8   -0.0019371491
7   13   5   11   -0.0290624260
7   13   5   12   -0.0087739457
7   13   6   11   0.0415870890
7   13   6   12   0.0290624260
7   14   1   7   0.0142811309
7   14   1   8   0.0019371491
7   14   2   7   0.0019371491
7   14   2   8   0.1480880783
7   14   3   9   0.0193852948
7   14   4   10   0.0186274728
7   14   5   11   0.0251602015
7   14   5   12   -0.0290624260
7   14   6   11   -0.0290624260
7   14   6   12   0.0579733448

End IJAB Block
Begin ABCD Block
1   7   1   7   0.4851187897
1   7   2   8   0.0184946747
1   7   3   9   0.0220085107
1   7   4   10   0.0073033742
1   7   5   11   0.0400751821
1   7   5   12   0.0200393401
1   7   6   11   0.0200393401
1   7   6   12   0.0189552901
1   8   1   8   0.4481294402
1   8   2   7   0.0184946747
1   8   5   11   -0.0200393401
1   8   5   12   0.0263475846
1   8   6   11   -0.0052276926
1   8   6   12   0.0200393401
1   9   1   9   0.3748167864
1   9   3   7   0.0220085107
1   9   4   11   -0.0022001064
1   9   4   12   -0.0013275171
1   9   5   10   -0.0096380590
1   9   6   10   -0.0058154862
1   10   1   10   0.3894877095
1   10   3   11   -0.0095438002
1   10   3   12   -0.0057586116
1   10   4   7   0.0073033742
1   10   5   9   -0.0096380590
1   10   6   9   -0.0058154862
1   11   1   11   0.4296214245
1   11   1   12   0.0121268307
1   11   2   11   -0.0121268307
1   11   2   12   0.0063903640
1   11   3   10   -0.0095438002
1   11   4   9   -0.0022001064
1   11   5   7   0.0400751821
1   11   5   8   -0.0200393401
1   11   6   7   0.0200393401
1   11   6   8   -0.0052276926
1   12   1   11   0.0121268307
1   12   1   12   0.4168406965
1   12   2   11   0.0063903640
1   12   2   12   0.0121268307
1   12   3   10   -0.0057586116
1   12   4   9   -0.0013275171
1   12   5   7   0.0200393401
1   12   5   8   0.0263475846
1   12   6   7   0.0189552901
1   12   6   8   0.0200393401
2   7   1   8   0.0184946747
2   7   2   7   0.4481294402
2   7   5   11   -0.0200393401
2   7   5   12   -0.0052276926
2   7   6   11   0.0263475846
2   7   6   12   0.0200393401
2   8   1   7   0.0184946747
2   8   2   8   0.4851187897
2   8   3   9   0.0220085107
2   8   4   10   0.0073033742
2   8   5   11   0.0189552901
2   8   5   12   -0.0200393401
2   8   6   11   -0.0200393401
2   8   6   12   0.0400751821
2   9   2   9   0.3748167864
2   9   3   8   0.0220085107
2   9   4   11   0.0013275171
2   9   4   12   -0.0022001064
2   9   5   10   0.0058154862
2   9   6   10   -0.0096380590
2   10   2   10   0.3894877095
2   10   3   11   0.0057586116
2   10   3   12   -0.0095438002
2   10   4   8   0.0073033742
2   10   5   9   0.0058154862
2   10   6   9   -0.0096380590
2   11   1   11   -0.0121268307
2   11   1   12   0.0063903640
2   11   2   11   0.4168406965
2   11   2   12   -0.0121268307
2   11   3   10   0.0057586116
2   11   4   9   0.0013275171
2   11   5   7   -0.0200393401
2   11   5   8   0.0189552901
2   11   6   7   0.0263475846
2   11   6   8   -0.0200393401
2   12   1   11   0.0063903640
2   12   1   12   0.0121268307
2   12   2   11   -0.0121268307
2   12   2   12   0.4296214245
2   12   3   10   -0.0095438002
2   12   4   9   -0.0022001064
2   12   5   7   -0.0052276926
2   12   5   8   -0.0200393401
2   12   6   7   0.0200393401
2   12   6   8   0.0400751821
3   7   1   9   0.0220085107
3   7   3   7   0.3748167864
3   7   4   11   -0.0096380590
3   7   4   12   -0.0058154862
3   7   5   10   -0.0022001064
3   7   6   10   -0.0013275171
3   8   2   9   0.0220085107
3   8   3   8   0.3748167864
3   8   4   11   0.0058154862
3   8   4   12   -0.0096380590
3   8   5   10   0.0013275171
3   8   6   10   -0.0022001064
3   9   1   7   0.0220085107
3   9   2   8   0.0220085107
3   9   3   9   0.3658565837
3   9   4   10   0.0751640259
3   9   5   11   0.0119464624
3   9   6   12   0.0119464624
3   10   1   11   -0.0095438002
3   10   1   12   -0.0057586116
3   10   2   11   0.0057586116
3   10   2   12   -0.0095438002
3   10   3   10   0.3589616594
3   10   4   9   0.0751640259
3   10   5   7   -0.0022001064
3   10   5   8   0.0013275171
3   10   6   7   -0.0013275171
3   10   6   8   -0.0022001064
3   11   1   10   -0.0095438002
3   11   2   10   0.0057586116
3   11   3   11   0.3462121816
3   11   4   7   -0.0096380590
3   11   4   8   0.0058154862
3   11   5   9   0.0119464624
3   12   1   10   -0.0057586116
3   12   2   10   -0.0095438002
3   12   3   12   0.3462121816
3   12   4   7   -0.0058154862
3   12   4   8   -0.0096380590
3   12   6   9   0.0119464624
4   7   1   10   0.0073033742
4   7   3   11   -0.0096380590
4   7   3   12   -0.0058154862
4   7   4   7   0.3894877095
4   7   5   9   -0.0095438002
4   7   6   9   -0.0057586116
4   8   2   10   0.0073033742
4   8   3   11   0.0058154862
4   8   3   12   -0.0096380590
4   8   4   8   0.3894877095
4   8   5   9   0.0057586116
4   8   6   9   -0.0095438002
4   9   1   11   -0.0022001064
4   9   1   12   -0.0013275171
4   9   2   11   0.0013275171
4   9   2   12   -0.0022001064
4   9   3   10   0.0751640259
4   9   4   9   0.3589616594
4   9   5   7   -0.0095438002
4   9   5   8   0.0057586116
4   9   6   7   -0.0057586116
4   9   6   8   -0.0095438002
4   10   1   7   0.0073033742
4   10   2   8   0.0073033742
4   10   3   9   0.0751640259
4   10   4   10   0.3752140338
4   10   5   11   0.0168907901
4   10   6   12   0.0168907901
4   11   1   9   -0.0022001064
4   11   2   9   0.0013275171
4   11   3   7   -0.0096380590
4   11   3   8   0.0058154862
4   11   4   11   0.3709744195
4   11   5   10   0.0168907901
4   12   1   9   -0.0013275171
4   12   2   9   -0.0022001064
4   12   3   7   -0.0058154862
4   12   3   8   -0.0096380590
4   12   4   12   0.3709744195
4   12   6   10   0.0168907901
5   7   1   11   0.0400751821
5   7   1   12   0.0200393401
5   7   2   11   -0.0200393401
5   7   2   12   -0.0052276926
5   7   3   10   -0.0022001064
5   7   4   9   -0.0095438002
5   7   5   7   0.4296214245
5   7   5   8   -0.0121268307
5   7   6   7   0.0121268307
5   7   6   8   0.0063903640
5   8   1   11   -0.0200393401
5   8   1   12   0.0263475846
5   8   2   11   0.0189552901
5   8   2   12   -0.0200393401
5   8   3   10   0.0013275171
5   8   4   9   0.0057586116
5   8   5   7   -0.0121268307
5   8   5   8   0.4168406965
5   8   6   7   0.0063903640
5   8   6   8   -0.0121268307
5   9   1   10   -0.0096380590
5   9   2   10   0.0058154862
5   9   3   11   0.0119464624
5   9   4   7   -0.0095438002
5   9   4   8   0.0057586116
5   9   5   9   0.3462121816
5   10   1   9   -0.0096380590
5   10   2   9   0.0058154862
5   10   3   7   -0.0022001064
5   10   3   8   0.0013275171
5   10   4   11   0.0168907901
5   10   5   10   0.3709744195
5   11   1   7   0.0400751821
5   11   1   8   -0.0200393401
5   11   2   7   -0.0200393401
5   11   2   8   0.0189552901
5   11   3   9   0.0119464624
5   11   4   10   0.0168907901
5   11   5   11   0.4233803773
5   11   6   12   0.0160512342
5   12   1   7   0.0200393401
5   12   1   8   0.0263475846
5   12   2   7   -0.0052276926
5   12   2   8   -0.0200393401
5   12   5   12   0.3912779090
5   12   6   11   0.0160512342
6   7   1   11   0.0200393401
6   7   1   12   0.0189552901
6   7   2   11   0.0263475846
6   7   2   12   0.0200393401
6   7   3   10   -0.0013275171
6   7   4   9   -0.0057586116
6   7   5   7   0.0121268307
6   7   5   8   0.0063903640
6   7   6   7   0.4168406965
6   7   6   8   0.0121268307
6   8   1   11   -0.0052276926
6   8   1   12   0.0200393401
6   8   2   11   -0.0200393401
6   8   2   12   0.0400751821
6   8   3   10   -0.0022001064
6   8   4   9   -0.0095438002
6   8   5   7   0.0063903640
6   8   5   8   -0.0121268307
6   8   6   7   0.0121268307
6   8   6   8   0.4296214245
6   9   1   10   -0.0058154862
6   9   2   10   -0.0096380590
6   9   3   12   0.0119464624
6   9   4   7   -0.0057586116
6   9   4   8   -0.0095438002
6   9   6   9   0.3462121816
6   10   1   9   -0.0058154862
6   10   2   9   -0.0096380590
6   10   3   7   -0.0013275171
6   10   3   8   -0.0022001064
6   10   4   12   0.0168907901
6   10   6   10   0.3709744195
6   11   1   7   0.0200393401
6   11   1   8   -0.0052276926
6   11   2   7   0.0263475846
6   11   2   8   -0.0200393401
6   11   5   12   0.0160512342
6   11   6   11   0.3912779090
6   12   1   7   0.0189552901
6   12   1   8   0.0200393401
6   12   2   7   0.0200393401
6   12   2   8   0.0400751821
6   12   3   9   0.0119464624
6   12   4   10   0.0168907901
6   12   5   11   0.0160512342
6   12   6   12   0.4233803773

End ABCD Block
Begin AIJB Block
1   8   1   7   0.0121400174
1   8   2   11   0.0132513979
1   8   2   12   0.0079957305
1   8   3   7   0.0105810174
1   8   4   11   -0.0135401132
1   8   4   12   -0.0081699377
1   8   5   7   -0.0063932285
1   8   6   9   -0.0038931986
1   8   7   9   -0.0000563508
1   9   1   11   0.0129196478
1   9   1   12   0.0077955566
1   9   2   7   0.0124537483
1   9   3   11   0.0102990283
1   9   3   12   0.0062143069
1   9   4   7   -0.0142091138
1   9   5   11   -0.0057279488
1   9   5   12   -0.0034561738
1   9   6   10   0.0039749610
1   9   7   10   0.0000575342
1   10   1   7   0.0105810174
1   10   2   11   0.0076641932
1   10   2   12   0.0046244799
1   10   3   7   0.0361639012
1   10   4   11   -0.0157845107
1   10   4   12   -0.0095241796
1   10   5   7   -0.0221972723
1   10   6   9   0.0641939541
1   10   7   9   0.0009291536
1   11   1   11   -0.0061577162
1   11   1   12   -0.0037154902
1   11   2   7   -0.0142091138
1   11   3   11   -0.0106407440
1   11   3   12   -0.0064204940
1   11   4   7   0.0730401030
1   11   5   11   0.0048616979
1   11   5   12   0.0029334887
1   11   6   10   -0.0094072664
1   11   7   10   -0.0001361623
1   12   1   7   -0.0063932285
1   12   2   11   -0.0008510686
1   12   2   12   -0.0005135243
1   12   3   7   -0.0221972723
1   12   4   11   -0.0027129141
1   12   4   12   -0.0016369390
1   12   5   7   0.0334281084
1   12   6   9   0.0349642812
1   12   7   9   0.0005060786
1   13   1   9   0.0073502540
1   13   2   10   0.0025389106
1   13   3   9   0.0238961450
1   13   4   10   -0.0199966622
1   13   5   9   -0.0078130077
1   13   6   7   0.1480880783
1   13   6   8   -0.0019371491
1   13   7   7   0.0019371491
1   13   7   8   0.0142250537
1   14   1   9   0.0001063888
1   14   2   10   0.0000367486
1   14   3   9   0.0003458766
1   14   4   10   -0.0002894349
1   14   5   9   -0.0001130867
1   14   6   7   0.0019371491
1   14   6   8   0.1195818937
1   14   7   7   0.0142811309
1   14   7   8   0.0019371491
2   8   1   8   0.0121400174
2   8   2   11   -0.0079957305
2   8   2   12   0.0132513979
2   8   3   8   0.0105810174
2   8   4   11   0.0081699377
2   8   4   12   -0.0135401132
2   8   5   8   -0.0063932285
2   8   6   9   0.0000563508
2   8   7   9   -0.0038931986
2   9   1   11   -0.0077955566
2   9   1   12   0.0129196478
2   9   2   8   0.0124537483
2   9   3   11   -0.0062143069
2   9   3   12   0.0102990283
2   9   4   8   -0.0142091138
2   9   5   11   0.0034561738
2   9   5   12   -0.0057279488
2   9   6   10   -0.0000575342
2   9   7   10   0.0039749610
2   10   1   8   0.0105810174
2   10   2   11   -0.0046244799
2   10   2   12   0.0076641932
2   10   3   8   0.0361639012
2   10   4   11   0.0095241796
2   10   4   12   -0.0157845107
2   10   5   8   -0.0221972723
2   10   6   9   -0.0009291536
2   10   7   9   0.0641939541
2   11   1   11   0.0037154902
2   11   1   12   -0.0061577162
2   11   2   8   -0.0142091138
2   11   3   11   0.0064204940
2   11   3   12   -0.0106407440
2   11   4   8   0.0730401030
2   11   5   11   -0.0029334887
2   11   5   12   0.0048616979
2   11   6   10   0.0001361623
2   11   7   10   -0.0094072664
2   12   1   8   -0.0063932285
2   12   2   11   0.0005135243
2   12   2   12   -0.0008510686
2   12   3   8   -0.0221972723
2   12   4   11   0.0016369390
2   12   4   12   -0.0027129141
2   12   5   8   0.0334281084
2   12   6   9   -0.0005060786
2   12   7   9   0.0349642812
2   13   1   9   -0.0001063888
2   13   2   10   -0.0000367486
2   13   3   9   -0.0003458766
2   13   4   10   0.0002894349
2   13   5   9   0.0001130867
2   13   6   7   -0.0019371491
2   13   6   8   0.0142811309
2   13   7   7   0.1195818937
2   13   7   8   -0.0019371491
2   14   1   9   0.0073502540
2   14   2   10   0.0025389106
2   14   3   9   0.0238961450
2   14   4   10   -0.0199966622
2   14   5   9   -0.0078130077
2   14   6   7   0.0142250537
2   14   6   8   -0.0019371491
2   14   7   7   0.0019371491
2   14   7   8   0.1480880783
3   8   1   9   0.0146662277
3   8   2   10   -0.0054753348
3   8   3   9   -0.0016347797
3   8   4   10   0.0030237087
3   8   5   9   -0.0000108288
3   8   6   7   0.0073502540
3   8   6   8   -0.0001063888
3   8   7   7   0.0001063888
3   8   7   8   0.0073502540
3   9   1   10   -0.0052697172
3   9   2   9   0.0147548897
3   9   3   10   -0.0030541478
3   9   4   9   0.0005184581
3   9   5   10   -0.0008182978
3   9   6   11   0.0073448867
3   9   6   12   0.0042880534
3   9   7   11   -0.0042880534
3   9   7   12   0.0073448867
3   10   1   9   -0.0016347797
3   10   2   10   -0.0017826940
3   10   3   9   0.0476850094
3   10   4   10   0.0060171538
3   10   5   9   0.0127141096
3   10   6   7   0.0238961450
3   10   6   8   -0.0003458766
3   10   7   7   0.0003458766
3   10   7   8   0.0238961450
3   11   1   10   0.0019384458
3   11   2   9   0.0005184581
3   11   3   10   -0.0095926742
3   11   4   9   0.0363895327
3   11   5   10   0.0145185157
3   11   6   11   -0.0090117084
3   11   6   12   -0.0052611685
3   11   7   11   0.0052611685
3   11   7   12   -0.0090117084
3   12   1   9   -0.0000108288
3   12   2   10   0.0007032411
3   12   3   9   0.0127141096
3   12   4   10   0.0355849067
3   12   5   9   0.0343334917
3   12   6   7   -0.0078130077
3   12   6   8   0.0001130867
3   12   7   7   -0.0001130867
3   12   7   8   -0.0078130077
3   13   1   7   -0.0038931986
3   13   1   8   0.0000563508
3   13   2   11   -0.0014278490
3   13   2   12   -0.0008335994
3   13   3   7   0.0641939541
3   13   3   8   -0.0009291536
3   13   4   11   -0.0264297242
3   13   4   12   -0.0154300634
3   13   5   7   0.0349642812
3   13   5   8   -0.0005060786
3   13   6   9   0.0193852948
3   14   1   7   -0.0000563508
3   14   1   8   -0.0038931986
3   14   2   11   0.0008335994
3   14   2   12   -0.0014278490
3   14   3   7   0.0009291536
3   14   3   8   0.0641939541
3   14   4   11   0.0154300634
3   14   4   12   -0.0264297242
3   14   5   7   0.0005060786
3   14   5   8   0.0349642812
3   14   7   9   0.0193852948
4   8   1   10   0.0103626403
4   8   2   9   -0.0052697172
4   8   3   10   0.0074095827
4   8   4   9   0.0019384458
4   8   5   10   0.0039331354
4   8   6   11   0.0022376435
4   8   6   12   0.0013063693
4   8   7   11   -0.0013063693
4   8   7   12   0.0022376435
4   9   1   9   -0.0054753348
4   9   2   10   0.0098488412
4   9   3   9   -0.0017826940
4   9   4   10   -0.0024638493
4   9   5   9   0.0007032411
4   9   6   7   0.0025389106
4   9   6   8   -0.0000367486
4   9   7   7   0.0000367486
4   9   7   8   0.0025389106
4   10   1   10   0.0074095827
4   10   2   9   -0.0030541478
4   10   3   10   0.0377828926
4   10   4   9   -0.0095926742
4   10   5   10   0.0244750589
4   10   6   11   -0.0013428361
4   10   6   12   -0.0007839676
4   10   7   11   0.0007839676
4   10   7   12   -0.0013428361
4   11   1   9   0.0030237087
4   11   2   10   -0.0024638493
4   11   3   9   0.0060171538
4   11   4   10   0.0159570583
4   11   5   9   0.0355849067
4   11   6   7   -0.0199966622
4   11   6   8   0.0002894349
4   11   7   7   -0.0002894349
4   11   7   8   -0.0199966622
4   12   1   10   0.0039331354
4   12   2   9   -0.0008182978
4   12   3   10   0.0244750589
4   12   4   9   0.0145185157
4   12   5   10   0.0517520427
4   12   6   11   -0.0002901913
4   12   6   12   -0.0001694179
4   12   7   11   0.0001694179
4   12   7   12   -0.0002901913
4   13   1   11   -0.0022379478
4   13   1   12   -0.0013065470
4   13   2   7   0.0039749610
4   13   2   8   -0.0000575342
4   13   3   11   -0.0246788630
4   13   3   12   -0.0144078848
4   13   4   7   -0.0094072664
4   13   4   8   0.0001361623
4   13   5   11   -0.0370191890
4   13   5   12   -0.0216123494
4   13   6   10   0.0186274728
4   14   1   11   0.0013065470
4   14   1   12   -0.0022379478
4   14   2   7   0.0000575342
4   14   2   8   0.0039749610
4   14   3   11   0.0144078848
4   14   3   12   -0.0246788630
4   14   4   7   -0.0001361623
4   14   4   8   -0.0094072664
4   14   5   11   0.0216123494
4   14   5   12   -0.0370191890
4   14   7   10   0.0186274728
5   8   1   11   0.0193424277
5   8   2   7   0.0129196478
5   8   2   8   -0.0077955566
5   8   3   11   0.0106516066
5   8   4   7   -0.0061577162
5   8   4   8   0.0037154902
5   8   5   11   -0.0008379803
5   8   6   10   -0.0022379478
5   8   7   10   0.0013065470
5   9   1   7   0.0132513979
5   9   1   8   -0.0079957305
5   9   2   11   0.0188642722
5   9   3   7   0.0076641932
5   9   3   8   -0.0046244799
5   9   4   11   -0.0082190337
5   9   5   7   -0.0008510686
5   9   5   8   0.0005135243
5   9   6   9   -0.0014278490
5   9   7   9   0.0008335994
5   10   1   11   0.0106516066
5   10   2   7   0.0102990283
5   10   2   8   -0.0062143069
5   10   3   11   0.0247425145
5   10   4   7   -0.0106407440
5   10   4   8   0.0064204940
5   10   5   11   0.0017943469
5   10   6   10   -0.0246788630
5   10   7   10   0.0144078848
5   11   1   7   -0.0135401132
5   11   1   8   0.0081699377
5   11   2   11   -0.0082190337
5   11   3   7   -0.0157845107
5   11   3   8   0.0095241796
5   11   4   11   0.0140239621
5   11   5   7   -0.0027129141
5   11   5   8   0.0016369390
5   11   6   9   -0.0264297242
5   11   7   9   0.0154300634
5   12   1   11   -0.0008379803
5   12   2   7   -0.0057279488
5   12   2   8   0.0034561738
5   12   3   11   0.0017943469
5   12   4   7   0.0048616979
5   12   4   8   -0.0029334887
5   12   5   11   0.0105975819
5   12   6   10   -0.0370191890
5   12   7   10   0.0216123494
5   13   1   10   0.0022376435
5   13   2   9   0.0073448867
5   13   3   10   -0.0013428361
5   13   4   9   -0.0090117084
5   13   5   10   -0.0002901913
5   13   6   11   0.0579733448
5   13   6   12   0.0290624260
5   13   7   11   -0.0290624260
5   13   7   12   -0.0087739457
5   14   1   10   -0.0013063693
5   14   2   9   -0.0042880534
5   14   3   10   0.0007839676
5   14   4   9   0.0052611685
5   14   5   10   0.0001694179
5   14   6   11   -0.0290624260
5   14   6   12   0.0415870890
5   14   7   11   0.0251602015
5   14   7   12   -0.0290624260
6   8   1   12   0.0193424277
6   8   2   7   0.0077955566
6   8   2   8   0.0129196478
6   8   3   12   0.0106516066
6   8   4   7   -0.0037154902
6   8   4   8   -0.0061577162
6   8   5   12   -0.0008379803
6   8   6   10   -0.0013065470
6   8   7   10   -0.0022379478
6   9   1   7   0.0079957305
6   9   1   8   0.0132513979
6   9   2   12   0.0188642722
6   9   3   7   0.0046244799
6   9   3   8   0.0076641932
6   9   4   12   -0.0082190337
6   9   5   7   -0.0005135243
6   9   5   8   -0.0008510686
6   9   6   9   -0.0008335994
6   9   7   9   -0.0014278490
6   10   1   12   0.0106516066
6   10   2   7   0.0062143069
6   10   2   8   0.0102990283
6   10   3   12   0.0247425145
6   10   4   7   -0.0064204940
6   10   4   8   -0.0106407440
6   10   5   12   0.0017943469
6   10   6   10   -0.0144078848
6   10   7   10   -0.0246788630
6   11   1   7   -0.0081699377
6   11   1   8   -0.0135401132
6   11   2   12   -0.0082190337
6   11   3   7   -0.0095241796
6   11   3   8   -0.0157845107
6   11   4   12   0.0140239621
6   11   5   7   -0.0016369390
6   11   5   8   -0.0027129141
6   11   6   9   -0.0154300634
6   11   7   9   -0.0264297242
6   12   1   12   -0.0008379803
6   12   2   7   -0.0034561738
6   12   2   8   -0.0057279488
6   12   3   12   0.0017943469
6   12   4   7   0.0029334887
6   12   4   8   0.0048616979
6   12   5   12   0.0105975819
6   12   6   10   -0.0216123494
6   12   7   10   -0.0370191890
6   13   1   10   0.0013063693
6   13   2   9   0.0042880534
6   13   3   10   -0.0007839676
6   13   4   9   -0.0052611685
6   13   5   10   -0.0001694179
6   13   6   11   0.0290624260
6   13   6   12   0.0251602015
6   13   7   11   0.0415870890
6   13   7   12   0.0290624260
6   14   1   10   0.0022376435
6   14   2   9   0.0073448867
6   14   3   10   -0.0013428361
6   14   4   9   -0.0090117084
6   14   5   10   -0.0002901913
6   14   6   11   -0.0087739457
6   14   6   12   0.0290624260
6   14   7   11   -0.0290624260
6   14   7   12   0.0579733448

1   8   8   1   -0.6203934838
1   8   8   5   0.0000000000
1   8   8   6   0.0000000000
1   8   9   5   -0.1426998866
1   8   9   6   -0.0861033560
1   8   10   1   0.0043435007
1   8   11   5   -0.0045188870
1   8   11   6   -0.0027266408
1   8   12   1   -0.0028895181
1   8   13   3   -0.0078797467
1   8   14   3   -0.0001140527
1   9   8   5   -0.1426998866
1   9   8   6   -0.0861033560
1   9   9   1   -0.6204080854
1   9   9   5   -0.0000000000
1   9   9   6   -0.0000000000
1   9   10   5   0.0055121056
1   9   10   6   0.0033259367
1   9   11   1   -0.0050931335
1   9   12   5   -0.0011626553
1   9   12   6   -0.0007015319
1   9   13   4   -0.0011834828
1   9   14   4   -0.0000171299
1   10   8   1   0.0043435007
1   10   9   5   0.0055121056
1   10   9   6   0.0033259367
1   10   10   1   -0.5238877205
1   10   11   5   0.0296599398
1   10   11   6   0.0178964428
1   10   12   1   -0.0253270374
1   10   13   3   -0.0379038223
1   10   14   3   -0.0005486260
1   11   8   5   -0.0045188870
1   11   8   6   -0.0027266408
1   11   9   1   -0.0050931335
1   11   10   5   0.0296599398
1   11   10   6   0.0178964428
1   11   11   1   -0.4792783839
1   11   12   5   -0.0309868024
1   11   12   6   -0.0186970553
1   11   13   4   0.0062584922
1   11   14   4   0.0000905864
1   12   8   1   -0.0028895181
1   12   9   5   -0.0011626553
1   12   9   6   -0.0007015319
1   12   10   1   -0.0253270374
1   12   11   5   -0.0309868024
1   12   11   6   -0.0186970553
1   12   12   1   -0.4799164037
1   12   13   3   0.0024589213
1   12   14   3   0.0000355908
1   13   8   3   -0.0078797467
1   13   9   4   -0.0011834828
1   13   10   3   -0.0379038223
1   13   11   4   0.0062584922
1   13   12   3   0.0024589213
1   13   13   1   -0.5022230179
1   13   13   2   0.0005165525
1   13   14   1   -0.0005165525
1   13   14   2   -0.0178402150
1   14   8   3   -0.0001140527
1   14   9   4   -0.0000171299
1   14   10   3   -0.0005486260
1   14   11   4   0.0000905864
1   14   12   3   0.0000355908
1   14   13   1   -0.0005165525
1   14   13   2   -0.0178402150
1   14   14   1   -0.4665425880
1   14   14   2   -0.0005165525
2   8   8   2   -0.6203934838
2   8   8   5   -0.0000000000
2   8   8   6   0.0000000000
2   8   9   5   0.0861033560
2   8   9   6   -0.1426998866
2   8   10   2   0.0043435007
2   8   11   5   0.0027266408
2   8   11   6   -0.0045188870
2   8   12   2   -0.0028895181
2   8   13   3   0.0001140527
2   8   14   3   -0.0078797467
2   9   8   5   0.0861033560
2   9   8   6   -0.1426998866
2   9   9   2   -0.6204080854
2   9   9   5   0.0000000000
2   9   9   6   -0.0000000000
2   9   10   5   -0.0033259367
2   9   10   6   0.0055121056
2   9   11   2   -0.0050931335
2   9   12   5   0.0007015319
2   9   12   6   -0.0011626553
2   9   13   4   0.0000171299
2   9   14   4   -0.0011834828
2   10   8   2   0.0043435007
2   10   9   5   -0.0033259367
2   10   9   6   0.0055121056
2   10   10   2   -0.5238877205
2   10   11   5   -0.0178964428
2   10   11   6   0.0296599398
2   10   12   2   -0.0253270374
2   10   13   3   0.0005486260
2   10   14   3   -0.0379038223
2   11   8   5   0.0027266408
2   11   8   6   -0.0045188870
2   11   9   2   -0.0050931335
2   11   10   5   -0.0178964428
2   11   10   6   0.0296599398
2   11   11   2   -0.4792783839
2   11   12   5   0.0186970553
2   11   12   6   -0.0309868024
2   11   13   4   -0.0000905864
2   11   14   4   0.0062584922
2   12   8   2   -0.0028895181
2   12   9   5   0.0007015319
2   12   9   6   -0.0011626553
2   12   10   2   -0.0253270374
2   12   11   5   0.0186970553
2   12   11   6   -0.0309868024
2   12   12   2   -0.4799164037
2   12   13   3   -0.0000355908
2   12   14   3   0.0024589213
2   13   8   3   0.0001140527
2   13   9   4   0.0000171299
2   13   10   3   0.0005486260
2   13   11   4   -0.0000905864
2   13   12   3   -0.0000355908
2   13   13   1   0.0005165525
2   13   13   2   -0.4665425880
2   13   14   1   -0.0178402150
2   13   14   2   0.0005165525
2   14   8   3   -0.0078797467
2   14   9   4   -0.0011834828
2   14   10   3   -0.0379038223
2   14   11   4   0.0062584922
2   14   12   3   0.0024589213
2   14   13   1   -0.0178402150
2   14   13   2   0.0005165525
2   14   14   1   -0.0005165525
2   14   14   2   -0.5022230179
3   8   8   3   -0.4756052057
3   8   8   4   0.0000000000
3   8   9   4   -0.0165196549
3   8   10   3   0.0020313243
3   8   11   4   0.0046588762
3   8   12   3   -0.0058555868
3   8   13   1   -0.0078797467
3   8   13   2   0.0001140527
3   8   14   1   -0.0001140527
3   8   14   2   -0.0078797467
3   9   8   4   -0.0165196549
3   9   9   3   -0.4756095830
3   9   9   4   -0.0000000000
3   9   10   4   0.0013340458
3   9   11   3   -0.0058199433
3   9   12   4   0.0073512456
3   9   13   5   -0.0052797241
3   9   13   6   -0.0030823809
3   9   14   5   0.0030823809
3   9   14   6   -0.0052797241
3   10   8   3   0.0020313243
3   10   9   4   0.0013340458
3   10   10   3   -0.4254010788
3   10   11   4   0.0326810272
3   10   12   3   -0.0237685949
3   10   13   1   -0.0379038223
3   10   13   2   0.0005486260
3   10   14   1   -0.0005486260
3   10   14   2   -0.0379038223
3   11   8   4   0.0046588762
3   11   9   3   -0.0058199433
3   11   10   4   0.0326810272
3   11   11   3   -0.3909744705
3   11   12   4   -0.0754936872
3   11   13   5   0.0136807774
3   11   13   6   0.0079870399
3   11   14   5   -0.0079870399
3   11   14   6   0.0136807774
3   12   8   3   -0.0058555868
3   12   9   4   0.0073512456
3   12   10   3   -0.0237685949
3   12   11   4   -0.0754936872
3   12   12   3   -0.4027335806
3   12   13   1   0.0024589213
3   12   13   2   -0.0000355908
3   12   14   1   0.0000355908
3   12   14   2   0.0024589213
3   13   8   1   -0.0078797467
3   13   8   2   0.0001140527
3   13   9   5   -0.0052797241
3   13   9   6   -0.0030823809
3   13   10   1   -0.0379038223
3   13   10   2   0.0005486260
3   13   11   5   0.0136807774
3   13   11   6   0.0079870399
3   13   12   1   0.0024589213
3   13   12   2   -0.0000355908
3   13   13   3   -0.3859389645
3   14   8   1   -0.0001140527
3   14   8   2   -0.0078797467
3   14   9   5   0.0030823809
3   14   9   6   -0.0052797241
3   14   10   1   -0.0005486260
3   14   10   2   -0.0379038223
3   14   11   5   -0.0079870399
3   14   11   6   0.0136807774
3   14   12   1   0.0000355908
3   14   12   2   0.0024589213
3   14   14   3   -0.3859389645
4   8   8   3   0.0000000000
4   8   8   4   -0.5043446727
4   8   9   3   -0.0165196549
4   8   10   4   0.0008189988
4   8   11   3   0.0046588762
4   8   12   4   -0.0074828573
4   8   13   5   0.0015128332
4   8   13   6   0.0008832144
4   8   14   5   -0.0008832144
4   8   14   6   0.0015128332
4   9   8   3   -0.0165196549
4   9   9   3   -0.0000000000
4   9   9   4   -0.5043412147
4   9   10   3   0.0013340458
4   9   11   4   -0.0062694697
4   9   12   3   0.0073512456
4   9   13   1   -0.0011834828
4   9   13   2   0.0000171299
4   9   14   1   -0.0000171299
4   9   14   2   -0.0011834828
4   10   8   4   0.0008189988
4   10   9   3   0.0013340458
4   10   10   4   -0.4660283143
4   10   11   3   0.0326810272
4   10   12   4   -0.0400837431
4   10   13   5   0.0186253732
4   10   13   6   0.0108737680
4   10   14   5   -0.0108737680
4   10   14   6   0.0186253732
4   11   8   3   0.0046588762
4   11   9   4   -0.0062694697
4   11   10   3   0.0326810272
4   11   11   4   -0.3990935775
4   11   12   3   -0.0754936872
4   11   13   1   0.0062584922
4   11   13   2   -0.0000905864
4   11   14   1   0.0000905864
4   11   14   2   0.0062584922
4   12   8   4   -0.0074828573
4   12   9   3   0.0073512456
4   12   10   4   -0.0400837431
4   12   11   3   -0.0754936872
4   12   12   4   -0.4170352883
4   12   13   5   0.0038613856
4   12   13   6   0.0022543339
4   12   14   5   -0.0022543339
4   12   14   6   0.0038613856
4   13   8   5   0.0015128332
4   13   8   6   0.0008832144
4   13   9   1   -0.0011834828
4   13   9   2   0.0000171299
4   13   10   5   0.0186253732
4   13   10   6   0.0108737680
4   13   11   1   0.0062584922
4   13   11   2   -0.0000905864
4   13   12   5   0.0038613856
4   13   12   6   0.0022543339
4   13   13   4   -0.4129746502
4   14   8   5   -0.0008832144
4   14   8   6   0.0015128332
4   14   9   1   -0.0000171299
4   14   9   2   -0.0011834828
4   14   10   5   -0.0108737680
4   14   10   6   0.0186253732
4   14   11   1   0.0000905864
4   14   11   2   0.0062584922
4   14   12   5   -0.0022543339
4   14   12   6   0.0038613856
4   14   14   4   -0.4129746502
5   8   8   1   0.0000000000
5   8   8   2   -0.0000000000
5   8   8   5   -0.5959777320
5   8   9   1   -0.1426998866
5   8   9   2   0.0861033560
5   8   10   5   0.0048463369
5   8   11   1   -0.0045188870
5   8   11   2   0.0027266408
5   8   12   5   -0.0078082785
5   8   13   4   0.0015128332
5   8   14   4   -0.0008832144
5   9   8   1   -0.1426998866
5   9   8   2   0.0861033560
5   9   9   1   -0.0000000000
5   9   9   2   0.0000000000
5   9   9   5   -0.5959916529
5   9   10   1   0.0055121056
5   9   10   2   -0.0033259367
5   9   11   5   -0.0091953785
5   9   12   1   -0.0011626553
5   9   12   2   0.0007015319
5   9   13   3   -0.0052797241
5   9   14   3   0.0030823809
5   10   8   5   0.0048463369
5   10   9   1   0.0055121056
5   10   9   2   -0.0033259367
5   10   10   5   -0.4974188160
5   10   11   1   0.0296599398
5   10   11   2   -0.0178964428
5   10   12   5   -0.0398910513
5   10   13   4   0.0186253732
5   10   14   4   -0.0108737680
5   11   8   1   -0.0045188870
5   11   8   2   0.0027266408
5   11   9   5   -0.0091953785
5   11   10   1   0.0296599398
5   11   10   2   -0.0178964428
5   11   11   5   -0.4214399824
5   11   12   1   -0.0309868024
5   11   12   2   0.0186970553
5   11   13   3   0.0136807774
5   11   14   3   -0.0079870399
5   12   8   5   -0.0078082785
5   12   9   1   -0.0011626553
5   12   9   2   0.0007015319
5   12   10   5   -0.0398910513
5   12   11   1   -0.0309868024
5   12   11   2   0.0186970553
5   12   12   5   -0.4283370076
5   12   13   4   0.0038613856
5   12   14   4   -0.0022543339
5   13   8   4   0.0015128332
5   13   9   3   -0.0052797241
5   13   10   4   0.0186253732
5   13   11   3   0.0136807774
5   13   12   4   0.0038613856
5   13   13   5   -0.4578967961
5   13   13   6   -0.0132969624
5   13   14   5   0.0132969624
5   13   14   6   -0.0075065160
5   14   8   4   -0.0008832144
5   14   9   3   0.0030823809
5   14   10   4   -0.0108737680
5   14   11   3   -0.0079870399
5   14   12   4   -0.0022543339
5   14   13   5   0.0132969624
5   14   13   6   -0.0075065160
5   14   14   5   -0.4428837641
5   14   14   6   0.0132969624
6   8   8   1   0.0000000000
6   8   8   2   0.0000000000
6   8   8   6   -0.5959777320
6   8   9   1   -0.0861033560
6   8   9   2   -0.1426998866
6   8   10   6   0.0048463369
6   8   11   1   -0.0027266408
6   8   11   2   -0.0045188870
6   8   12   6   -0.0078082785
6   8   13   4   0.0008832144
6   8   14   4   0.0015128332
6   9   8   1   -0.0861033560
6   9   8   2   -0.1426998866
6   9   9   1   -0.0000000000
6   9   9   2   -0.0000000000
6   9   9   6   -0.5959916529
6   9   10   1   0.0033259367
6   9   10   2   0.0055121056
6   9   11   6   -0.0091953785
6   9   12   1   -0.0007015319
6   9   12   2   -0.0011626553
6   9   13   3   -0.0030823809
6   9   14   3   -0.0052797241
6   10   8   6   0.0048463369
6   10   9   1   0.0033259367
6   10   9   2   0.0055121056
6   10   10   6   -0.4974188160
6   10   11   1   0.0178964428
6   10   11   2   0.0296599398
6   10   12   6   -0.0398910513
6   10   13   4   0.0108737680
6   10   14   4   0.0186253732
6   11   8   1   -0.0027266408
6   11   8   2   -0.0045188870
6   11   9   6   -0.0091953785
6   11   10   1   0.0178964428
6   11   10   2   0.0296599398
6   11   11   6   -0.4214399824
6   11   12   1   -0.0186970553
6   11   12   2   -0.0309868024
6   11   13   3   0.0079870399
6   11   14   3   0.0136807774
6   12   8   6   -0.0078082785
6   12   9   1   -0.0007015319
6   12   9   2   -0.0011626553
6   12   10   6   -0.0398910513
6   12   11   1   -0.0186970553
6   12   11   2   -0.0309868024
6   12   12   6   -0.4283370076
6   12   13   4   0.0022543339
6   12   14   4   0.0038613856
6   13   8   4   0.0008832144
6   13   9   3   -0.0030823809
6   13   10   4   0.0108737680
6   13   11   3   0.0079870399
6   13   12   4   0.0022543339
6   13   13   5   -0.0132969624
6   13   13   6   -0.4428837641
6   13   14   5   -0.0075065160
6   13   14   6   -0.0132969624
6   14   8   4   0.0015128332
6   14   9   3   -0.0052797241
6   14   10   4   0.0186253732
6   14   11   3   0.0136807774
6   14   12   4   0.0038613856
6   14   13   5   -0.0075065160
6   14   13   6   -0.0132969624
6   14   14   5   0.0132969624
6   14   14   6   -0.4578967961

End AIJB Block
Begin IJKA Block
1   8   1   9   0.0000000000
1   8   1   10   0.0046138897
1   8   2   9   -0.1265808569
1   8   3   9   -0.0000000000
1   8   3   10   -0.0068437336
1   8   4   9   -0.0163973242
1   8   5   10   -0.0115331290
1   8   6   11   0.0130183914
1   8   6   12   0.0076003292
1   8   7   11   -0.0076003292
1   8   7   12   0.0130183914
1   9   1   9   -0.1221565506
1   9   2   9   -0.0000000000
1   9   2   10   0.0147515099
1   9   3   9   0.0219641232
1   9   4   10   -0.0035214473
1   9   5   9   -0.0010238594
1   9   6   7   0.0121187344
1   9   6   8   -0.0001754085
1   9   7   7   0.0001754085
1   9   7   8   0.0121187344
1   10   1   9   -0.0000000000
1   10   1   10   -0.0912121672
1   10   2   9   0.1614602843
1   10   3   10   -0.0021912710
1   10   4   9   0.0074463409
1   10   5   10   -0.0100972093
1   10   6   11   0.0078735345
1   10   6   12   0.0045966858
1   10   7   11   -0.0045966858
1   10   7   12   0.0078735345
1   11   1   9   -0.1232759048
1   11   1   10   0.0000000000
1   11   2   10   -0.0403991764
1   11   3   9   0.0018015823
1   11   4   10   -0.0002703000
1   11   5   9   -0.0059756427
1   11   6   7   -0.0138672108
1   11   6   8   0.0002007162
1   11   7   7   -0.0002007162
1   11   7   8   -0.0138672108
1   12   1   9   -0.0000000000
1   12   1   10   -0.1777410310
1   12   2   9   0.0615289304
1   12   3   10   0.0017002704
1   12   4   9   0.0005212106
1   12   5   10   -0.0068225735
1   12   6   11   -0.0005320421
1   12   6   12   -0.0003106140
1   12   7   11   0.0003106140
1   12   7   12   -0.0005320421
1   13   1   7   -0.0000000000
1   13   1   11   0.2023911358
1   13   1   12   0.1181589350
1   13   2   7   0.2492193341
1   13   2   8   -0.0036072407
1   13   3   11   -0.0033749108
1   13   3   12   -0.0019703228
1   13   4   7   0.0022967668
1   13   4   8   -0.0000332438
1   13   5   11   0.0050961943
1   13   5   12   0.0029752335
1   13   6   10   0.0024069477
1   14   1   8   -0.0000000000
1   14   1   11   -0.1181589350
1   14   1   12   0.2023911358
1   14   2   7   0.0036072407
1   14   2   8   0.2492193341
1   14   3   11   0.0019703228
1   14   3   12   -0.0033749108
1   14   4   7   0.0000332438
1   14   4   8   0.0022967668
1   14   5   11   -0.0029752335
1   14   5   12   0.0050961943
1   14   7   10   0.0024069477
2   8   1   9   -0.1265808569
2   8   2   9   -0.0000000000
2   8   2   10   0.0046195239
2   8   3   9   0.0218194251
2   8   4   10   -0.0038070326
2   8   5   9   -0.0012941991
2   8   6   7   0.0117570063
2   8   6   8   -0.0001701728
2   8   7   7   0.0001701728
2   8   7   8   0.0117570063
2   9   1   9   -0.0000000000
2   9   1   10   0.0147515099
2   9   2   9   -0.1221983077
2   9   2   10   0.0000000000
2   9   3   9   0.0000000000
2   9   3   10   -0.0064930308
2   9   4   9   -0.0162899582
2   9   5   10   -0.0108628518
2   9   6   11   0.0126341719
2   9   6   12   0.0073760162
2   9   7   11   -0.0073760162
2   9   7   12   0.0126341719
2   10   1   9   0.1614602843
2   10   2   9   0.0000000000
2   10   2   10   -0.0911994034
2   10   3   9   -0.0042000387
2   10   4   10   -0.0061568010
2   10   5   9   0.0062749351
2   10   6   7   0.0103873960
2   10   6   8   -0.0001503488
2   10   7   7   0.0001503488
2   10   7   8   0.0103873960
2   11   1   10   -0.0403991764
2   11   2   9   -0.1232791206
2   11   2   10   -0.0000000000
2   11   3   10   0.0029933462
2   11   4   9   -0.0057771898
2   11   5   10   0.0023568282
2   11   6   11   -0.0059923234
2   11   6   12   -0.0034984069
2   11   7   11   0.0034984069
2   11   7   12   -0.0059923234
2   12   1   9   0.0615289304
2   12   2   9   0.0000000000
2   12   2   10   -0.1777394453
2   12   3   9   -0.0001565751
2   12   4   10   -0.0063808325
2   12   5   9   0.0006415030
2   12   6   7   -0.0058718631
2   12   6   8   0.0000849903
2   12   7   7   -0.0000849903
2   12   7   8   -0.0058718631
2   13   1   7   0.2492193341
2   13   1   8   -0.0036072407
2   13   2   7   0.0000000000
2   13   2   11   0.2024012267
2   13   2   12   0.1181648262
2   13   3   7   -0.0074649937
2   13   3   8   0.0001080495
2   13   4   11   0.0061269534
2   13   4   12   0.0035770059
2   13   5   7   -0.0033177080
2   13   5   8   0.0000480210
2   13   6   9   0.0072952974
2   14   1   7   0.0036072407
2   14   1   8   0.2492193341
2   14   2   8   0.0000000000
2   14   2   11   -0.1181648262
2   14   2   12   0.2024012267
2   14   3   7   -0.0001080495
2   14   3   8   -0.0074649937
2   14   4   11   -0.0035770059
2   14   4   12   0.0061269534
2   14   5   7   -0.0000480210
2   14   5   8   -0.0033177080
2   14   7   9   0.0072952974
3   8   1   9   -0.0000000000
3   8   1   10   -0.0068437336
3   8   2   9   0.0218194251
3   8   3   10   -0.0176101759
3   8   4   9   0.0050456173
3   8   5   10   -0.0123319758
3   8   6   11   0.0152443332
3   8   6   12   0.0088998669
3   8   7   11   -0.0088998669
3   8   7   12   0.0152443332
3   9   1   9   0.0219641232
3   9   2   9   0.0000000000
3   9   2   10   -0.0064930308
3   9   3   9   0.0032742997
3   9   4   10   -0.0032124235
3   9   5   9   0.0058664733
3   9   6   7   0.0152375252
3   9   6   8   -0.0002205504
3   9   7   7   0.0002205504
3   9   7   8   0.0152375252
3   10   1   10   -0.0021912710
3   10   2   9   -0.0042000387
3   10   3   10   -0.0777500337
3   10   4   9   -0.0461186840
3   10   5   10   -0.0386157266
3   10   6   11   0.0283927363
3   10   6   12   0.0165760989
3   10   7   11   -0.0165760989
3   10   7   12   0.0283927363
3   11   1   9   0.0018015823
3   11   2   10   0.0029933462
3   11   3   9   -0.0972914990
3   11   4   10   0.0058970094
3   11   5   9   -0.0251021534
3   11   6   7   -0.0650769124
3   11   6   8   0.0009419337
3   11   7   7   -0.0009419337
3   11   7   8   -0.0650769124
3   12   1   10   0.0017002704
3   12   2   9   -0.0001565751
3   12   3   10   -0.1293828058
3   12   4   9   -0.0273148035
3   12   5   10   -0.0402784779
3   12   6   11   0.0107805803
3   12   6   12   0.0062938620
3   12   7   11   -0.0062938620
3   12   7   12   0.0107805803
3   13   1   11   -0.0033749108
3   13   1   12   -0.0019703228
3   13   2   7   -0.0074649937
3   13   2   8   0.0001080495
3   13   3   11   0.1244847811
3   13   3   12   0.0726760542
3   13   4   7   -0.0953248689
3   13   4   8   0.0013797475
3   13   5   11   0.0268060481
3   13   5   12   0.0156497669
3   13   6   10   0.0238677158
3   14   1   11   0.0019703228
3   14   1   12   -0.0033749108
3   14   2   7   -0.0001080495
3   14   2   8   -0.0074649937
3   14   3   11   -0.0726760542
3   14   3   12   0.1244847811
3   14   4   7   -0.0013797475
3   14   4   8   -0.0953248689
3   14   5   11   -0.0156497669
3   14   5   12   0.0268060481
3   14   7   10   0.0238677158
4   8   1   9   -0.0163973242
4   8   2   10   -0.0038070326
4   8   3   9   0.0050456173
4   8   4   10   0.0066445427
4   8   5   9   -0.0093995219
4   8   6   7   -0.0112564768
4   8   6   8   0.0001629281
4   8   7   7   -0.0001629281
4   8   7   8   -0.0112564768
4   9   1   10   -0.0035214473
4   9   2   9   -0.0162899582
4   9   3   10   -0.0032124235
4   9   4   9   -0.0081298567
4   9   5   10   0.0130608255
4   9   6   11   -0.0107820609
4   9   6   12   -0.0062947264
4   9   7   11   0.0062947264
4   9   7   12   -0.0107820609
4   10   1   9   0.0074463409
4   10   2   10   -0.0061568010
4   10   3   9   -0.0461186840
4   10   4   10   -0.0198235199
4   10   5   9   0.0405426309
4   10   6   7   -0.0376613476
4   10   6   8   0.0005451164
4   10   7   7   -0.0005451164
4   10   7   8   -0.0376613476
4   11   1   10   -0.0002703000
4   11   2   9   -0.0057771898
4   11   3   10   0.0058970094
4   11   4   9   -0.0392667847
4   11   5   10   -0.0009733093
4   11   6   11   0.0112992727
4   11   6   12   0.0065966823
4   11   7   11   -0.0065966823
4   11   7   12   0.0112992727
4   12   1   9   0.0005212106
4   12   2   10   -0.0063808325
4   12   3   9   -0.0273148035
4   12   4   10   -0.0580148397
4   12   5   9   0.0534372016
4   12   6   7   0.0327503418
4   12   6   8   -0.0004740337
4   12   7   7   0.0004740337
4   12   7   8   0.0327503418
4   13   1   7   0.0022967668
4   13   1   8   -0.0000332438
4   13   2   11   0.0061269534
4   13   2   12   0.0035770059
4   13   3   7   -0.0953248689
4   13   3   8   0.0013797475
4   13   4   11   0.0804701128
4   13   4   12   0.0469796406
4   13   5   7   0.1333954236
4   13   5   8   -0.0019307868
4   13   6   9   -0.0220421774
4   14   1   7   0.0000332438
4   14   1   8   0.0022967668
4   14   2   11   -0.0035770059
4   14   2   12   0.0061269534
4   14   3   7   -0.0013797475
4   14   3   8   -0.0953248689
4   14   4   11   -0.0469796406
4   14   4   12   0.0804701128
4   14   5   7   0.0019307868
4   14   5   8   0.1333954236
4   14   7   9   -0.0220421774
5   8   1   10   -0.0115331290
5   8   2   9   -0.0012941991
5   8   3   10   -0.0123319758
5   8   4   9   -0.0093995219
5   8   5   10   0.0025660353
5   8   6   11   -0.0036393737
5   8   6   12   -0.0021247201
5   8   7   11   0.0021247201
5   8   7   12   -0.0036393737
5   9   1   9   -0.0010238594
5   9   2   10   -0.0108628518
5   9   3   9   0.0058664733
5   9   4   10   0.0130608255
5   9   5   9   -0.0054811357
5   9   6   7   -0.0041982862
5   9   6   8   0.0000607667
5   9   7   7   -0.0000607667
5   9   7   8   -0.0041982862
5   10   1   10   -0.0100972093
5   10   2   9   0.0062749351
5   10   3   10   -0.0386157266
5   10   4   9   0.0405426309
5   10   5   10   -0.0426470715
5   10   6   11   0.0024312926
5   10   6   12   0.0014194245
5   10   7   11   -0.0014194245
5   10   7   12   0.0024312926
5   11   1   9   -0.0059756427
5   11   2   10   0.0023568282
5   11   3   9   -0.0251021534
5   11   4   10   -0.0009733093
5   11   5   9   -0.0374090418
5   11   6   7   0.0300828055
5   11   6   8   -0.0004354234
5   11   7   7   0.0004354234
5   11   7   8   0.0300828055
5   12   1   10   -0.0068225735
5   12   2   9   0.0006415030
5   12   3   10   -0.0402784779
5   12   4   9   0.0534372016
5   12   5   10   -0.0720824217
5   12   6   11   0.0041187004
5   12   6   12   0.0024045581
5   12   7   11   -0.0024045581
5   12   7   12   0.0041187004
5   13   1   11   0.0050961943
5   13   1   12   0.0029752335
5   13   2   7   -0.0033177080
5   13   2   8   0.0000480210
5   13   3   11   0.0268060481
5   13   3   12   0.0156497669
5   13   4   7   0.1333954236
5   13   4   8   -0.0019307868
5   13   5   11   0.0890053576
5   13   5   12   0.0519626426
5   13   6   10   -0.0080911401
5   14   1   11   -0.0029752335
5   14   1   12   0.0050961943
5   14   2   7   -0.0000480210
5   14   2   8   -0.0033177080
5   14   3   11   -0.0156497669
5   14   3   12   0.0268060481
5   14   4   7   0.0019307868
5   14   4   8   0.1333954236
5   14   5   11   -0.0519626426
5   14   5   12   0.0890053576
5   14   7   10   -0.0080911401
6   8   1   11   0.0130183914
6   8   1   12   0.0076003292
6   8   2   7   0.0117570063
6   8   2   8   -0.0001701728
6   8   3   11   0.0152443332
6   8   3   12   0.0088998669
6   8   4   7   -0.0112564768
6   8   4   8   0.0001629281
6   8   5   11   -0.0036393737
6   8   5   12   -0.0021247201
6   8   6   10   -0.0051880181
6   9   1   7   0.0121187344
6   9   1   8   -0.0001754085
6   9   2   11   0.0126341719
6   9   2   12   0.0073760162
6   9   3   7   0.0152375252
6   9   3   8   -0.0002205504
6   9   4   11   -0.0107820609
6   9   4   12   -0.0062947264
6   9   5   7   -0.0041982862
6   9   5   8   0.0000607667
6   9   6   9   0.0005209125
6   10   1   11   0.0078735345
6   10   1   12   0.0045966858
6   10   2   7   0.0103873960
6   10   2   8   -0.0001503488
6   10   3   11   0.0283927363
6   10   3   12   0.0165760989
6   10   4   7   -0.0376613476
6   10   4   8   0.0005451164
6   10   5   11   0.0024312926
6   10   5   12   0.0014194245
6   10   6   10   -0.0277529970
6   11   1   7   -0.0138672108
6   11   1   8   0.0002007162
6   11   2   11   -0.0059923234
6   11   2   12   -0.0034984069
6   11   3   7   -0.0650769124
6   11   3   8   0.0009419337
6   11   4   11   0.0112992727
6   11   4   12   0.0065966823
6   11   5   7   0.0300828055
6   11   5   8   -0.0004354234
6   11   6   9   -0.0739874114
6   12   1   11   -0.0005320421
6   12   1   12   -0.0003106140
6   12   2   7   -0.0058718631
6   12   2   8   0.0000849903
6   12   3   11   0.0107805803
6   12   3   12   0.0062938620
6   12   4   7   0.0327503418
6   12   4   8   -0.0004740337
6   12   5   11   0.0041187004
6   12   5   12   0.0024045581
6   12   6   10   -0.0838732435
6   13   1   10   0.0024069477
6   13   2   9   0.0072952974
6   13   3   10   0.0238677158
6   13   4   9   -0.0220421774
6   13   5   10   -0.0080911401
6   13   6   11   0.0913706613
6   13   6   12   0.0533435419
6   13   7   11   -0.0016433743
6   13   7   12   0.0028148898
6   14   6   11   -0.0500567934
6   14   6   12   0.0857408817
6   14   7   11   0.0028148898
6   14   7   12   0.0016433743
7   8   1   11   -0.0076003292
7   8   1   12   0.0130183914
7   8   2   7   0.0001701728
7   8   2   8   0.0117570063
7   8   3   11   -0.0088998669
7   8   3   12   0.0152443332
7   8   4   7   -0.0001629281
7   8   4   8   -0.0112564768
7   8   5   11   0.0021247201
7   8   5   12   -0.0036393737
7   8   7   10   -0.0051880181
7   9   1   7   0.0001754085
7   9   1   8   0.0121187344
7   9   2   11   -0.0073760162
7   9   2   12   0.0126341719
7   9   3   7   0.0002205504
7   9   3   8   0.0152375252
7   9   4   11   0.0062947264
7   9   4   12   -0.0107820609
7   9   5   7   -0.0000607667
7   9   5   8   -0.0041982862
7   9   7   9   0.0005209125
7   10   1   11   -0.0045966858
7   10   1   12   0.0078735345
7   10   2   7   0.0001503488
7   10   2   8   0.0103873960
7   10   3   11   -0.0165760989
7   10   3   12   0.0283927363
7   10   4   7   -0.0005451164
7   10   4   8   -0.0376613476
7   10   5   11   -0.0014194245
7   10   5   12   0.0024312926
7   10   7   10   -0.0277529970
7   11   1   7   -0.0002007162
7   11   1   8   -0.0138672108
7   11   2   11   0.0034984069
7   11   2   12   -0.0059923234
7   11   3   7   -0.0009419337
7   11   3   8   -0.0650769124
7   11   4   11   -0.0065966823
7   11   4   12   0.0112992727
7   11   5   7   0.0004354234
7   11   5   8   0.0300828055
7   11   7   9   -0.0739874114
7   12   1   11   0.0003106140
7   12   1   12   -0.0005320421
7   12   2   7   -0.0000849903
7   12   2   8   -0.0058718631
7   12   3   11   -0.0062938620
7   12   3   12   0.0107805803
7   12   4   7   0.0004740337
7   12   4   8   0.0327503418
7   12   5   11   -0.0024045581
7   12   5   12   0.0041187004
7   12   7   10   -0.0838732435
7   13   6   11   -0.0016433743
7   13   6   12   0.0028148898
7   13   7   11   0.0857408817
7   13   7   12   0.0500567934
7   14   1   10   0.0024069477
7   14   2   9   0.0072952974
7   14   3   10   0.0238677158
7   14   4   9   -0.0220421774
7   14   5   10   -0.0080911401
7   14   6   11   0.0028148898
7   14   6   12   0.0016433743
7   14   7   11   -0.0533435419
7   14   7   12   0.0913706613

End IJKA Block
Begin IABC Block
1   7   1   10   0.0013535331
1   7   3   11   -0.0027589511
1   7   3   12   -0.0016647172
1   7   4   7   -0.0004422653
1   7   5   9   0.0077831092
1   7   6   9   0.0046962323
1   8   2   10   0.0013535331
1   8   3   11   0.0016647172
1   8   3   12   -0.0027589511
1   8   4   8   -0.0004422653
1   8   5   9   -0.0046962323
1   8   6   9   0.0077831092
1   9   1   11   0.0052825706
1   9   1   12   0.0031874381
1   9   2   11   -0.0031874381
1   9   2   12   0.0052825706
1   9   3   10   -0.0013891773
1   9   4   9   -0.0033429733
1   9   5   7   0.0077831092
1   9   5   8   -0.0046962323
1   9   6   7   0.0046962323
1   9   6   8   0.0077831092
1   10   1   7   0.0013535331
1   10   2   8   0.0013535331
1   10   3   9   -0.0013891773
1   10   4   10   -0.0046995223
1   10   5   11   -0.0019491072
1   10   6   12   -0.0019491072
1   11   1   9   0.0052825706
1   11   2   9   -0.0031874381
1   11   3   7   -0.0027589511
1   11   3   8   0.0016647172
1   11   4   11   -0.0034164870
1   11   5   10   -0.0019491072
1   12   1   9   0.0031874381
1   12   2   9   0.0052825706
1   12   3   7   -0.0016647172
1   12   3   8   -0.0027589511
1   12   4   12   -0.0034164870
1   12   6   10   -0.0019491072
2   7   1   9   0.0077969159
2   7   3   7   -0.0020119233
2   7   4   11   0.0007711656
2   7   4   12   0.0004653118
2   7   5   10   0.0011376877
2   7   6   10   0.0006864667
2   8   2   9   0.0077969159
2   8   3   8   -0.0020119233
2   8   4   11   -0.0004653118
2   8   4   12   0.0007711656
2   8   5   10   -0.0006864667
2   8   6   10   0.0011376877
2   9   1   7   0.0077969159
2   9   2   8   0.0077969159
2   9   3   9   -0.0008895251
2   9   4   10   0.0049599343
2   9   5   11   0.0072178699
2   9   6   12   0.0072178699
2   10   1   11   -0.0012569852
2   10   1   12   -0.0007584494
2   10   2   11   0.0007584494
2   10   2   12   -0.0012569852
2   10   3   10   -0.0001961263
2   10   4   9   0.0049599343
2   10   5   7   0.0011376877
2   10   5   8   -0.0006864667
2   10   6   7   0.0006864667
2   10   6   8   0.0011376877
2   11   1   10   -0.0012569852
2   11   2   10   0.0007584494
2   11   3   11   -0.0020223630
2   11   4   7   0.0007711656
2   11   4   8   -0.0004653118
2   11   5   9   0.0072178699
2   12   1   10   -0.0007584494
2   12   2   10   -0.0012569852
2   12   3   12   -0.0020223630
2   12   4   7   0.0004653118
2   12   4   8   0.0007711656
2   12   6   9   0.0072178699
3   7   1   10   0.0047413357
3   7   3   11   0.0296342651
3   7   3   12   0.0178809510
3   7   4   7   -0.0208436465
3   7   5   9   0.0138228727
3   7   6   9   0.0083405513
3   8   2   10   0.0047413357
3   8   3   11   -0.0178809510
3   8   3   12   0.0296342651
3   8   4   8   -0.0208436465
3   8   5   9   -0.0083405513
3   8   6   9   0.0138228727
3   9   1   11   0.0138364433
3   9   1   12   0.0083487397
3   9   2   11   -0.0083487397
3   9   2   12   0.0138364433
3   9   3   10   -0.0001543947
3   9   4   9   -0.0262021210
3   9   5   7   0.0138228727
3   9   5   8   -0.0083405513
3   9   6   7   0.0083405513
3   9   6   8   0.0138228727
3   10   1   7   0.0047413357
3   10   2   8   0.0047413357
3   10   3   9   -0.0001543947
3   10   4   10   -0.0272713940
3   10   5   11   -0.0029275450
3   10   6   12   -0.0029275450
3   11   1   9   0.0138364433
3   11   2   9   -0.0083487397
3   11   3   7   0.0296342651
3   11   3   8   -0.0178809510
3   11   4   11   -0.0220934540
3   11   5   10   -0.0029275450
3   12   1   9   0.0083487397
3   12   2   9   0.0138364433
3   12   3   7   0.0178809510
3   12   3   8   0.0296342651
3   12   4   12   -0.0220934540
3   12   6   10   -0.0029275450
4   7   1   9   -0.0246112221
4   7   3   7   -0.0556944551
4   7   4   11   -0.0110594901
4   7   4   12   -0.0066731602
4   7   5   10   -0.0035139355
4   7   6   10   -0.0021202654
4   8   2   9   -0.0246112221
4   8   3   8   -0.0556944551
4   8   4   11   0.0066731602
4   8   4   12   -0.0110594901
4   8   5   10   0.0021202654
4   8   6   10   -0.0035139355
4   9   1   7   -0.0246112221
4   9   2   8   -0.0246112221
4   9   3   9   -0.0139559959
4   9   4   10   0.0195274302
4   9   5   11   -0.0065653082
4   9   6   12   -0.0065653082
4   10   1   11   0.0053919045
4   10   1   12   0.0032534089
4   10   2   11   -0.0032534089
4   10   2   12   0.0053919045
4   10   3   10   -0.0274761206
4   10   4   9   0.0195274302
4   10   5   7   -0.0035139355
4   10   5   8   0.0021202654
4   10   6   7   -0.0021202654
4   10   6   8   -0.0035139355
4   11   1   10   0.0053919045
4   11   2   10   -0.0032534089
4   11   3   11   -0.0540998350
4   11   4   7   -0.0110594901
4   11   4   8   0.0066731602
4   11   5   9   -0.0065653082
4   12   1   10   0.0032534089
4   12   2   10   0.0053919045
4   12   3   12   -0.0540998350
4   12   4   7   -0.0066731602
4   12   4   8   -0.0110594901
4   12   6   9   -0.0065653082
5   7   1   10   -0.0033920847
5   7   3   11   0.0033961048
5   7   3   12   0.0020491678
5   7   4   7   -0.0646713115
5   7   5   9   0.0010500633
5   7   6   9   0.0006335953
5   8   2   10   -0.0033920847
5   8   3   11   -0.0020491678
5   8   3   12   0.0033961048
5   8   4   8   -0.0646713115
5   8   5   9   -0.0006335953
5   8   6   9   0.0010500633
5   9   1   11   -0.0075461757
5   9   1   12   -0.0045532696
5   9   2   11   0.0045532696
5   9   2   12   -0.0075461757
5   9   3   10   0.0383124870
5   9   4   9   -0.0239036079
5   9   5   7   0.0010500633
5   9   5   8   -0.0006335953
5   9   6   7   0.0006335953
5   9   6   8   0.0010500633
5   10   1   7   -0.0033920847
5   10   2   8   -0.0033920847
5   10   3   9   0.0383124870
5   10   4   10   -0.0433413758
5   10   5   11   -0.0060204833
5   10   6   12   -0.0060204833
5   11   1   9   -0.0075461757
5   11   2   9   0.0045532696
5   11   3   7   0.0033961048
5   11   3   8   -0.0020491678
5   11   4   11   -0.0648155502
5   11   5   10   -0.0060204833
5   12   1   9   -0.0045532696
5   12   2   9   -0.0075461757
5   12   3   7   0.0020491678
5   12   3   8   0.0033961048
5   12   4   12   -0.0648155502
5   12   6   10   -0.0060204833
6   7   1   11   0.0423780806
6   7   1   12   0.0255109146
6   7   2   11   -0.0023440714
6   7   2   12   0.0026962426
6   7   3   10   0.0057649251
6   7   4   9   0.0117278344
6   7   5   7   0.0796629294
6   7   5   8   -0.0014674853
6   7   6   7   0.0466013705
6   7   6   8   0.0023543595
6   8   1   11   -0.0219615488
6   8   1   12   0.0362984712
6   8   2   11   0.0033833667
6   8   2   12   0.0012052944
6   8   3   10   -0.0000834425
6   8   4   9   -0.0001697506
6   8   5   7   -0.0014674853
6   8   5   8   0.0749542104
6   8   6   7   0.0023543595
6   8   6   8   0.0436663999
6   9   1   10   0.0451616292
6   9   2   10   -0.0006536767
6   9   3   11   0.0079488632
6   9   3   12   0.0046406638
6   9   4   7   0.0117278344
6   9   4   8   -0.0001697506
6   9   5   9   0.0493307685
6   9   6   9   0.0288000314
6   10   1   9   0.0451616292
6   10   2   9   -0.0006536767
6   10   3   7   0.0057649251
6   10   3   8   -0.0000834425
6   10   4   11   -0.0091708097
6   10   4   12   -0.0053540542
6   10   5   10   0.0481040183
6   10   6   10   0.0280838365
6   11   1   7   0.0423780806
6   11   1   8   -0.0219615488
6   11   2   7   -0.0023440714
6   11   2   8   0.0033833667
6   11   3   9   0.0079488632
6   11   4   10   -0.0091708097
6   11   5   11   0.0644851181
6   11   5   12   -0.0000816223
6   11   6   11   0.0378106091
6   11   6   12   -0.0001398085
6   12   1   7   0.0255109146
6   12   1   8   0.0362984712
6   12   2   7   0.0026962426
6   12   2   8   0.0012052944
6   12   3   9   0.0046406638
6   12   4   10   -0.0053540542
6   12   5   11   -0.0000816223
6   12   5   12   0.0647647351
6   12   6   11   -0.0001398085
6   12   6   12   0.0376473646
7   7   1   11   -0.0012052944
7   7   1   12   0.0033833667
7   7   2   11   0.0362984712
7   7   2   12   0.0219615488
7   7   3   10   0.0000834425
7   7   4   9   0.0001697506
7   7   5   7   -0.0436663999
7   7   5   8   0.0023543595
7   7   6   7   0.0749542104
7   7   6   8   0.0014674853
7   8   1   11   0.0026962426
7   8   1   12   0.0023440714
7   8   2   11   -0.0255109146
7   8   2   12   0.0423780806
7   8   3   10   0.0057649251
7   8   4   9   0.0117278344
7   8   5   7   0.0023543595
7   8   5   8   -0.0466013705
7   8   6   7   0.0014674853
7   8   6   8   0.0796629294
7   9   1   10   0.0006536767
7   9   2   10   0.0451616292
7   9   3   11   -0.0046406638
7   9   3   12   0.0079488632
7   9   4   7   0.0001697506
7   9   4   8   0.0117278344
7   9   5   9   -0.0288000314
7   9   6   9   0.0493307685
7   10   1   9   0.0006536767
7   10   2   9   0.0451616292
7   10   3   7   0.0000834425
7   10   3   8   0.0057649251
7   10   4   11   0.0053540542
7   10   4   12   -0.0091708097
7   10   5   10   -0.0280838365
7   10   6   10   0.0481040183
7   11   1   7   -0.0012052944
7   11   1   8   0.0026962426
7   11   2   7   0.0362984712
7   11   2   8   -0.0255109146
7   11   3   9   -0.0046406638
7   11   4   10   0.0053540542
7   11   5   11   -0.0376473646
7   11   5   12   -0.0001398085
7   11   6   11   0.0647647351
7   11   6   12   0.0000816223
7   12   1   7   0.0033833667
7   12   1   8   0.0023440714
7   12   2   7   0.0219615488
7   12   2   8   0.0423780806
7   12   3   9   0.0079488632
7   12   4   10   -0.0091708097
7   12   5   11   -0.0001398085
7   12   5   12   -0.0378106091
7   12   6   11   0.0000816223
7   12   6   12   0.0644851181

End IABC Block
