Begin IJ Block
1   1   -4.2326433265
1   2   -0.0000000001
1   3   -0.0897368583
2   2   -4.2318179175
2   3   0.0000000001
2   5   0.0000000000
3   3   -3.7734290256
4   4   -3.7539109208
5   5   -3.7539109207

End IJ Block
Begin IA Block
1   2   -0.0000000000
1   3   0.0000000000
2   3   0.1294407185
3   1   -0.0000000000
3   2   -0.0000000000
3   3   0.0000000001
4   1   -0.0000000003
4   2   0.0000000032
5   1   -0.0000000032
5   2   -0.0000000002
5   3   0.0000000000

End IA Block
Begin AB Block
1   1   -3.6793865059
2   2   -3.6793865059
3   3   -3.7337866347

End AB Block
Begin IJKL Block
1   6   1   6   0.4185242800
1   6   1   7   -0.0000000001
1   6   1   8   0.0092120704
1   6   2   6   -0.0000000001
1   6   2   7   0.2557858429
1   6   3   6   0.0092120704
1   6   3   8   0.0617729415
1   6   4   9   0.0597564044
1   6   5   10   0.0597564044
1   7   1   6   -0.0000000001
1   7   1   7   0.4170349074
1   7   1   8   0.0000000000
1   7   1   10   -0.0000000000
1   7   2   6   0.2585236174
1   7   2   7   0.0000000001
1   7   2   8   -0.0237518201
1   7   3   6   0.0000000000
1   7   3   7   0.0037529446
1   7   3   8   -0.0000000000
1   7   3   10   -0.0000000000
1   7   4   9   0.0000000001
1   7   4   10   0.0000000010
1   7   5   8   -0.0000000000
1   7   5   9   0.0000000010
1   7   5   10   -0.0000000001
1   8   1   6   0.0092120704
1   8   1   7   0.0000000000
1   8   1   8   0.4053800359
1   8   2   6   0.0000000000
1   8   2   7   -0.0232954609
1   8   2   8   -0.0000000001
1   8   2   10   -0.0000000000
1   8   3   6   0.0615742536
1   8   3   7   -0.0000000000
1   8   3   8   0.0100712952
1   8   4   9   -0.0001278827
1   8   5   7   -0.0000000000
1   8   5   10   -0.0001278827
1   9   1   9   0.4050577226
1   9   2   9   0.0000000005
1   9   2   10   0.0000000037
1   9   3   9   0.0087992112
1   9   4   6   0.0602526674
1   9   4   7   0.0000000001
1   9   4   8   0.0003176808
1   9   5   7   0.0000000009
1   10   1   7   -0.0000000000
1   10   1   10   0.4050577226
1   10   2   8   -0.0000000000
1   10   2   9   0.0000000037
1   10   2   10   -0.0000000003
1   10   3   7   -0.0000000000
1   10   3   10   0.0087992112
1   10   4   7   0.0000000009
1   10   5   6   0.0602526674
1   10   5   7   -0.0000000001
1   10   5   8   0.0003176808
2   6   1   6   -0.0000000001
2   6   1   7   0.2585236174
2   6   1   8   0.0000000000
2   6   2   6   0.4170349074
2   6   2   7   0.0000000001
2   6   2   8   0.0037529446
2   6   3   6   0.0000000000
2   6   3   7   -0.0237518201
2   6   3   8   -0.0000000000
2   6   3   10   -0.0000000000
2   6   4   9   0.0000000001
2   6   4   10   0.0000000010
2   6   5   6   -0.0000000000
2   6   5   8   -0.0000000000
2   6   5   9   0.0000000010
2   6   5   10   -0.0000000001
2   7   1   6   0.2557858429
2   7   1   7   0.0000000001
2   7   1   8   -0.0232954609
2   7   2   6   0.0000000001
2   7   2   7   0.4211105994
2   7   2   8   -0.0000000000
2   7   2   10   -0.0000000000
2   7   3   6   -0.0232954609
2   7   3   7   -0.0000000000
2   7   3   8   0.0579480133
2   7   4   9   0.0580711877
2   7   5   7   -0.0000000000
2   7   5   10   0.0580711877
2   8   1   7   -0.0237518201
2   8   1   8   -0.0000000001
2   8   1   10   -0.0000000000
2   8   2   6   0.0037529446
2   8   2   7   -0.0000000000
2   8   2   8   0.4051892831
2   8   3   6   -0.0000000000
2   8   3   7   0.0570141569
2   8   3   8   0.0000000000
2   8   3   10   0.0000000000
2   8   4   9   -0.0000000000
2   8   4   10   -0.0000000000
2   8   5   6   -0.0000000000
2   8   5   8   -0.0000000000
2   8   5   9   -0.0000000000
2   8   5   10   0.0000000000
2   9   1   9   0.0000000005
2   9   1   10   0.0000000037
2   9   2   9   0.4050862179
2   9   3   9   -0.0000000000
2   9   3   10   -0.0000000003
2   9   4   6   0.0000000001
2   9   4   7   0.0572317230
2   9   4   8   -0.0000000000
2   9   5   6   0.0000000009
2   9   5   8   -0.0000000000
2   9   5   9   -0.0000000000
2   10   1   8   -0.0000000000
2   10   1   9   0.0000000037
2   10   1   10   -0.0000000003
2   10   2   7   -0.0000000000
2   10   2   10   0.4050862179
2   10   3   6   -0.0000000000
2   10   3   8   0.0000000000
2   10   3   9   -0.0000000003
2   10   3   10   0.0000000000
2   10   4   6   0.0000000009
2   10   4   8   -0.0000000000
2   10   5   6   -0.0000000001
2   10   5   7   0.0572317230
2   10   5   8   0.0000000000
2   10   5   10   -0.0000000000
3   6   1   6   0.0092120704
3   6   1   7   0.0000000000
3   6   1   8   0.0615742536
3   6   2   6   0.0000000000
3   6   2   7   -0.0232954609
3   6   2   8   -0.0000000000
3   6   2   10   -0.0000000000
3   6   3   6   0.4053800359
3   6   3   7   -0.0000000001
3   6   3   8   0.0100712952
3   6   4   9   -0.0001278827
3   6   5   7   -0.0000000000
3   6   5   10   -0.0001278827
3   7   1   7   0.0037529446
3   7   1   8   -0.0000000000
3   7   1   10   -0.0000000000
3   7   2   6   -0.0237518201
3   7   2   7   -0.0000000000
3   7   2   8   0.0570141569
3   7   3   6   -0.0000000001
3   7   3   7   0.4051892831
3   7   3   8   0.0000000000
3   7   3   10   -0.0000000000
3   7   4   9   -0.0000000000
3   7   4   10   -0.0000000000
3   7   5   6   -0.0000000000
3   7   5   8   0.0000000000
3   7   5   9   -0.0000000000
3   7   5   10   0.0000000000
3   8   1   6   0.0617729415
3   8   1   7   -0.0000000000
3   8   1   8   0.0100712952
3   8   2   6   -0.0000000000
3   8   2   7   0.0579480133
3   8   2   8   0.0000000000
3   8   2   10   0.0000000000
3   8   3   6   0.0100712952
3   8   3   7   0.0000000000
3   8   3   8   0.4093239702
3   8   4   9   0.0140187100
3   8   5   7   0.0000000000
3   8   5   10   0.0140187100
3   9   1   9   0.0087992112
3   9   2   9   -0.0000000000
3   9   2   10   -0.0000000003
3   9   3   9   0.3868197868
3   9   4   6   0.0003176808
3   9   4   7   -0.0000000000
3   9   4   8   0.0055091536
3   9   5   7   -0.0000000000
3   10   1   7   -0.0000000000
3   10   1   10   0.0087992112
3   10   2   6   -0.0000000000
3   10   2   8   0.0000000000
3   10   2   9   -0.0000000003
3   10   2   10   0.0000000000
3   10   3   7   -0.0000000000
3   10   3   10   0.3868197868
3   10   4   7   -0.0000000000
3   10   5   6   0.0003176808
3   10   5   7   0.0000000000
3   10   5   8   0.0055091536
4   6   1   9   0.0602526674
4   6   2   9   0.0000000001
4   6   2   10   0.0000000009
4   6   3   9   0.0003176808
4   6   4   6   0.4050577226
4   6   4   7   0.0000000005
4   6   4   8   0.0087992112
4   6   5   7   0.0000000037
4   7   1   9   0.0000000001
4   7   1   10   0.0000000009
4   7   2   9   0.0572317230
4   7   3   9   -0.0000000000
4   7   3   10   -0.0000000000
4   7   4   6   0.0000000005
4   7   4   7   0.4050862179
4   7   4   8   -0.0000000000
4   7   4   10   -0.0000000000
4   7   5   6   0.0000000037
4   7   5   8   -0.0000000003
4   8   1   9   0.0003176808
4   8   2   9   -0.0000000000
4   8   2   10   -0.0000000000
4   8   3   9   0.0055091536
4   8   4   6   0.0087992112
4   8   4   7   -0.0000000000
4   8   4   8   0.3868197868
4   8   5   7   -0.0000000003
4   9   1   6   0.0597564044
4   9   1   7   0.0000000001
4   9   1   8   -0.0001278827
4   9   2   6   0.0000000001
4   9   2   7   0.0580711877
4   9   2   8   -0.0000000000
4   9   3   6   -0.0001278827
4   9   3   7   -0.0000000000
4   9   3   8   0.0140187100
4   9   4   9   0.4036024605
4   9   4   10   0.0000000000
4   9   5   9   -0.0000000000
4   9   5   10   0.0138347391
4   10   1   7   0.0000000010
4   10   2   6   0.0000000010
4   10   2   8   -0.0000000000
4   10   3   7   -0.0000000000
4   10   4   7   -0.0000000000
4   10   4   9   0.0000000000
4   10   4   10   0.3859308106
4   10   5   9   0.0038369108
5   6   1   10   0.0602526674
5   6   2   6   -0.0000000000
5   6   2   8   -0.0000000000
5   6   2   9   0.0000000009
5   6   2   10   -0.0000000001
5   6   3   7   -0.0000000000
5   6   3   10   0.0003176808
5   6   4   7   0.0000000037
5   6   5   6   0.4050577226
5   6   5   7   -0.0000000003
5   6   5   8   0.0087992112
5   7   1   8   -0.0000000000
5   7   1   9   0.0000000009
5   7   1   10   -0.0000000001
5   7   2   7   -0.0000000000
5   7   2   10   0.0572317230
5   7   3   6   -0.0000000000
5   7   3   8   0.0000000000
5   7   3   9   -0.0000000000
5   7   3   10   0.0000000000
5   7   4   6   0.0000000037
5   7   4   8   -0.0000000003
5   7   5   6   -0.0000000003
5   7   5   7   0.4050862179
5   7   5   8   0.0000000000
5   7   5   10   -0.0000000000
5   8   1   7   -0.0000000000
5   8   1   10   0.0003176808
5   8   2   6   -0.0000000000
5   8   2   8   -0.0000000000
5   8   2   9   -0.0000000000
5   8   2   10   0.0000000000
5   8   3   7   0.0000000000
5   8   3   10   0.0055091536
5   8   4   7   -0.0000000003
5   8   5   6   0.0087992112
5   8   5   7   0.0000000000
5   8   5   8   0.3868197868
5   9   1   7   0.0000000010
5   9   2   6   0.0000000010
5   9   2   8   -0.0000000000
5   9   2   9   -0.0000000000
5   9   3   7   -0.0000000000
5   9   4   9   -0.0000000000
5   9   4   10   0.0038369108
5   9   5   9   0.3859308106
5   10   1   6   0.0597564044
5   10   1   7   -0.0000000001
5   10   1   8   -0.0001278827
5   10   2   6   -0.0000000001
5   10   2   7   0.0580711877
5   10   2   8   0.0000000000
5   10   2   10   -0.0000000000
5   10   3   6   -0.0001278827
5   10   3   7   0.0000000000
5   10   3   8   0.0140187100
5   10   4   9   0.0138347391
5   10   5   7   -0.0000000000
5   10   5   10   0.4036024604

End IJKL Block
Begin IJAB Block
1   6   1   4   0.0595071827
1   6   2   5   0.0595071827
1   6   3   6   0.0616191988
1   7   1   4   -0.0000000001
1   7   1   5   0.0000000010
1   7   2   4   0.0000000010
1   7   2   5   0.0000000000
1   7   2   6   -0.0000000000
1   7   3   5   -0.0000000000
1   7   3   6   0.0000000000
1   8   1   4   -0.0017229427
1   8   2   5   -0.0017229427
1   8   3   6   0.0071753198
1   9   1   6   0.0048412768
1   9   2   6   -0.0001477933
1   9   3   4   0.0052666523
1   9   3   5   -0.0001607791
1   10   1   6   -0.0001477933
1   10   2   6   -0.0048412768
1   10   3   4   -0.0001607791
1   10   3   5   -0.0052666523
2   6   1   4   -0.0000000001
2   6   1   5   0.0000000010
2   6   2   4   0.0000000010
2   6   2   5   0.0000000000
2   6   2   6   -0.0000000000
2   6   3   5   -0.0000000000
2   6   3   6   0.0000000000
2   7   1   4   0.0616909802
2   7   2   5   0.0616909802
2   7   3   6   0.0644476350
2   8   1   5   -0.0000000000
2   8   2   4   -0.0000000000
2   8   2   5   -0.0000000000
2   8   2   6   0.0000000000
2   8   3   6   -0.0000000000
2   9   1   6   0.0000000000
2   9   2   4   0.0000000000
2   9   2   6   -0.0000000000
2   9   3   4   -0.0000000000
2   9   3   5   0.0000000000
2   10   1   6   0.0000000000
2   10   2   5   -0.0000000000
2   10   2   6   0.0000000000
2   10   3   4   -0.0000000000
2   10   3   5   0.0000000000
3   6   1   4   -0.0017229427
3   6   2   5   -0.0017229427
3   6   3   6   0.0071753198
3   7   1   5   -0.0000000000
3   7   2   4   -0.0000000000
3   7   2   5   -0.0000000000
3   7   3   5   0.0000000000
3   7   3   6   -0.0000000000
3   8   1   4   0.0234037341
3   8   2   5   0.0234037341
3   8   3   6   0.2537864043
3   9   1   6   0.0249568339
3   9   2   6   -0.0007618761
3   9   3   4   0.2079195111
3   9   3   5   -0.0063473156
3   10   1   6   -0.0007618761
3   10   2   6   -0.0249568339
3   10   3   4   -0.0063473156
3   10   3   5   -0.2079195111
4   6   1   6   0.0052666523
4   6   2   6   -0.0001607791
4   6   3   4   0.0048412768
4   6   3   5   -0.0001477933
4   7   1   5   0.0000000000
4   7   1   6   -0.0000000000
4   7   2   6   0.0000000000
4   7   3   4   0.0000000000
4   7   3   5   -0.0000000000
4   8   1   6   0.2079195111
4   8   2   6   -0.0063473156
4   8   3   4   0.0249568339
4   8   3   5   -0.0007618761
4   9   1   4   0.2598334083
4   9   1   5   -0.0071988005
4   9   2   4   -0.0071988005
4   9   2   5   0.0242415052
4   9   3   6   0.0244596291
4   10   1   4   -0.0071988005
4   10   1   5   -0.2101078977
4   10   2   4   -0.0254840055
4   10   2   5   0.0071988005
5   6   1   6   -0.0001607791
5   6   2   6   -0.0052666523
5   6   3   4   -0.0001477933
5   6   3   5   -0.0048412768
5   7   1   6   -0.0000000000
5   7   2   5   -0.0000000000
5   7   2   6   0.0000000000
5   7   3   4   0.0000000000
5   7   3   5   0.0000000000
5   8   1   6   -0.0063473156
5   8   2   6   -0.2079195110
5   8   3   4   -0.0007618761
5   8   3   5   -0.0249568339
5   9   1   4   -0.0071988005
5   9   1   5   -0.0254840055
5   9   2   4   -0.2101078976
5   9   2   5   0.0071988005
5   10   1   4   0.0242415052
5   10   1   5   0.0071988005
5   10   2   4   0.0071988005
5   10   2   5   0.2598334083
5   10   3   6   0.0244596291

End IJAB Block
Begin ABCD Block
1   4   1   4   0.3994246190
1   4   2   5   0.0156381206
1   4   3   6   0.0162278109
1   5   1   5   0.3699687133
1   5   2   4   0.0138177851
1   6   1   6   0.3772298045
1   6   3   4   0.0145263823
2   4   1   5   0.0138177851
2   4   2   4   0.3699687133
2   5   1   4   0.0156381206
2   5   2   5   0.3994246190
2   5   3   6   0.0162278109
2   6   2   6   0.3772298045
2   6   3   5   0.0145263823
3   4   1   6   0.0145263823
3   4   3   4   0.3772298045
3   5   2   6   0.0145263823
3   5   3   5   0.3772298045
3   6   1   4   0.0162278109
3   6   2   5   0.0162278109
3   6   3   6   0.4159229707

End ABCD Block
Begin AIJB Block
1   6   1   4   0.0620281303
1   6   2   4   -0.0000000001
1   6   2   5   0.0000000011
1   6   3   4   -0.0024457814
1   6   4   6   0.0042916290
1   6   5   6   -0.0001310138
1   7   1   4   -0.0000000001
1   7   1   5   0.0000000011
1   7   2   4   0.0657628727
1   7   3   5   -0.0000000000
1   7   4   5   0.0000000000
1   7   4   6   -0.0000000000
1   7   5   6   -0.0000000000
1   8   1   4   -0.0024457814
1   8   2   5   -0.0000000000
1   8   3   4   0.0276792310
1   8   4   6   0.2058312708
1   8   5   6   -0.0062835663
1   9   1   6   0.0030087622
1   9   2   6   -0.0000000000
1   9   3   6   0.0188196365
1   9   4   4   0.2565570798
1   9   4   5   -0.0069285446
1   9   5   4   -0.0069285446
1   9   5   5   -0.0189351893
1   10   1   6   -0.0000918508
1   10   2   6   -0.0000000000
1   10   3   6   -0.0005745212
1   10   4   4   -0.0069285446
1   10   4   5   -0.2078121726
1   10   5   4   0.0298097179
1   10   5   5   0.0069285446
2   6   1   5   0.0620281303
2   6   2   4   0.0000000011
2   6   2   5   0.0000000000
2   6   2   6   -0.0000000000
2   6   3   5   -0.0024457814
2   6   4   6   -0.0001310138
2   6   5   6   -0.0042916290
2   7   1   4   0.0000000011
2   7   1   5   0.0000000000
2   7   1   6   -0.0000000000
2   7   2   5   0.0657628727
2   7   3   4   -0.0000000000
2   7   4   6   0.0000000000
2   7   5   5   -0.0000000000
2   7   5   6   0.0000000000
2   8   1   5   -0.0024457814
2   8   2   4   -0.0000000000
2   8   2   6   0.0000000000
2   8   3   5   0.0276792310
2   8   4   6   -0.0062835663
2   8   5   6   -0.2058312708
2   9   1   6   -0.0000918508
2   9   2   4   0.0000000000
2   9   2   6   0.0000000000
2   9   3   6   -0.0005745212
2   9   4   4   -0.0069285446
2   9   4   5   0.0298097179
2   9   5   4   -0.2078121725
2   9   5   5   0.0069285446
2   10   1   6   -0.0030087622
2   10   2   5   -0.0000000000
2   10   3   6   -0.0188196365
2   10   4   4   -0.0189351893
2   10   4   5   0.0069285446
2   10   5   4   0.0069285446
2   10   5   5   0.2565570798
3   6   1   6   0.0626201282
3   6   2   5   -0.0000000000
3   6   2   6   0.0000000000
3   6   3   6   0.0040243720
3   6   4   4   0.0030087622
3   6   4   5   -0.0000918508
3   6   5   4   -0.0000918508
3   6   5   5   -0.0030087622
3   7   1   5   -0.0000000000
3   7   1   6   0.0000000000
3   7   2   6   0.0671391450
3   7   3   5   0.0000000000
3   7   3   6   -0.0000000000
3   7   4   4   -0.0000000000
3   7   4   5   0.0000000000
3   7   5   4   -0.0000000000
3   8   1   6   0.0040243720
3   8   2   6   -0.0000000000
3   8   3   6   0.2496054551
3   8   4   4   0.0188196365
3   8   4   5   -0.0005745212
3   8   5   4   -0.0005745212
3   8   5   5   -0.0188196365
3   9   1   4   0.0042916290
3   9   1   5   -0.0001310138
3   9   2   4   -0.0000000000
3   9   2   5   0.0000000000
3   9   3   4   0.2058312708
3   9   3   5   -0.0062835663
3   9   4   6   0.0291873454
3   10   1   4   -0.0001310138
3   10   1   5   -0.0042916290
3   10   2   4   -0.0000000000
3   10   2   5   0.0000000000
3   10   3   4   -0.0062835663
3   10   3   5   -0.2058312708
3   10   5   6   0.0291873454

1   6   6   1   -0.4032529855
1   6   7   1   0.0000000003
1   6   7   2   -0.0000000042
1   6   7   3   0.0000000000
1   6   8   1   -0.0061921452
1   6   9   3   -0.0035436060
1   6   10   3   0.0001081783
1   7   6   1   0.0000000003
1   7   6   2   -0.0000000042
1   7   6   3   0.0000000000
1   7   7   1   -0.4050498440
1   7   8   1   -0.0000000000
1   7   8   2   0.0000000003
1   7   10   1   0.0000000000
1   7   10   3   -0.0000000000
1   8   6   1   -0.0061921452
1   8   7   1   -0.0000000000
1   8   7   2   0.0000000003
1   8   8   1   -0.3912076122
1   8   9   3   -0.0190441622
1   8   10   3   0.0005813755
1   9   6   3   -0.0037948454
1   9   8   3   -0.0205021629
1   9   9   1   -0.4323304808
1   9   9   2   0.0012248297
1   9   10   1   0.0012248297
1   9   10   2   0.0205707561
1   10   6   3   0.0001158481
1   10   7   1   0.0000000000
1   10   7   3   0.0000000000
1   10   8   3   0.0006258850
1   10   9   1   0.0012248297
1   10   9   2   0.0195136947
1   10   10   1   -0.3922460299
1   10   10   2   -0.0012248297
2   6   6   2   -0.4032529855
2   6   7   1   -0.0000000042
2   6   7   2   -0.0000000001
2   6   7   3   0.0000000000
2   6   8   2   -0.0061921452
2   6   9   3   0.0001081783
2   6   10   3   0.0035436060
2   7   6   1   -0.0000000042
2   7   6   2   -0.0000000001
2   7   6   3   0.0000000000
2   7   7   2   -0.4050498440
2   7   8   1   0.0000000003
2   7   8   2   0.0000000000
2   7   8   3   -0.0000000000
2   7   9   3   0.0000000000
2   7   10   2   0.0000000000
2   8   6   2   -0.0061921452
2   8   7   1   0.0000000003
2   8   7   2   0.0000000000
2   8   7   3   -0.0000000000
2   8   8   2   -0.3912076122
2   8   9   3   0.0005813755
2   8   10   3   0.0190441622
2   9   6   3   0.0001158481
2   9   7   3   -0.0000000000
2   9   8   3   0.0006258850
2   9   9   1   0.0012248297
2   9   9   2   -0.3922460299
2   9   10   1   0.0195136947
2   9   10   2   -0.0012248297
2   10   6   3   0.0037948454
2   10   7   2   0.0000000000
2   10   8   3   0.0205021629
2   10   9   1   0.0205707561
2   10   9   2   -0.0012248297
2   10   10   1   -0.0012248297
2   10   10   2   -0.4323304808
3   6   6   3   -0.4118123035
3   6   7   1   0.0000000000
3   6   7   2   0.0000000000
3   6   7   3   -0.0000000002
3   6   8   3   -0.0125084089
3   6   9   1   -0.0037948454
3   6   9   2   0.0001158481
3   6   10   1   0.0001158481
3   6   10   2   0.0037948454
3   7   6   1   0.0000000000
3   7   6   2   0.0000000000
3   7   6   3   -0.0000000002
3   7   7   3   -0.4126839034
3   7   8   2   -0.0000000000
3   7   8   3   0.0000000000
3   7   9   2   -0.0000000000
3   7   10   1   0.0000000000
3   7   10   3   0.0000000000
3   8   6   3   -0.0125084089
3   8   7   2   -0.0000000000
3   8   7   3   0.0000000000
3   8   8   3   -0.4376463149
3   8   9   1   -0.0205021629
3   8   9   2   0.0006258850
3   8   10   1   0.0006258850
3   8   10   2   0.0205021629
3   9   6   1   -0.0035436060
3   9   6   2   0.0001081783
3   9   7   2   0.0000000000
3   9   8   1   -0.0190441622
3   9   8   2   0.0005813755
3   9   9   3   -0.3996322968
3   10   6   1   0.0001081783
3   10   6   2   0.0035436060
3   10   7   1   -0.0000000000
3   10   7   3   0.0000000000
3   10   8   1   0.0005813755
3   10   8   2   0.0190441622
3   10   10   3   -0.3996322968

End AIJB Block
Begin IJKA Block
1   6   2   6   -0.0039939485
1   6   3   6   0.0000000000
1   6   4   4   0.0000000000
1   6   4   5   -0.0000000000
1   6   5   4   0.0000000000
1   6   5   5   -0.0000000000
1   7   1   6   -0.0135866463
1   7   2   5   -0.0000000000
1   7   2   6   0.0000000000
1   7   3   6   -0.0625519921
1   7   4   4   -0.0619120372
1   7   4   5   0.0018900354
1   7   5   4   0.0018900354
1   7   5   5   0.0619120372
1   8   1   5   -0.0000000000
1   8   1   6   0.0000000001
1   8   2   6   -0.2321335287
1   8   4   4   0.0000000000
1   8   4   5   -0.0000000000
1   8   5   4   0.0000000000
1   8   5   5   -0.0000000000
1   8   5   6   0.0000000000
1   9   1   4   0.0000000001
1   9   1   5   0.0000000001
1   9   2   4   -0.2342164519
1   9   2   5   0.0071501021
1   9   3   4   0.0000000000
1   9   3   5   -0.0000000000
1   9   4   6   -0.0000000000
1   9   5   6   -0.0000000000
1   10   1   4   -0.0000000001
1   10   1   5   -0.0000000001
1   10   1   6   0.0000000000
1   10   2   4   0.0071501021
1   10   2   5   0.2342164519
1   10   3   4   0.0000000000
1   10   3   5   0.0000000000
1   10   4   6   -0.0000000000
1   10   5   5   -0.0000000000
1   10   5   6   0.0000000000
2   6   1   6   -0.0035353019
2   6   3   6   -0.0574987131
2   6   4   4   -0.0598263039
2   6   4   5   0.0018263627
2   6   5   4   0.0018263627
2   6   5   5   0.0598263039
2   7   1   5   -0.0000000000
2   7   1   6   0.0000000000
2   7   2   6   -0.0079802616
2   7   3   6   -0.0000000000
2   7   4   4   -0.0000000000
2   7   4   5   0.0000000000
2   7   5   4   -0.0000000000
2   7   5   5   0.0000000000
2   8   1   6   -0.2323200529
2   8   2   5   -0.0000000000
2   8   2   6   -0.0000000001
2   8   3   6   0.0214559660
2   8   4   4   0.0016514526
2   8   4   5   -0.0000504151
2   8   5   4   -0.0000504151
2   8   5   5   -0.0016514526
2   9   1   4   -0.2341181711
2   9   1   5   0.0071471018
2   9   2   4   -0.0000000001
2   9   2   5   0.0000000001
2   9   3   4   0.0207228984
2   9   3   5   -0.0006326235
2   9   4   6   -0.0009302775
2   10   1   4   0.0071471018
2   10   1   5   0.2341181711
2   10   2   4   -0.0000000001
2   10   2   5   0.0000000001
2   10   2   6   0.0000000000
2   10   3   4   -0.0006326235
2   10   3   5   -0.0207228984
2   10   5   6   -0.0009302775
3   6   1   6   0.0000000000
3   6   2   6   -0.0590680538
3   6   3   5   0.0000000000
3   6   3   6   0.0000000000
3   6   4   4   0.0000000000
3   6   4   5   -0.0000000000
3   6   5   4   0.0000000000
3   6   5   6   0.0000000000
3   7   1   6   -0.0641669925
3   7   2   5   -0.0000000000
3   7   2   6   -0.0000000000
3   7   3   6   -0.0101582491
3   7   4   4   0.0011533614
3   7   4   5   -0.0000352095
3   7   5   4   -0.0000352095
3   7   5   5   -0.0011533614
3   8   1   5   0.0000000000
3   8   2   6   0.0218948309
3   8   3   5   -0.0000000000
3   8   3   6   0.0000000002
3   8   4   4   0.0000000000
3   8   4   5   0.0000000001
3   8   5   4   -0.0000000001
3   8   5   5   -0.0000000000
3   8   5   6   0.0000000000
3   9   1   4   0.0000000000
3   9   1   5   -0.0000000001
3   9   2   4   0.0204651609
3   9   2   5   -0.0006247554
3   9   3   4   0.0000000001
3   9   3   5   0.0000000002
3   9   4   5   -0.0000000000
3   9   4   6   -0.0000000000
3   9   5   4   0.0000000000
3   9   5   5   -0.0000000000
3   9   5   6   -0.0000000004
3   10   1   4   0.0000000001
3   10   1   5   0.0000000000
3   10   2   4   -0.0006247554
3   10   2   5   -0.0204651609
3   10   3   4   -0.0000000002
3   10   3   5   -0.0000000001
3   10   3   6   0.0000000000
3   10   4   4   0.0000000000
3   10   4   6   -0.0000000004
3   10   5   4   -0.0000000000
3   10   5   5   -0.0000000000
3   10   5   6   0.0000000000
4   6   1   4   0.0000000000
4   6   1   5   0.0000000000
4   6   2   4   -0.0607750155
4   6   2   5   0.0018553247
4   6   3   4   0.0000000000
4   6   3   5   -0.0000000000
4   6   4   6   -0.0000000000
4   6   5   6   -0.0000000001
4   7   1   4   -0.0626877431
4   7   1   5   0.0019137160
4   7   2   4   -0.0000000000
4   7   2   5   0.0000000001
4   7   3   4   0.0024309901
4   7   3   5   -0.0000742127
4   7   4   6   -0.0122305846
4   8   1   4   0.0000000000
4   8   1   5   -0.0000000000
4   8   2   4   0.0021567875
4   8   2   5   -0.0000658419
4   8   3   4   -0.0000000000
4   8   3   5   0.0000000003
4   8   4   5   -0.0000000000
4   8   4   6   -0.0000000004
4   8   5   4   0.0000000000
4   8   5   6   -0.0000000034
4   9   1   6   -0.0000000000
4   9   2   6   -0.0016628748
4   9   3   5   -0.0000000000
4   9   3   6   -0.0000000000
4   9   4   4   -0.0000000006
4   9   4   5   0.0000000006
4   9   5   4   -0.0000000040
4   9   5   5   0.0000000002
4   9   5   6   0.0000000000
4   10   1   6   -0.0000000001
4   10   3   4   0.0000000000
4   10   3   6   -0.0000000004
4   10   4   4   -0.0000000010
4   10   4   5   0.0000000005
4   10   4   6   0.0000000000
4   10   5   4   0.0000000001
4   10   5   5   0.0000000041
5   6   1   4   -0.0000000000
5   6   1   5   -0.0000000000
5   6   2   4   0.0018553247
5   6   2   5   0.0607750155
5   6   3   4   0.0000000000
5   6   4   6   -0.0000000001
5   6   5   6   0.0000000000
5   7   1   4   0.0019137160
5   7   1   5   0.0626877431
5   7   2   4   -0.0000000001
5   7   2   5   0.0000000000
5   7   2   6   0.0000000000
5   7   3   4   -0.0000742127
5   7   3   5   -0.0024309901
5   7   5   6   -0.0122305846
5   8   1   4   0.0000000000
5   8   1   6   0.0000000000
5   8   2   4   -0.0000658419
5   8   2   5   -0.0021567875
5   8   3   4   -0.0000000003
5   8   3   5   -0.0000000000
5   8   3   6   0.0000000000
5   8   4   4   0.0000000000
5   8   4   6   -0.0000000034
5   8   5   5   -0.0000000000
5   8   5   6   0.0000000003
5   9   1   6   -0.0000000001
5   9   3   4   0.0000000000
5   9   3   5   -0.0000000000
5   9   3   6   -0.0000000004
5   9   4   4   -0.0000000041
5   9   4   5   0.0000000002
5   9   4   6   0.0000000000
5   9   5   4   0.0000000003
5   9   5   5   0.0000000010
5   10   1   5   -0.0000000000
5   10   1   6   0.0000000000
5   10   2   6   -0.0016628748
5   10   3   4   -0.0000000000
5   10   3   5   -0.0000000000
5   10   3   6   0.0000000000
5   10   4   4   0.0000000001
5   10   4   5   0.0000000040
5   10   5   4   -0.0000000006
5   10   5   5   -0.0000000004
5   10   5   6   0.0000000000

End IJKA Block
Begin IABC Block
1   4   1   6   0.0000000000
1   4   2   6   -0.0000000001
1   4   3   4   0.0000000000
1   4   3   5   -0.0000000001
1   5   1   6   -0.0000000001
1   5   3   4   -0.0000000001
1   5   3   5   -0.0000000000
1   5   3   6   0.0000000000
1   6   1   4   0.0000000000
1   6   1   5   -0.0000000001
1   6   2   4   -0.0000000001
1   6   2   6   0.0000000000
1   6   3   5   0.0000000000
1   6   3   6   -0.0000000000
2   4   1   6   -0.0034311318
2   4   3   4   -0.0121317431
2   5   2   6   -0.0034311318
2   5   3   5   -0.0121317431
2   6   1   4   -0.0023322122
2   6   2   5   -0.0023322122
2   6   3   6   -0.0163349398
3   4   1   5   0.0000000000
3   4   1   6   0.0000000000
3   4   2   4   0.0000000000
3   4   2   6   -0.0000000004
3   4   3   4   0.0000000002
3   4   3   5   -0.0000000036
3   4   3   6   0.0000000000
3   5   1   6   -0.0000000004
3   5   2   5   0.0000000000
3   5   2   6   -0.0000000000
3   5   3   4   -0.0000000036
3   5   3   5   -0.0000000001
3   5   3   6   0.0000000000
3   6   1   4   0.0000000000
3   6   1   5   -0.0000000003
3   6   2   4   -0.0000000003
3   6   2   5   -0.0000000000
3   6   2   6   0.0000000000
3   6   3   4   0.0000000000
3   6   3   5   0.0000000000
3   6   3   6   -0.0000000002
4   4   1   4   0.0000000003
4   4   1   5   -0.0000000041
4   4   1   6   0.0000000000
4   4   2   4   -0.0000000009
4   4   2   5   0.0000000001
4   4   2   6   0.0000000000
4   4   3   5   0.0000000000
4   4   3   6   -0.0000000000
4   5   1   4   -0.0000000041
4   5   1   5   -0.0000000000
4   5   1   6   0.0000000000
4   5   2   4   0.0000000001
4   5   2   5   -0.0000000005
4   5   2   6   -0.0000000000
4   5   3   4   0.0000000000
4   5   3   6   -0.0000000001
4   6   1   4   0.0000000000
4   6   1   5   0.0000000000
4   6   1   6   -0.0000000001
4   6   2   4   0.0000000000
4   6   2   5   -0.0000000000
4   6   2   6   -0.0000000002
4   6   3   4   -0.0000000000
4   6   3   5   -0.0000000002
5   4   1   4   0.0000000005
5   4   1   5   0.0000000001
5   4   1   6   -0.0000000000
5   4   2   4   -0.0000000002
5   4   2   5   0.0000000041
5   4   2   6   -0.0000000000
5   4   3   4   -0.0000000000
5   4   3   6   0.0000000001
5   5   1   4   0.0000000001
5   5   1   5   0.0000000009
5   5   1   6   -0.0000000000
5   5   2   4   0.0000000041
5   5   2   5   0.0000000001
5   5   2   6   -0.0000000000
5   5   3   5   -0.0000000000
5   5   3   6   0.0000000000
5   6   1   5   -0.0000000000
5   6   1   6   0.0000000002
5   6   2   4   -0.0000000000
5   6   2   5   -0.0000000000
5   6   2   6   0.0000000001
5   6   3   4   0.0000000002
5   6   3   5   0.0000000000
5   6   3   6   -0.0000000000

End IABC Block
