Begin IJ Block
1   1   -1.9139879652
2   2   -1.7791132588
2   3   0.0000000132
3   3   -1.7740037476

End IJ Block
Begin IA Block
1   3   0.0023467431

End IA Block
Begin AB Block
1   1   -1.3831194861
1   2   -0.0000000257
2   2   -1.3931070441
3   3   -0.9469231705

End AB Block
Begin IJKL Block
1   4   1   4   0.2906093425
1   4   2   5   0.0023272817
1   4   2   6   0.0000000041
1   4   3   5   0.0000000041
1   4   3   6   0.0039236400
1   5   1   5   0.2740059133
1   5   1   6   -0.0000000053
1   5   2   4   0.0043294439
1   5   3   4   0.0000000027
1   6   1   5   -0.0000000053
1   6   1   6   0.2719678077
1   6   2   4   0.0000000027
1   6   3   4   0.0053618007
2   4   1   5   0.0043294439
2   4   1   6   0.0000000027
2   4   2   4   0.2740059133
2   4   3   4   -0.0000000053
2   5   1   4   0.0023272817
2   5   2   5   0.3150440918
2   5   3   6   0.0191427688
2   6   1   4   0.0000000041
2   6   2   6   0.2732062095
2   6   3   5   0.0226951342
3   4   1   5   0.0000000027
3   4   1   6   0.0053618007
3   4   2   4   -0.0000000053
3   4   3   4   0.2719678077
3   5   1   4   0.0000000041
3   5   2   6   0.0226951342
3   5   3   5   0.2732062095
3   6   1   4   0.0039236400
3   6   2   5   0.0191427688
3   6   3   6   0.3150440897

End IJKL Block
Begin IJAB Block
1   4   1   4   0.0037460609
1   4   1   5   0.0000000029
1   4   2   4   0.0000000029
1   4   2   5   0.0048915092
1   4   3   6   0.0072346563
2   5   1   4   0.0330035132
2   5   1   5   -0.0000000004
2   5   2   4   -0.0000000004
2   5   2   5   0.0593195809
2   5   3   6   0.0019456553
2   6   1   4   0.0000000004
2   6   1   5   -0.0355342351
2   6   2   4   0.0092229277
2   6   2   5   -0.0000000003
2   6   3   6   0.0000000000
3   5   1   4   0.0000000004
3   5   1   5   0.0092229277
3   5   2   4   -0.0355342351
3   5   2   5   -0.0000000003
3   5   3   6   0.0000000000
3   6   1   4   0.0593197122
3   6   1   5   0.0000000004
3   6   2   4   0.0000000004
3   6   2   5   0.0330152960
3   6   3   6   0.0019549051

End IJAB Block
Begin ABCD Block
1   4   1   4   0.2809190295
1   4   1   5   0.0000000000
1   4   2   4   0.0000000000
1   4   2   5   0.0101821143
1   4   3   6   0.0013439779
1   5   1   4   0.0000000000
1   5   1   5   0.2572887890
1   5   2   4   0.0134554918
1   5   2   5   0.0000000000
1   5   3   6   0.0000000000
1   6   1   6   0.1862236366
1   6   2   6   -0.0000000000
1   6   3   4   0.0018412722
2   4   1   4   0.0000000000
2   4   1   5   0.0134554918
2   4   2   4   0.2572887890
2   4   2   5   0.0000000000
2   4   3   6   0.0000000000
2   5   1   4   0.0101821143
2   5   1   5   0.0000000000
2   5   2   4   0.0000000000
2   5   2   5   0.2809357285
2   5   3   6   0.0013566291
2   6   1   6   -0.0000000000
2   6   2   6   0.1862232474
2   6   3   5   0.0018412169
3   4   1   6   0.0018412722
3   4   3   4   0.1862236366
3   4   3   5   -0.0000000000
3   5   2   6   0.0018412169
3   5   3   4   -0.0000000000
3   5   3   5   0.1862232474
3   6   1   4   0.0013439779
3   6   1   5   0.0000000000
3   6   2   4   0.0000000000
3   6   2   5   0.0013566291
3   6   3   6   0.1713963785

End ABCD Block
Begin AIJB Block
1   4   1   4   0.0043927249
1   4   1   5   0.0000000049
1   5   2   4   0.0390114646
1   5   2   5   -0.0000000002
1   5   3   4   0.0000000002
1   5   3   5   0.0128236863
1   6   2   4   0.0000000002
1   6   2   5   -0.0299508767
1   6   3   4   0.0561385350
1   6   3   5   0.0000000002
2   4   1   4   0.0000000049
2   4   1   5   0.0062965102
2   5   2   4   -0.0000000002
2   5   2   5   0.0561385661
2   5   3   4   -0.0299508767
2   5   3   5   -0.0000000002
2   6   2   4   0.0128236863
2   6   2   5   -0.0000000002
2   6   3   4   0.0000000002
2   6   3   5   0.0390114173
3   4   1   6   0.0061576563
3   5   2   6   0.0020722856
3   6   3   6   0.0020723336

1   4   4   1   -0.2611231958
1   4   4   2   -0.0000000153
1   5   5   1   -0.2699394799
1   5   5   2   0.0000000004
1   5   6   1   -0.0000000004
1   5   6   2   0.0145453340
1   6   5   1   -0.0000000004
1   6   5   2   0.0124117403
1   6   6   1   -0.2968956541
1   6   6   2   -0.0000000004
2   4   4   1   -0.0000000153
2   4   4   2   -0.2670621520
2   5   5   1   0.0000000004
2   5   5   2   -0.2968962247
2   5   6   1   0.0124117403
2   5   6   2   0.0000000004
2   6   5   1   0.0145453340
2   6   5   2   0.0000000004
2   6   6   1   -0.0000000004
2   6   6   2   -0.2699394891
3   4   4   3   -0.1957303248
3   5   5   3   -0.1899434284
3   6   6   3   -0.1899435935

End AIJB Block
Begin IJKA Block
1   4   1   6   -0.0023319412
1   5   2   6   0.0001066309
1   5   3   6   0.0000000003
1   6   2   6   0.0000000003
1   6   3   6   -0.0001067336
2   4   2   6   -0.0008266767
2   4   3   6   -0.0000000021
2   5   1   6   -0.0000123243
2   6   1   6   -0.0000000000
3   4   2   6   -0.0000000021
3   4   3   6   0.0008275671
3   5   1   6   -0.0000000000
3   6   1   6   0.0000124282

End IJKA Block
Begin IABC Block
1   4   1   6   -0.0010880903
1   4   2   6   -0.0000000028
1   4   3   4   -0.0008352303
1   4   3   5   -0.0000000021
1   5   1   6   -0.0000000028
1   5   2   6   0.0010882039
1   5   3   4   -0.0000000022
1   5   3   5   0.0008349118
1   6   1   4   -0.0010044599
1   6   1   5   -0.0000000026
1   6   2   4   -0.0000000026
1   6   2   5   0.0009807838
1   6   3   6   -0.0000167009

End IABC Block
