Begin IJ Block
1   1   -2.9617466723
2   2   -2.9771111287
3   3   -2.9771110084
4   4   -2.8205874954
5   5   -2.8205873530

End IJ Block
Begin IA Block
1   2   0.0000000014
3   3   -0.0000001834

End IA Block
Begin AB Block
1   1   -2.4507982448
2   2   -2.4507980956
3   3   -1.7100516244
4   4   -1.5656094999
5   5   -1.5656093195

End AB Block
Begin IJKL Block
1   6   1   6   0.3038615165
1   6   2   7   0.0034672304
1   6   3   8   0.0034672292
1   6   4   9   0.0830649972
1   6   5   10   0.0830649543
1   7   1   7   0.2740691739
1   7   2   6   0.0047329921
1   8   1   8   0.2740691567
1   8   3   6   0.0047329909
1   9   1   9   0.2971670887
1   9   4   6   0.0830858742
1   10   1   10   0.2971670770
1   10   5   6   0.0830858324
2   6   1   7   0.0047329921
2   6   2   6   0.2740691739
2   7   1   6   0.0034672304
2   7   2   7   0.2913044760
2   7   3   8   0.0101637353
2   7   4   9   0.0043541714
2   7   4   10   0.0000000048
2   7   5   9   0.0000000048
2   7   5   10   0.0028221740
2   8   2   8   0.2694853311
2   8   3   7   0.0116553821
2   8   4   9   -0.0000000048
2   8   4   10   0.0007301693
2   8   5   9   0.0008018281
2   8   5   10   0.0000000048
2   9   2   9   0.2708826037
2   9   2   10   -0.0000000070
2   9   3   9   0.0000000070
2   9   3   10   -0.0014528777
2   9   4   7   0.0056462787
2   9   4   8   -0.0000000039
2   9   5   7   0.0000000039
2   9   5   8   0.0006309051
2   10   2   9   -0.0000000070
2   10   2   10   0.2730943147
2   10   3   9   -0.0007588358
2   10   3   10   -0.0000000070
2   10   4   7   0.0000000039
2   10   4   8   0.0006060225
2   10   5   7   0.0044093513
2   10   5   8   0.0000000039
3   6   1   8   0.0047329909
3   6   3   6   0.2740691567
3   7   2   8   0.0116553821
3   7   3   7   0.2694853311
3   7   4   9   -0.0000000048
3   7   4   10   0.0008018281
3   7   5   9   0.0007301693
3   7   5   10   0.0000000048
3   8   1   6   0.0034672292
3   8   2   7   0.0101637353
3   8   3   8   0.2913044594
3   8   4   9   0.0028221730
3   8   4   10   -0.0000000048
3   8   5   9   -0.0000000048
3   8   5   10   0.0043541704
3   9   2   9   0.0000000070
3   9   2   10   -0.0007588358
3   9   3   9   0.2730943062
3   9   3   10   0.0000000070
3   9   4   7   -0.0000000039
3   9   4   8   0.0044093505
3   9   5   7   0.0006060225
3   9   5   8   -0.0000000039
3   10   2   9   -0.0014528777
3   10   2   10   -0.0000000070
3   10   3   9   0.0000000070
3   10   3   10   0.2708825759
3   10   4   7   0.0006309051
3   10   4   8   -0.0000000039
3   10   5   7   0.0000000039
3   10   5   8   0.0056462774
4   6   1   9   0.0830858742
4   6   4   6   0.2971670887
4   7   2   9   0.0056462787
4   7   2   10   0.0000000039
4   7   3   9   -0.0000000039
4   7   3   10   0.0006309051
4   7   4   7   0.2708826037
4   7   4   8   0.0000000070
4   7   5   7   -0.0000000070
4   7   5   8   -0.0014528777
4   8   2   9   -0.0000000039
4   8   2   10   0.0006060225
4   8   3   9   0.0044093505
4   8   3   10   -0.0000000039
4   8   4   7   0.0000000070
4   8   4   8   0.2730943062
4   8   5   7   -0.0007588358
4   8   5   8   0.0000000070
4   9   1   6   0.0830649972
4   9   2   7   0.0043541714
4   9   2   8   -0.0000000048
4   9   3   7   -0.0000000048
4   9   3   8   0.0028221730
4   9   4   9   0.3139770523
4   9   5   10   0.0199791305
4   10   2   7   0.0000000048
4   10   2   8   0.0007301693
4   10   3   7   0.0008018281
4   10   3   8   -0.0000000048
4   10   4   10   0.2722723381
4   10   5   9   0.0217256045
5   6   1   10   0.0830858324
5   6   5   6   0.2971670770
5   7   2   9   0.0000000039
5   7   2   10   0.0044093513
5   7   3   9   0.0006060225
5   7   3   10   0.0000000039
5   7   4   7   -0.0000000070
5   7   4   8   -0.0007588358
5   7   5   7   0.2730943147
5   7   5   8   -0.0000000070
5   8   2   9   0.0006309051
5   8   2   10   0.0000000039
5   8   3   9   -0.0000000039
5   8   3   10   0.0056462774
5   8   4   7   -0.0014528777
5   8   4   8   0.0000000070
5   8   5   7   -0.0000000070
5   8   5   8   0.2708825759
5   9   2   7   0.0000000048
5   9   2   8   0.0008018281
5   9   3   7   0.0007301693
5   9   3   8   -0.0000000048
5   9   4   10   0.0217256045
5   9   5   9   0.2722723381
5   10   1   6   0.0830649543
5   10   2   7   0.0028221740
5   10   2   8   0.0000000048
5   10   3   7   0.0000000048
5   10   3   8   0.0043541704
5   10   4   9   0.0199791305
5   10   5   10   0.3139770499

End IJKL Block
Begin IJAB Block
1   6   1   6   0.0361402695
1   6   2   7   0.0361402707
1   6   3   8   0.0023263285
1   6   4   9   0.0012886867
1   6   5   10   0.0012886859
1   7   1   8   0.0012245872
1   7   2   8   -0.0000000038
1   7   3   6   -0.0010378140
1   7   3   7   0.0000000032
1   8   1   8   -0.0000000038
1   8   2   8   -0.0012245873
1   8   3   6   0.0000000032
1   8   3   7   0.0010378149
1   9   3   9   -0.0015152831
1   9   3   10   0.0000000004
1   9   4   8   -0.0012261143
1   9   5   8   0.0000000003
1   10   3   9   0.0000000004
1   10   3   10   0.0015152816
1   10   4   8   0.0000000003
1   10   5   8   0.0012261126
2   6   1   8   -0.0010378140
2   6   2   8   0.0000000032
2   6   3   6   0.0012245872
2   6   3   7   -0.0000000038
2   7   1   6   0.0048993849
2   7   1   7   -0.0000000035
2   7   2   6   -0.0000000035
2   7   2   7   0.0037707510
2   7   3   8   0.0078113736
2   7   4   9   0.0044226148
2   7   4   10   0.0000000126
2   7   5   9   0.0000000126
2   7   5   10   0.0081292552
2   8   1   6   -0.0000000035
2   8   1   7   -0.0001743464
2   8   2   6   -0.0009542861
2   8   2   7   0.0000000035
2   8   4   9   0.0000000126
2   8   4   10   0.0022005784
2   8   5   9   0.0015060583
2   8   5   10   -0.0000000126
2   9   1   9   0.0003199379
2   9   1   10   0.0000000032
2   9   2   9   -0.0000000088
2   9   2   10   -0.0013484932
2   9   4   6   0.0010220870
2   9   4   7   -0.0000000179
2   9   5   6   0.0000000093
2   9   5   7   -0.0015559544
2   10   1   9   -0.0000000050
2   10   1   10   -0.0026703053
2   10   2   9   0.0010018728
2   10   2   10   0.0000000006
2   10   4   6   -0.0000000065
2   10   4   7   0.0029764402
2   10   5   6   -0.0055544882
2   10   5   7   0.0000000021
3   6   1   8   0.0000000032
3   6   2   8   0.0010378149
3   6   3   6   -0.0000000038
3   6   3   7   -0.0012245873
3   7   1   6   -0.0000000035
3   7   1   7   -0.0009542861
3   7   2   6   -0.0001743464
3   7   2   7   0.0000000035
3   7   4   9   0.0000000126
3   7   4   10   0.0015060583
3   7   5   9   0.0022005784
3   7   5   10   -0.0000000126
3   8   1   6   0.0037707499
3   8   1   7   0.0000000035
3   8   2   6   0.0000000035
3   8   2   7   0.0048993849
3   8   3   8   0.0078113779
3   8   4   9   0.0081292664
3   8   4   10   -0.0000000126
3   8   5   9   -0.0000000126
3   8   5   10   0.0044226128
3   9   1   9   -0.0000000006
3   9   1   10   0.0010018731
3   9   2   9   -0.0026703077
3   9   2   10   0.0000000050
3   9   4   6   -0.0000000021
3   9   4   7   -0.0055544845
3   9   5   6   0.0029764456
3   9   5   7   0.0000000065
3   10   1   9   -0.0013484933
3   10   1   10   0.0000000088
3   10   2   9   -0.0000000032
3   10   2   10   0.0003199386
3   10   4   6   -0.0015559569
3   10   4   7   -0.0000000093
3   10   5   6   0.0000000179
3   10   5   7   0.0010220921
4   6   3   9   -0.0012261143
4   6   3   10   0.0000000003
4   6   4   8   -0.0015152831
4   6   5   8   0.0000000004
4   7   1   9   0.0010220870
4   7   1   10   0.0000000093
4   7   2   9   -0.0000000179
4   7   2   10   -0.0015559544
4   7   4   6   0.0003199379
4   7   4   7   -0.0000000088
4   7   5   6   0.0000000032
4   7   5   7   -0.0013484932
4   8   1   9   -0.0000000021
4   8   1   10   0.0029764456
4   8   2   9   -0.0055544845
4   8   2   10   0.0000000065
4   8   4   6   -0.0000000006
4   8   4   7   -0.0026703077
4   8   5   6   0.0010018731
4   8   5   7   0.0000000050
4   9   1   6   0.0361737501
4   9   1   7   -0.0000000018
4   9   2   6   -0.0000000018
4   9   2   7   0.0622107260
4   9   3   8   0.0019926529
4   9   4   9   0.0020172133
4   9   4   10   -0.0000000003
4   9   5   9   -0.0000000003
4   9   5   10   0.0007192473
4   10   1   6   -0.0000000018
4   10   1   7   0.0358123717
4   10   2   6   -0.0097753775
4   10   2   7   0.0000000018
4   10   4   9   -0.0000000003
4   10   4   10   -0.0007821490
4   10   5   9   -0.0005158149
4   10   5   10   0.0000000003
5   6   3   9   0.0000000003
5   6   3   10   0.0012261126
5   6   4   8   0.0000000004
5   6   5   8   0.0015152816
5   7   1   9   -0.0000000065
5   7   1   10   -0.0055544882
5   7   2   9   0.0029764402
5   7   2   10   0.0000000021
5   7   4   6   -0.0000000050
5   7   4   7   0.0010018728
5   7   5   6   -0.0026703053
5   7   5   7   0.0000000006
5   8   1   9   -0.0015559569
5   8   1   10   0.0000000179
5   8   2   9   -0.0000000093
5   8   2   10   0.0010220921
5   8   4   6   -0.0013484933
5   8   4   7   -0.0000000032
5   8   5   6   0.0000000088
5   8   5   7   0.0003199386
5   9   1   6   -0.0000000018
5   9   1   7   -0.0097753775
5   9   2   6   0.0358123717
5   9   2   7   0.0000000018
5   9   4   9   -0.0000000003
5   9   4   10   -0.0005158149
5   9   5   9   -0.0007821490
5   9   5   10   0.0000000003
5   10   1   6   0.0622107442
5   10   1   7   0.0000000018
5   10   2   6   0.0000000018
5   10   2   7   0.0361737424
5   10   3   8   0.0019926498
5   10   4   9   0.0007192462
5   10   4   10   0.0000000003
5   10   5   9   0.0000000003
5   10   5   10   0.0020172115

End IJAB Block
Begin ABCD Block
1   6   1   6   0.2818699933
1   6   2   7   0.0124413270
1   6   3   8   0.0016337243
1   6   4   9   0.0007773375
1   6   4   10   0.0000000003
1   6   5   9   0.0000000003
1   6   5   10   0.0016930119
1   7   1   7   0.2567952423
1   7   2   6   0.0126334139
1   7   4   9   -0.0000000003
1   7   4   10   -0.0005640990
1   7   5   9   -0.0003515733
1   7   5   10   0.0000000003
1   8   1   8   0.1859418485
1   8   3   6   0.0018696550
1   9   1   9   0.1705298962
1   9   1   10   0.0000000033
1   9   2   9   -0.0000000033
1   9   2   10   -0.0053092749
1   9   4   6   0.0009196968
1   9   4   7   -0.0000000003
1   9   5   6   0.0000000003
1   9   5   7   -0.0003943140
1   10   1   9   0.0000000033
1   10   1   10   0.1812497141
1   10   2   9   -0.0054105392
1   10   2   10   0.0000000033
1   10   4   6   0.0000000003
1   10   4   7   -0.0006502499
1   10   5   6   0.0019642629
1   10   5   7   0.0000000003
2   6   1   7   0.0126334139
2   6   2   6   0.2567952423
2   6   4   9   -0.0000000003
2   6   4   10   -0.0003515733
2   6   5   9   -0.0005640990
2   6   5   10   0.0000000003
2   7   1   6   0.0124413270
2   7   2   7   0.2818699694
2   7   3   8   0.0016337276
2   7   4   9   0.0016930134
2   7   4   10   -0.0000000003
2   7   5   9   -0.0000000003
2   7   5   10   0.0007773384
2   8   2   8   0.1859418604
2   8   3   7   0.0018696583
2   9   1   9   -0.0000000033
2   9   1   10   -0.0054105392
2   9   2   9   0.1812497278
2   9   2   10   -0.0000000033
2   9   4   6   -0.0000000003
2   9   4   7   0.0019642645
2   9   5   6   -0.0006502499
2   9   5   7   -0.0000000003
2   10   1   9   -0.0053092749
2   10   1   10   0.0000000033
2   10   2   9   -0.0000000033
2   10   2   10   0.1705298940
2   10   4   6   -0.0003943140
2   10   4   7   -0.0000000003
2   10   5   6   0.0000000003
2   10   5   7   0.0009196976
3   6   1   8   0.0018696550
3   6   3   6   0.1859418485
3   7   2   8   0.0018696583
3   7   3   7   0.1859418604
3   8   1   6   0.0016337243
3   8   2   7   0.0016337276
3   8   3   8   0.1714106734
3   8   4   9   0.0556876435
3   8   5   10   0.0556875556
3   9   3   9   0.1673790695
3   9   4   8   0.0557159471
3   10   3   10   0.1673790227
3   10   5   8   0.0557158593
4   6   1   9   0.0009196968
4   6   1   10   0.0000000003
4   6   2   9   -0.0000000003
4   6   2   10   -0.0003943140
4   6   4   6   0.1705298962
4   6   4   7   -0.0000000033
4   6   5   6   0.0000000033
4   6   5   7   -0.0053092749
4   7   1   9   -0.0000000003
4   7   1   10   -0.0006502499
4   7   2   9   0.0019642645
4   7   2   10   -0.0000000003
4   7   4   6   -0.0000000033
4   7   4   7   0.1812497278
4   7   5   6   -0.0054105392
4   7   5   7   -0.0000000033
4   8   3   9   0.0557159471
4   8   4   8   0.1673790695
4   9   1   6   0.0007773375
4   9   1   7   -0.0000000003
4   9   2   6   -0.0000000003
4   9   2   7   0.0016930134
4   9   3   8   0.0556876435
4   9   4   9   0.1816491701
4   9   5   10   0.0168632676
4   10   1   6   0.0000000003
4   10   1   7   -0.0005640990
4   10   2   6   -0.0003515733
4   10   2   7   -0.0000000003
4   10   4   10   0.1479252135
4   10   5   9   0.0168606140
5   6   1   9   0.0000000003
5   6   1   10   0.0019642629
5   6   2   9   -0.0006502499
5   6   2   10   0.0000000003
5   6   4   6   0.0000000033
5   6   4   7   -0.0054105392
5   6   5   6   0.1812497141
5   6   5   7   0.0000000033
5   7   1   9   -0.0003943140
5   7   1   10   0.0000000003
5   7   2   9   -0.0000000003
5   7   2   10   0.0009196976
5   7   4   6   -0.0053092749
5   7   4   7   -0.0000000033
5   7   5   6   0.0000000033
5   7   5   7   0.1705298940
5   8   3   10   0.0557158593
5   8   5   8   0.1673790227
5   9   1   6   0.0000000003
5   9   1   7   -0.0003515733
5   9   2   6   -0.0005640990
5   9   2   7   -0.0000000003
5   9   4   10   0.0168606140
5   9   5   9   0.1479252135
5   10   1   6   0.0016930119
5   10   1   7   0.0000000003
5   10   2   6   0.0000000003
5   10   2   7   0.0007773384
5   10   3   8   0.0556875556
5   10   4   9   0.0168632676
5   10   5   10   0.1816491191

End ABCD Block
Begin AIJB Block
1   6   1   6   0.0342215744
1   6   2   8   -0.0002647278
1   6   3   8   0.0000000008
1   7   1   8   0.0014171789
1   7   2   6   0.0063405145
1   7   2   7   -0.0000000064
1   7   3   6   -0.0000000064
1   7   3   7   -0.0014897232
1   7   4   9   0.0013695209
1   7   4   10   0.0000000090
1   7   5   9   -0.0000000050
1   7   5   10   -0.0054018655
1   8   1   8   -0.0000000044
1   8   2   6   -0.0000000064
1   8   2   7   -0.0005901677
1   8   3   6   0.0042606202
1   8   3   7   0.0000000064
1   8   4   9   -0.0000000033
1   8   4   10   0.0029199010
1   8   5   9   -0.0011124440
1   8   5   10   0.0000000173
1   9   2   9   0.0001595423
1   9   2   10   0.0000000022
1   9   3   9   -0.0000000002
1   9   3   10   0.0006917110
1   9   4   6   0.0404136492
1   9   4   7   -0.0000000012
1   9   5   6   -0.0000000012
1   9   5   7   -0.0141497857
1   10   2   9   -0.0000000022
1   10   2   10   -0.0014115138
1   10   3   9   -0.0005602593
1   10   3   10   0.0000000046
1   10   4   6   -0.0000000012
1   10   4   7   0.0319000010
1   10   5   6   0.0581638664
1   10   5   7   0.0000000012
2   6   1   7   0.0342215722
2   6   2   8   0.0000000008
2   6   3   8   0.0002647285
2   7   1   8   -0.0000000044
2   7   2   6   -0.0000000064
2   7   2   7   0.0042606213
2   7   3   6   -0.0005901677
2   7   3   7   0.0000000064
2   7   4   9   -0.0000000173
2   7   4   10   -0.0011124418
2   7   5   9   0.0029198954
2   7   5   10   0.0000000033
2   8   1   8   -0.0014171789
2   8   2   6   -0.0014897232
2   8   2   7   0.0000000064
2   8   3   6   0.0000000064
2   8   3   7   0.0063405152
2   8   4   9   -0.0054018614
2   8   4   10   0.0000000050
2   8   5   9   -0.0000000090
2   8   5   10   0.0013695263
2   9   2   9   -0.0000000046
2   9   2   10   -0.0005602595
2   9   3   9   -0.0014115151
2   9   3   10   0.0000000022
2   9   4   6   -0.0000000012
2   9   4   7   0.0581638458
2   9   5   6   0.0319000010
2   9   5   7   0.0000000012
2   10   2   9   0.0006917108
2   10   2   10   0.0000000002
2   10   3   9   -0.0000000022
2   10   3   10   0.0001595432
2   10   4   6   -0.0141497857
2   10   4   7   0.0000000012
2   10   5   6   0.0000000012
2   10   5   7   0.0404136414
3   6   1   8   0.0023262230
3   6   2   6   0.0014171789
3   6   2   7   -0.0000000044
3   6   3   6   -0.0000000044
3   6   3   7   -0.0014171789
3   6   4   9   -0.0014449345
3   6   4   10   0.0000000004
3   6   5   9   0.0000000004
3   6   5   10   0.0014449326
3   7   1   6   -0.0002647278
3   7   1   7   0.0000000008
3   7   2   8   0.0062093650
3   8   1   6   0.0000000008
3   8   1   7   0.0002647285
3   8   3   8   0.0062093683
3   9   1   9   -0.0017097254
3   9   1   10   0.0000000004
3   9   4   8   0.0020935560
3   10   1   9   0.0000000004
3   10   1   10   0.0017097236
3   10   5   8   0.0020935531
4   6   1   9   0.0013129337
4   6   4   8   -0.0017097254
4   6   5   8   0.0000000004
4   7   2   9   0.0036081399
4   7   2   10   0.0000000108
4   7   3   9   0.0000000108
4   7   3   10   0.0012737363
4   7   4   6   0.0001595423
4   7   4   7   -0.0000000046
4   7   5   6   -0.0000000022
4   7   5   7   0.0006917108
4   8   2   9   0.0000000108
4   8   2   10   0.0019075438
4   8   3   9   0.0067894320
4   8   3   10   -0.0000000108
4   8   4   6   -0.0000000002
4   8   4   7   -0.0014115151
4   8   5   6   -0.0005602593
4   8   5   7   -0.0000000022
4   9   1   8   -0.0014449345
4   9   2   6   0.0013695209
4   9   2   7   -0.0000000173
4   9   3   6   -0.0000000033
4   9   3   7   -0.0054018614
4   9   4   9   0.0022309027
4   9   4   10   -0.0000000004
4   9   5   9   -0.0000000004
4   9   5   10   -0.0006622493
4   10   1   8   0.0000000004
4   10   2   6   -0.0000000050
4   10   2   7   0.0029198954
4   10   3   6   -0.0011124440
4   10   3   7   -0.0000000090
4   10   4   9   -0.0000000004
4   10   4   10   -0.0008989634
4   10   5   9   0.0006696868
4   10   5   10   0.0000000004
5   6   1   10   0.0013129326
5   6   4   8   0.0000000004
5   6   5   8   0.0017097236
5   7   2   9   0.0000000108
5   7   2   10   0.0067894242
5   7   3   9   0.0019075438
5   7   3   10   -0.0000000108
5   7   4   6   0.0000000022
5   7   4   7   -0.0005602595
5   7   5   6   -0.0014115138
5   7   5   7   0.0000000002
5   8   2   9   0.0012737363
5   8   2   10   -0.0000000108
5   8   3   9   -0.0000000108
5   8   3   10   0.0036081389
5   8   4   6   0.0006917110
5   8   4   7   0.0000000022
5   8   5   6   0.0000000046
5   8   5   7   0.0001595432
5   9   1   8   0.0000000004
5   9   2   6   0.0000000090
5   9   2   7   -0.0011124418
5   9   3   6   0.0029199010
5   9   3   7   0.0000000050
5   9   4   9   -0.0000000004
5   9   4   10   0.0006696877
5   9   5   9   -0.0008989634
5   9   5   10   0.0000000004
5   10   1   8   0.0014449326
5   10   2   6   -0.0054018655
5   10   2   7   0.0000000033
5   10   3   6   0.0000000173
5   10   3   7   0.0013695263
5   10   4   9   -0.0006622493
5   10   4   10   0.0000000004
5   10   5   9   0.0000000004
5   10   5   10   0.0022309007

1   6   6   1   -0.2855083759
1   6   7   3   -0.0003287613
1   6   8   3   0.0000000010
1   7   6   3   -0.0002125789
1   7   7   1   -0.2678037904
1   7   7   2   0.0000000182
1   7   8   1   0.0000000182
1   7   8   2   0.0025139096
1   7   9   4   -0.0000934375
1   7   9   5   -0.0000000021
1   7   10   4   0.0000000012
1   7   10   5   0.0010598800
1   8   6   3   0.0000000007
1   8   7   1   0.0000000182
1   8   7   2   0.0033572364
1   8   8   1   -0.2619326206
1   8   8   2   -0.0000000182
1   8   9   4   0.0000000001
1   8   9   5   -0.0006756643
1   8   10   4   0.0002907784
1   8   10   5   -0.0000000034
1   9   7   4   -0.0000542637
1   9   7   5   -0.0000000024
1   9   8   4   -0.0000000001
1   9   8   5   -0.0007648432
1   9   9   1   -0.2703718658
1   9   9   2   0.0000000018
1   9   10   1   0.0000000018
1   9   10   2   -0.0137792501
1   10   7   4   0.0000000014
1   10   7   5   0.0011616701
1   10   8   4   0.0003425637
1   10   8   5   -0.0000000038
1   10   9   1   0.0000000018
1   10   9   2   -0.0130185742
1   10   10   1   -0.2971696793
1   10   10   2   -0.0000000018
2   6   6   2   -0.2855083666
2   6   7   3   0.0000000010
2   6   8   3   0.0003287617
2   7   6   3   0.0000000007
2   7   7   1   0.0000000182
2   7   7   2   -0.2619326275
2   7   8   1   0.0033572364
2   7   8   2   -0.0000000182
2   7   9   4   0.0000000034
2   7   9   5   0.0002907779
2   7   10   4   -0.0006756649
2   7   10   5   -0.0000000001
2   8   6   3   0.0002125792
2   8   7   1   0.0025139096
2   8   7   2   -0.0000000182
2   8   8   1   -0.0000000182
2   8   8   2   -0.2678037702
2   8   9   4   0.0010598800
2   8   9   5   -0.0000000012
2   8   10   4   0.0000000021
2   8   10   5   -0.0000934381
2   9   7   4   0.0000000038
2   9   7   5   0.0003425630
2   9   8   4   0.0011616698
2   9   8   5   -0.0000000014
2   9   9   1   0.0000000018
2   9   9   2   -0.2971696624
2   9   10   1   -0.0130185742
2   9   10   2   -0.0000000018
2   10   7   4   -0.0007648436
2   10   7   5   0.0000000001
2   10   8   4   0.0000000024
2   10   8   5   -0.0000542643
2   10   9   1   -0.0137792501
2   10   9   2   -0.0000000018
2   10   10   1   -0.0000000018
2   10   10   2   -0.2703718490
3   6   6   3   -0.1901605185
3   6   7   1   -0.0002125789
3   6   7   2   0.0000000007
3   6   8   1   0.0000000007
3   6   8   2   0.0002125792
3   6   9   4   0.0394331455
3   6   9   5   -0.0000000096
3   6   10   4   -0.0000000096
3   6   10   5   -0.0394331011
3   7   6   1   -0.0003287613
3   7   6   2   0.0000000010
3   7   7   3   -0.1954751788
3   8   6   1   0.0000000010
3   8   6   2   0.0003287617
3   8   8   3   -0.1954751940
3   9   6   4   0.0394299009
3   9   6   5   -0.0000000096
3   9   9   3   -0.1898315105
3   10   6   4   -0.0000000096
3   10   6   5   -0.0394298564
3   10   10   3   -0.1898314888
4   6   6   4   -0.1778983888
4   6   9   3   0.0394299009
4   6   10   3   -0.0000000096
4   7   7   4   -0.1787056399
4   7   7   5   -0.0000000440
4   7   8   4   -0.0000000440
4   7   8   5   -0.0064570430
4   7   9   1   -0.0000542637
4   7   9   2   0.0000000038
4   7   10   1   0.0000000014
4   7   10   2   -0.0007648436
4   8   7   4   -0.0000000440
4   8   7   5   -0.0064592740
4   8   8   4   -0.1916219876
4   8   8   5   0.0000000440
4   8   9   1   -0.0000000001
4   8   9   2   0.0011616698
4   8   10   1   0.0003425637
4   8   10   2   0.0000000024
4   9   6   3   0.0394331455
4   9   7   1   -0.0000934375
4   9   7   2   0.0000000034
4   9   8   1   0.0000000001
4   9   8   2   0.0010598800
4   9   9   4   -0.1867218586
4   9   9   5   0.0000000041
4   9   10   4   0.0000000041
4   9   10   5   0.0084164208
4   10   6   3   -0.0000000096
4   10   7   1   0.0000000012
4   10   7   2   -0.0006756649
4   10   8   1   0.0002907784
4   10   8   2   0.0000000021
4   10   9   4   0.0000000041
4   10   9   5   0.0083260505
4   10   10   4   -0.1699793660
4   10   10   5   -0.0000000041
5   6   6   5   -0.1778983751
5   6   9   3   -0.0000000096
5   6   10   3   -0.0394298564
5   7   7   4   -0.0000000440
5   7   7   5   -0.1916219602
5   7   8   4   -0.0064592740
5   7   8   5   0.0000000440
5   7   9   1   -0.0000000024
5   7   9   2   0.0003425630
5   7   10   1   0.0011616701
5   7   10   2   0.0000000001
5   8   7   4   -0.0064570430
5   8   7   5   0.0000000440
5   8   8   4   0.0000000440
5   8   8   5   -0.1787056276
5   8   9   1   -0.0007648432
5   8   9   2   -0.0000000014
5   8   10   1   -0.0000000038
5   8   10   2   -0.0000542643
5   9   6   3   -0.0000000096
5   9   7   1   -0.0000000021
5   9   7   2   0.0002907779
5   9   8   1   -0.0006756643
5   9   8   2   -0.0000000012
5   9   9   4   0.0000000041
5   9   9   5   -0.1699793706
5   9   10   4   0.0083260505
5   9   10   5   -0.0000000041
5   10   6   3   -0.0394331011
5   10   7   1   0.0010598800
5   10   7   2   -0.0000000001
5   10   8   1   -0.0000000034
5   10   8   2   -0.0000934381
5   10   9   4   0.0084164208
5   10   9   5   -0.0000000041
5   10   10   4   -0.0000000041
5   10   10   5   -0.1867218366

End AIJB Block
Begin IJKA Block
1   6   1   7   0.0000000028
1   6   3   8   0.0000000006
1   7   2   6   -0.0000000054
1   7   2   7   0.0008458613
1   7   3   6   -0.0008458613
1   7   3   7   -0.0000000054
1   7   4   9   -0.0000000108
1   7   4   10   0.0037739178
1   7   5   9   -0.0037739114
1   7   5   10   -0.0000000108
1   8   1   8   0.0000000209
1   8   2   6   -0.0008458614
1   8   2   7   -0.0000000054
1   8   3   6   0.0000000054
1   8   3   7   -0.0008458605
1   8   4   9   -0.0037739138
1   8   4   10   -0.0000000108
1   8   5   9   0.0000000108
1   8   5   10   -0.0037739194
1   9   2   9   -0.0000000015
1   9   2   10   0.0005312298
1   9   3   9   -0.0005312296
1   9   3   10   -0.0000000015
1   9   4   6   0.0000000002
1   9   4   7   0.0495808558
1   9   5   6   -0.0495808560
1   9   5   7   0.0000000002
1   10   2   9   -0.0005312296
1   10   2   10   -0.0000000015
1   10   3   9   0.0000000015
1   10   3   10   -0.0005312303
1   10   4   6   -0.0495808695
1   10   4   7   0.0000000002
1   10   5   6   -0.0000000002
1   10   5   7   -0.0495808482
2   6   2   6   0.0000000098
2   6   2   7   -0.0015419674
2   6   3   6   0.0015419659
2   6   3   7   0.0000000098
2   6   4   9   -0.0000000021
2   6   4   10   0.0007404034
2   6   5   9   -0.0007404031
2   6   5   10   -0.0000000021
2   7   1   6   -0.0000000048
2   7   1   7   0.0007611774
2   7   2   8   0.0000000226
2   7   3   8   0.0024005559
2   8   1   6   -0.0007611775
2   8   1   7   -0.0000000048
2   8   2   8   0.0024005763
2   8   3   8   -0.0000000226
2   9   1   9   -0.0000000017
2   9   1   10   0.0005874944
2   9   4   8   0.0000000003
2   9   5   8   0.0000912938
2   10   1   9   -0.0005874942
2   10   1   10   -0.0000000017
2   10   4   8   0.0000912943
2   10   5   8   -0.0000000003
3   6   1   8   0.0000000006
3   6   2   6   0.0015419660
3   6   2   7   0.0000000098
3   6   3   6   -0.0000000098
3   6   3   7   0.0015419754
3   6   4   9   -0.0007404040
3   6   4   10   -0.0000000021
3   6   5   9   0.0000000021
3   6   5   10   -0.0007404037
3   7   1   6   -0.0007611773
3   7   1   7   -0.0000000048
3   7   2   8   0.0024005561
3   7   3   8   -0.0000000226
3   8   1   6   0.0000000048
3   8   1   7   -0.0007611764
3   8   2   8   -0.0000000226
3   8   3   8   -0.0024005362
3   9   1   9   -0.0005874944
3   9   1   10   -0.0000000017
3   9   4   8   0.0000912955
3   9   5   8   -0.0000000003
3   10   1   9   0.0000000017
3   10   1   10   -0.0005874948
3   10   4   8   -0.0000000003
3   10   5   8   -0.0000912928
4   6   2   9   -0.0000000019
4   6   2   10   0.0006560127
4   6   3   9   -0.0006560132
4   6   3   10   -0.0000000019
4   6   4   6   0.0000000001
4   6   4   7   0.0227209026
4   6   5   6   -0.0227209130
4   6   5   7   0.0000000001
4   7   1   9   -0.0000000108
4   7   1   10   0.0037939020
4   7   4   8   -0.0000000027
4   7   5   8   -0.0008850031
4   8   1   9   -0.0037938984
4   8   1   10   -0.0000000108
4   8   4   8   -0.0008849807
4   8   5   8   0.0000000027
4   9   1   6   0.0000000002
4   9   1   7   0.0506479536
4   9   2   8   -0.0000000001
4   9   3   8   -0.0000377627
4   10   1   6   -0.0506479663
4   10   1   7   0.0000000002
4   10   2   8   -0.0000377637
4   10   3   8   0.0000000001
5   6   2   9   -0.0006560123
5   6   2   10   -0.0000000019
5   6   3   9   0.0000000019
5   6   3   10   -0.0006560131
5   6   4   6   -0.0227209128
5   6   4   7   0.0000000001
5   6   5   6   -0.0000000001
5   6   5   7   -0.0227209082
5   7   1   9   -0.0037938958
5   7   1   10   -0.0000000108
5   7   4   8   -0.0008850032
5   7   5   8   0.0000000027
5   8   1   9   0.0000000108
5   8   1   10   -0.0037939037
5   8   4   8   0.0000000027
5   8   5   8   0.0008850249
5   9   1   6   -0.0506479519
5   9   1   7   0.0000000002
5   9   2   8   -0.0000377643
5   9   3   8   0.0000000001
5   10   1   6   -0.0000000002
5   10   1   7   -0.0506479456
5   10   2   8   0.0000000001
5   10   3   8   0.0000377653

End IJKA Block
Begin IABC Block
1   6   1   6   0.0000000024
1   6   1   7   -0.0182703997
1   6   2   6   -0.0182703997
1   6   2   7   -0.0000000024
1   6   4   9   0.0000000004
1   6   4   10   0.0008838705
1   6   5   9   0.0008838705
1   6   5   10   -0.0000000004
1   7   1   6   -0.0182703988
1   7   1   7   -0.0000000024
1   7   2   6   -0.0000000024
1   7   2   7   0.0182703963
1   7   3   8   0.0000000017
1   7   4   9   0.0008838729
1   7   4   10   -0.0000000004
1   7   5   9   -0.0000000004
1   7   5   10   -0.0008838709
1   8   2   8   0.0000000118
1   8   3   7   0.0000000018
1   9   1   9   0.0000000046
1   9   1   10   0.0093162787
1   9   2   9   0.0093162935
1   9   2   10   -0.0000000046
1   9   4   6   0.0000000005
1   9   4   7   0.0009918319
1   9   5   6   0.0009918294
1   9   5   7   -0.0000000005
1   10   1   9   0.0093162789
1   10   1   10   -0.0000000046
1   10   2   9   -0.0000000046
1   10   2   10   -0.0093162785
1   10   4   6   0.0009918294
1   10   4   7   -0.0000000005
1   10   5   6   -0.0000000005
1   10   5   7   -0.0009918298
2   6   1   8   -0.0000000032
2   6   2   8   0.0010007805
2   6   3   6   -0.0000000022
2   6   3   7   0.0006697434
2   7   1   8   0.0010007821
2   7   2   8   0.0000000032
2   7   3   6   0.0006697436
2   7   3   7   0.0000000022
2   8   1   6   -0.0000000032
2   8   1   7   0.0009903652
2   8   2   6   0.0009903637
2   8   2   7   0.0000000032
2   8   4   9   -0.0000000128
2   8   4   10   0.0048935185
2   8   5   9   0.0048935169
2   8   5   10   0.0000000128
2   9   3   9   -0.0000000151
2   9   3   10   0.0057938409
2   9   4   8   -0.0000000127
2   9   5   8   0.0048614839
2   10   3   9   0.0057938408
2   10   3   10   0.0000000151
2   10   4   8   0.0048614854
2   10   5   8   0.0000000127
3   6   1   8   -0.0010007791
3   6   2   8   -0.0000000032
3   6   3   6   -0.0006697226
3   6   3   7   -0.0000000022
3   7   1   8   -0.0000000032
3   7   2   8   0.0010007820
3   7   3   6   -0.0000000022
3   7   3   7   0.0006697620
3   8   1   6   -0.0009903623
3   8   1   7   -0.0000000032
3   8   2   6   -0.0000000032
3   8   2   7   0.0009903652
3   8   3   8   -0.0000000018
3   8   4   9   -0.0048935347
3   8   4   10   -0.0000000128
3   8   5   9   -0.0000000128
3   8   5   10   0.0048935122
3   9   3   9   -0.0057938481
3   9   3   10   -0.0000000151
3   9   4   8   -0.0048615017
3   9   5   8   -0.0000000127
3   10   3   9   -0.0000000151
3   10   3   10   0.0057938475
3   10   4   8   -0.0000000127
3   10   5   8   0.0048614792
4   6   3   9   -0.0000000003
4   6   3   10   -0.0010884033
4   6   4   8   -0.0000000002
4   6   5   8   -0.0009702175
4   7   3   9   -0.0010884065
4   7   3   10   0.0000000003
4   7   4   8   -0.0009702203
4   7   5   8   0.0000000002
4   8   1   9   -0.0000000064
4   8   1   10   -0.0261426486
4   8   2   9   -0.0261426752
4   8   2   10   0.0000000064
4   8   4   6   -0.0000000002
4   8   4   7   -0.0009866135
4   8   5   6   -0.0009866104
4   8   5   7   0.0000000002
4   9   1   8   -0.0000000064
4   9   2   8   -0.0260809590
4   9   3   6   -0.0000000003
4   9   3   7   -0.0011525496
4   10   1   8   -0.0260809324
4   10   2   8   0.0000000064
4   10   3   6   -0.0011525462
4   10   3   7   0.0000000003
5   6   3   9   0.0010884024
5   6   3   10   -0.0000000003
5   6   4   8   0.0009702166
5   6   5   8   -0.0000000002
5   7   3   9   -0.0000000003
5   7   3   10   -0.0010884032
5   7   4   8   -0.0000000002
5   7   5   8   -0.0009702176
5   8   1   9   0.0261426645
5   8   1   10   -0.0000000064
5   8   2   9   -0.0000000064
5   8   2   10   -0.0261426452
5   8   4   6   0.0009866094
5   8   4   7   -0.0000000002
5   8   5   6   -0.0000000002
5   8   5   7   -0.0009866104
5   9   1   8   0.0260809483
5   9   2   8   -0.0000000064
5   9   3   6   0.0011525451
5   9   3   7   -0.0000000003
5   10   1   8   -0.0000000064
5   10   2   8   -0.0260809290
5   10   3   6   -0.0000000003
5   10   3   7   -0.0011525460

End IABC Block
