Begin IJ Block
1   1   -27.5055774858
1   3   0.4624033039
1   4   0.0000000000
1   5   0.2335687002
2   2   -27.5063480978
2   3   0.0000000000
2   4   -0.4938139920
2   5   0.0000000000
3   3   -9.4153169563
3   5   0.8590748958
4   4   -7.5606047755
5   5   -7.6785291759
6   6   -7.6811597144
7   7   -7.6811597144

End IJ Block
Begin IA Block
1   3   0.0000000000
1   4   0.0347898781
2   3   -0.2635410013
3   4   0.6558623919
4   3   -1.0339853697
5   4   -1.3776262452
6   5   -1.5456942578
6   6   -0.8811715530
7   5   0.8811715530
7   6   -1.5456942578

End IA Block
Begin AB Block
1   1   -6.9546172295
2   2   -6.9546172295
3   3   -5.1581488824
4   4   -5.2131288801
5   5   -5.8143582147
6   6   -5.8143582147

End AB Block
Begin IJKL Block
1   8   1   8   2.2813719285
1   8   1   9   -0.0000000001
1   8   1   10   -0.1933559090
1   8   1   11   -0.0000000000
1   8   1   12   -0.0703034367
1   8   2   8   -0.0000000001
1   8   2   9   1.8420839895
1   8   2   10   0.0000000000
1   8   2   11   0.1843640759
1   8   2   12   0.0000000000
1   8   3   8   -0.1933559090
1   8   3   9   0.0000000000
1   8   3   10   0.0316469787
1   8   3   11   0.0000000000
1   8   3   12   0.0037593578
1   8   4   8   -0.0000000000
1   8   4   9   0.1843640759
1   8   4   10   0.0000000000
1   8   4   11   0.0286186730
1   8   5   8   -0.0703034367
1   8   5   9   0.0000000000
1   8   5   10   0.0037593578
1   8   5   12   0.0159114072
1   8   6   13   0.0105770281
1   8   7   14   0.0105770281
1   9   1   8   -0.0000000001
1   9   1   9   2.2818834352
1   9   1   10   0.0000000000
1   9   1   11   0.1900619666
1   9   1   12   0.0000000000
1   9   2   8   1.8421494371
1   9   2   9   0.0000000001
1   9   2   10   -0.2006244836
1   9   2   11   0.0000000000
1   9   2   12   -0.0566078138
1   9   3   8   0.0000000000
1   9   3   9   -0.1933787919
1   9   3   11   -0.0255279806
1   9   4   8   0.1843253048
1   9   4   9   0.0000000000
1   9   4   10   -0.0257175727
1   9   4   12   -0.0138701870
1   9   5   8   0.0000000000
1   9   5   9   -0.0703260167
1   9   5   11   -0.0142305053
1   10   1   8   -0.1933559090
1   10   1   9   0.0000000000
1   10   1   10   0.7872296275
1   10   1   11   0.0000000000
1   10   1   12   -0.0837519104
1   10   2   8   0.0000000000
1   10   2   9   -0.2006701691
1   10   2   11   -0.1955843280
1   10   3   8   0.0330098849
1   10   3   10   0.0024513478
1   10   3   12   -0.0077806752
1   10   4   8   0.0000000000
1   10   4   9   -0.0262463208
1   10   4   11   -0.0047727704
1   10   5   8   0.0032598600
1   10   5   10   -0.0263624025
1   10   5   12   0.0155125493
1   10   6   13   0.0148809221
1   10   7   14   0.0148809221
1   11   1   8   -0.0000000000
1   11   1   9   0.1900619666
1   11   1   10   0.0000000000
1   11   1   11   0.6581627895
1   11   1   12   0.0000000000
1   11   2   8   0.1843253048
1   11   2   9   0.0000000000
1   11   2   10   -0.1956190606
1   11   2   12   -0.2445906985
1   11   3   8   0.0000000000
1   11   3   9   -0.0260818114
1   11   3   11   -0.0120334963
1   11   4   8   0.0297065964
1   11   4   10   -0.0045570757
1   11   4   12   0.0020896095
1   11   5   9   -0.0151186941
1   11   5   11   0.0047563980
1   12   1   8   -0.0703034367
1   12   1   9   0.0000000000
1   12   1   10   -0.0837519104
1   12   1   11   0.0000000000
1   12   1   12   0.6814756897
1   12   2   8   0.0000000000
1   12   2   9   -0.0566096917
1   12   2   11   -0.2445853958
1   12   3   8   0.0032598600
1   12   3   10   -0.0080761170
1   12   3   12   -0.0078118647
1   12   4   9   -0.0147564635
1   12   4   11   0.0022800752
1   12   5   8   0.0172796554
1   12   5   10   0.0158171857
1   12   5   12   0.0010338957
1   12   6   13   0.0035118144
1   12   7   14   0.0035118144
1   13   1   13   0.6568301628
1   13   3   13   -0.0011754772
1   13   5   13   -0.0091619422
1   13   6   8   0.0119702075
1   13   6   10   0.0153046431
1   13   6   12   0.0038305619
1   14   1   14   0.6568301628
1   14   3   14   -0.0011754772
1   14   5   14   -0.0091619422
1   14   7   8   0.0119702075
1   14   7   10   0.0153046431
1   14   7   12   0.0038305619
2   8   1   8   -0.0000000001
2   8   1   9   1.8421494371
2   8   1   10   0.0000000000
2   8   1   11   0.1843253048
2   8   1   12   0.0000000000
2   8   2   8   2.2818834352
2   8   2   9   0.0000000001
2   8   2   10   -0.1933787919
2   8   2   11   0.0000000000
2   8   2   12   -0.0703260167
2   8   3   8   0.0000000000
2   8   3   9   -0.2006244836
2   8   3   11   -0.0257175727
2   8   4   8   0.1900619666
2   8   4   9   0.0000000000
2   8   4   10   -0.0255279806
2   8   4   12   -0.0142305053
2   8   5   8   0.0000000000
2   8   5   9   -0.0566078138
2   8   5   11   -0.0138701870
2   9   1   8   1.8420839895
2   9   1   9   0.0000000001
2   9   1   10   -0.2006701691
2   9   1   11   0.0000000000
2   9   1   12   -0.0566096917
2   9   2   8   0.0000000001
2   9   2   9   2.2822641579
2   9   2   10   -0.0000000000
2   9   2   11   0.1901679318
2   9   2   12   -0.0000000000
2   9   3   8   -0.2006701691
2   9   3   9   -0.0000000000
2   9   3   10   0.0313895776
2   9   3   11   -0.0000000000
2   9   3   12   0.0042455596
2   9   4   8   0.0000000000
2   9   4   9   0.1901679318
2   9   4   10   -0.0000000000
2   9   4   11   0.0287654070
2   9   5   8   -0.0566096917
2   9   5   9   -0.0000000000
2   9   5   10   0.0042455596
2   9   5   12   0.0150075444
2   9   6   13   0.0101340823
2   9   7   14   0.0101340823
2   10   1   8   0.0000000000
2   10   1   9   -0.2006244836
2   10   1   11   -0.1956190606
2   10   2   8   -0.1933787919
2   10   2   9   -0.0000000000
2   10   2   10   0.7872280192
2   10   2   11   -0.0000000000
2   10   2   12   -0.0837000949
2   10   3   9   0.0328117185
2   10   3   11   0.0085157635
2   10   4   8   -0.0260818114
2   10   4   9   -0.0000000000
2   10   4   10   0.0181302897
2   10   4   12   -0.0062576181
2   10   5   9   0.0037314340
2   10   5   11   -0.0014988784
2   11   1   8   0.1843640759
2   11   1   9   0.0000000000
2   11   1   10   -0.1955843280
2   11   1   12   -0.2445853958
2   11   2   8   0.0000000000
2   11   2   9   0.1901679318
2   11   2   10   -0.0000000000
2   11   2   11   0.6581612571
2   11   2   12   -0.0000000000
2   11   3   8   -0.0262463208
2   11   3   9   -0.0000000000
2   11   3   10   0.0089536819
2   11   3   12   0.0131101645
2   11   4   9   0.0298463735
2   11   4   11   0.0049366848
2   11   5   8   -0.0147564635
2   11   5   10   -0.0018288764
2   11   5   12   -0.0151316861
2   11   6   13   -0.0102299504
2   11   7   14   -0.0102299504
2   12   1   8   0.0000000000
2   12   1   9   -0.0566078138
2   12   1   11   -0.2445906985
2   12   2   8   -0.0703260167
2   12   2   9   -0.0000000000
2   12   2   10   -0.0837000949
2   12   2   11   -0.0000000000
2   12   2   12   0.6814756371
2   12   3   9   0.0037314340
2   12   3   11   0.0132911235
2   12   4   8   -0.0151186941
2   12   4   10   -0.0063838767
2   12   4   12   0.0049732292
2   12   5   9   0.0164015984
2   12   5   11   -0.0152386260
2   13   2   13   0.6568287432
2   13   4   13   0.0077548683
2   13   6   9   0.0115494119
2   13   6   11   -0.0107675712
2   14   2   14   0.6568287432
2   14   4   14   0.0077548683
2   14   7   9   0.0115494119
2   14   7   11   -0.0107675712
3   8   1   8   -0.1933559090
3   8   1   9   0.0000000000
3   8   1   10   0.0330098849
3   8   1   11   0.0000000000
3   8   1   12   0.0032598600
3   8   2   8   0.0000000000
3   8   2   9   -0.2006701691
3   8   2   11   -0.0262463208
3   8   3   8   0.7872296275
3   8   3   10   0.0024513478
3   8   3   12   -0.0263624025
3   8   4   8   0.0000000000
3   8   4   9   -0.1955843280
3   8   4   11   -0.0047727704
3   8   5   8   -0.0837519104
3   8   5   10   -0.0077806752
3   8   5   12   0.0155125493
3   8   6   13   0.0148809221
3   8   7   14   0.0148809221
3   9   1   8   0.0000000000
3   9   1   9   -0.1933787919
3   9   1   11   -0.0260818114
3   9   2   8   -0.2006244836
3   9   2   9   -0.0000000000
3   9   2   10   0.0328117185
3   9   2   11   -0.0000000000
3   9   2   12   0.0037314340
3   9   3   9   0.7872280192
3   9   3   11   0.0181302897
3   9   4   8   -0.1956190606
3   9   4   9   -0.0000000000
3   9   4   10   0.0085157635
3   9   4   12   -0.0014988784
3   9   5   9   -0.0837000949
3   9   5   11   -0.0062576181
3   10   1   8   0.0316469787
3   10   1   10   0.0024513478
3   10   1   12   -0.0080761170
3   10   2   9   0.0313895776
3   10   2   11   0.0089536819
3   10   3   8   0.0024513478
3   10   3   10   0.7475995679
3   10   3   12   -0.1295353881
3   10   4   9   0.0089536819
3   10   4   11   0.0679145543
3   10   5   8   -0.0080761170
3   10   5   10   -0.1295353881
3   10   5   12   0.0648436427
3   10   6   13   0.0872757153
3   10   7   14   0.0872757153
3   11   1   8   0.0000000000
3   11   1   9   -0.0255279806
3   11   1   11   -0.0120334963
3   11   2   8   -0.0257175727
3   11   2   9   -0.0000000000
3   11   2   10   0.0085157635
3   11   2   12   0.0132911235
3   11   3   9   0.0181302897
3   11   3   11   0.5075297762
3   11   4   8   -0.0045570757
3   11   4   10   0.0699900523
3   11   4   12   0.0981063050
3   11   5   9   -0.0063838767
3   11   5   11   -0.0037600404
3   12   1   8   0.0037593578
3   12   1   10   -0.0077806752
3   12   1   12   -0.0078118647
3   12   2   9   0.0042455596
3   12   2   11   0.0131101645
3   12   3   8   -0.0263624025
3   12   3   10   -0.1295353881
3   12   3   12   0.5477000015
3   12   4   9   -0.0018288764
3   12   4   11   0.0994380424
3   12   5   8   0.0158171857
3   12   5   10   0.0672449600
3   12   5   12   -0.0277773566
3   12   6   13   0.0101590032
3   12   7   14   0.0101590032
3   13   1   13   -0.0011754772
3   13   3   13   0.5890413545
3   13   5   13   -0.0538719090
3   13   6   8   0.0153046431
3   13   6   10   0.0893719470
3   13   6   12   0.0104386197
3   14   1   14   -0.0011754772
3   14   3   14   0.5890413545
3   14   5   14   -0.0538719090
3   14   7   8   0.0153046431
3   14   7   10   0.0893719470
3   14   7   12   0.0104386197
4   8   1   8   -0.0000000000
4   8   1   9   0.1843253048
4   8   1   10   0.0000000000
4   8   1   11   0.0297065964
4   8   2   8   0.1900619666
4   8   2   9   0.0000000000
4   8   2   10   -0.0260818114
4   8   2   12   -0.0151186941
4   8   3   8   0.0000000000
4   8   3   9   -0.1956190606
4   8   3   11   -0.0045570757
4   8   4   8   0.6581627895
4   8   4   10   -0.0120334963
4   8   4   12   0.0047563980
4   8   5   8   0.0000000000
4   8   5   9   -0.2445906985
4   8   5   11   0.0020896095
4   9   1   8   0.1843640759
4   9   1   9   0.0000000000
4   9   1   10   -0.0262463208
4   9   1   12   -0.0147564635
4   9   2   8   0.0000000000
4   9   2   9   0.1901679318
4   9   2   10   -0.0000000000
4   9   2   11   0.0298463735
4   9   3   8   -0.1955843280
4   9   3   9   -0.0000000000
4   9   3   10   0.0089536819
4   9   3   12   -0.0018288764
4   9   4   9   0.6581612571
4   9   4   11   0.0049366848
4   9   5   8   -0.2445853958
4   9   5   9   -0.0000000000
4   9   5   10   0.0131101645
4   9   5   12   -0.0151316861
4   9   6   13   -0.0102299504
4   9   7   14   -0.0102299504
4   10   1   8   0.0000000000
4   10   1   9   -0.0257175727
4   10   1   11   -0.0045570757
4   10   2   8   -0.0255279806
4   10   2   9   -0.0000000000
4   10   2   10   0.0181302897
4   10   2   12   -0.0063838767
4   10   3   9   0.0085157635
4   10   3   11   0.0699900523
4   10   4   8   -0.0120334963
4   10   4   10   0.5075297762
4   10   4   12   -0.0037600404
4   10   5   9   0.0132911235
4   10   5   11   0.0981063050
4   11   1   8   0.0286186730
4   11   1   10   -0.0047727704
4   11   1   12   0.0022800752
4   11   2   9   0.0287654070
4   11   2   11   0.0049366848
4   11   3   8   -0.0047727704
4   11   3   10   0.0679145543
4   11   3   12   0.0994380424
4   11   4   9   0.0049366848
4   11   4   11   0.5191311532
4   11   5   8   0.0022800752
4   11   5   10   0.0994380424
4   11   5   12   0.1881258587
4   11   6   13   0.0411908209
4   11   7   14   0.0411908209
4   12   1   9   -0.0138701870
4   12   1   11   0.0020896095
4   12   2   8   -0.0142305053
4   12   2   10   -0.0062576181
4   12   2   12   0.0049732292
4   12   3   9   -0.0014988784
4   12   3   11   0.0981063050
4   12   4   8   0.0047563980
4   12   4   10   -0.0037600404
4   12   4   12   0.5220617949
4   12   5   9   -0.0152386260
4   12   5   11   0.1880214525
4   13   2   13   0.0077548683
4   13   4   13   0.4777781141
4   13   6   9   -0.0107675712
4   13   6   11   0.0434738826
4   14   2   14   0.0077548683
4   14   4   14   0.4777781141
4   14   7   9   -0.0107675712
4   14   7   11   0.0434738826
5   8   1   8   -0.0703034367
5   8   1   9   0.0000000000
5   8   1   10   0.0032598600
5   8   1   12   0.0172796554
5   8   2   8   0.0000000000
5   8   2   9   -0.0566096917
5   8   2   11   -0.0147564635
5   8   3   8   -0.0837519104
5   8   3   10   -0.0080761170
5   8   3   12   0.0158171857
5   8   4   8   0.0000000000
5   8   4   9   -0.2445853958
5   8   4   11   0.0022800752
5   8   5   8   0.6814756897
5   8   5   10   -0.0078118647
5   8   5   12   0.0010338957
5   8   6   13   0.0035118144
5   8   7   14   0.0035118144
5   9   1   8   0.0000000000
5   9   1   9   -0.0703260167
5   9   1   11   -0.0151186941
5   9   2   8   -0.0566078138
5   9   2   9   -0.0000000000
5   9   2   10   0.0037314340
5   9   2   12   0.0164015984
5   9   3   9   -0.0837000949
5   9   3   11   -0.0063838767
5   9   4   8   -0.2445906985
5   9   4   9   -0.0000000000
5   9   4   10   0.0132911235
5   9   4   12   -0.0152386260
5   9   5   9   0.6814756371
5   9   5   11   0.0049732292
5   10   1   8   0.0037593578
5   10   1   10   -0.0263624025
5   10   1   12   0.0158171857
5   10   2   9   0.0042455596
5   10   2   11   -0.0018288764
5   10   3   8   -0.0077806752
5   10   3   10   -0.1295353881
5   10   3   12   0.0672449600
5   10   4   9   0.0131101645
5   10   4   11   0.0994380424
5   10   5   8   -0.0078118647
5   10   5   10   0.5477000015
5   10   5   12   -0.0277773566
5   10   6   13   0.0101590032
5   10   7   14   0.0101590032
5   11   1   9   -0.0142305053
5   11   1   11   0.0047563980
5   11   2   8   -0.0138701870
5   11   2   10   -0.0014988784
5   11   2   12   -0.0152386260
5   11   3   9   -0.0062576181
5   11   3   11   -0.0037600404
5   11   4   8   0.0020896095
5   11   4   10   0.0981063050
5   11   4   12   0.1880214525
5   11   5   9   0.0049732292
5   11   5   11   0.5220617949
5   12   1   8   0.0159114072
5   12   1   10   0.0155125493
5   12   1   12   0.0010338957
5   12   2   9   0.0150075444
5   12   2   11   -0.0151316861
5   12   3   8   0.0155125493
5   12   3   10   0.0648436427
5   12   3   12   -0.0277773566
5   12   4   9   -0.0151316861
5   12   4   11   0.1881258587
5   12   5   8   0.0010338957
5   12   5   10   -0.0277773566
5   12   5   12   0.5443914057
5   12   6   13   0.0192903845
5   12   7   14   0.0192903845
5   13   1   13   -0.0091619422
5   13   3   13   -0.0538719090
5   13   5   13   0.4838797740
5   13   6   8   0.0038305619
5   13   6   10   0.0104386197
5   13   6   12   0.0217941503
5   14   1   14   -0.0091619422
5   14   3   14   -0.0538719090
5   14   5   14   0.4838797740
5   14   7   8   0.0038305619
5   14   7   10   0.0104386197
5   14   7   12   0.0217941503
6   8   1   13   0.0119702075
6   8   3   13   0.0153046431
6   8   5   13   0.0038305619
6   8   6   8   0.6568301628
6   8   6   10   -0.0011754772
6   8   6   12   -0.0091619422
6   9   2   13   0.0115494119
6   9   4   13   -0.0107675712
6   9   6   9   0.6568287432
6   9   6   11   0.0077548683
6   10   1   13   0.0153046431
6   10   3   13   0.0893719470
6   10   5   13   0.0104386197
6   10   6   8   -0.0011754772
6   10   6   10   0.5890413545
6   10   6   12   -0.0538719090
6   11   2   13   -0.0107675712
6   11   4   13   0.0434738826
6   11   6   9   0.0077548683
6   11   6   11   0.4777781141
6   12   1   13   0.0038305619
6   12   3   13   0.0104386197
6   12   5   13   0.0217941503
6   12   6   8   -0.0091619422
6   12   6   10   -0.0538719090
6   12   6   12   0.4838797740
6   13   1   8   0.0105770281
6   13   1   10   0.0148809221
6   13   1   12   0.0035118144
6   13   2   9   0.0101340823
6   13   2   11   -0.0102299504
6   13   3   8   0.0148809221
6   13   3   10   0.0872757153
6   13   3   12   0.0101590032
6   13   4   9   -0.0102299504
6   13   4   11   0.0411908209
6   13   5   8   0.0035118144
6   13   5   10   0.0101590032
6   13   5   12   0.0192903845
6   13   6   13   0.5352656661
6   13   7   14   0.0178842461
6   14   6   14   0.4973221316
6   14   7   13   0.0200592884
7   8   1   14   0.0119702075
7   8   3   14   0.0153046431
7   8   5   14   0.0038305619
7   8   7   8   0.6568301628
7   8   7   10   -0.0011754772
7   8   7   12   -0.0091619422
7   9   2   14   0.0115494119
7   9   4   14   -0.0107675712
7   9   7   9   0.6568287432
7   9   7   11   0.0077548683
7   10   1   14   0.0153046431
7   10   3   14   0.0893719470
7   10   5   14   0.0104386197
7   10   7   8   -0.0011754772
7   10   7   10   0.5890413545
7   10   7   12   -0.0538719090
7   11   2   14   -0.0107675712
7   11   4   14   0.0434738826
7   11   7   9   0.0077548683
7   11   7   11   0.4777781141
7   12   1   14   0.0038305619
7   12   3   14   0.0104386197
7   12   5   14   0.0217941503
7   12   7   8   -0.0091619422
7   12   7   10   -0.0538719090
7   12   7   12   0.4838797740
7   13   6   14   0.0200592884
7   13   7   13   0.4973221316
7   14   1   8   0.0105770281
7   14   1   10   0.0148809221
7   14   1   12   0.0035118144
7   14   2   9   0.0101340823
7   14   2   11   -0.0102299504
7   14   3   8   0.0148809221
7   14   3   10   0.0872757153
7   14   3   12   0.0101590032
7   14   4   9   -0.0102299504
7   14   4   11   0.0411908209
7   14   5   8   0.0035118144
7   14   5   10   0.0101590032
7   14   5   12   0.0192903845
7   14   6   13   0.0178842461
7   14   7   14   0.5352656661

End IJKL Block
Begin IJAB Block
1   8   1   7   0.0124248378
1   8   2   8   0.0124248378
1   8   3   9   0.0151385226
1   8   4   10   0.0107203809
1   8   5   11   0.0196526929
1   8   6   12   0.0196526929
1   9   1   11   0.0082173411
1   9   1   12   0.0131537841
1   9   2   11   -0.0131537841
1   9   2   12   0.0082173411
1   9   3   10   0.0057312171
1   9   4   9   0.0059230523
1   9   5   7   0.0084175760
1   9   5   8   -0.0134743071
1   9   6   7   0.0134743071
1   9   6   8   0.0084175760
1   10   1   7   0.0109039978
1   10   2   8   0.0109039978
1   10   3   9   -0.0005056441
1   10   4   10   0.0075918689
1   10   5   11   0.0107669394
1   10   6   12   0.0107669394
1   11   1   11   -0.0041105392
1   11   1   12   -0.0065798832
1   11   2   11   0.0065798832
1   11   2   12   -0.0041105392
1   11   3   10   -0.0018323317
1   11   4   9   -0.0029920305
1   11   5   7   -0.0081169888
1   11   5   8   0.0129931466
1   11   6   7   -0.0129931466
1   11   6   8   -0.0081169888
1   12   1   7   0.0063509182
1   12   2   8   0.0063509182
1   12   3   9   -0.0004814359
1   12   4   10   -0.0037930293
1   12   5   11   0.0011101004
1   12   6   12   0.0011101004
1   13   1   9   -0.0069582596
1   13   2   9   0.0037497358
1   13   3   7   0.0018874735
1   13   3   8   -0.0010171404
1   13   4   11   -0.0023918637
1   13   4   12   -0.0013635570
1   13   5   10   0.0020262204
1   13   6   10   0.0011551106
1   14   1   9   -0.0037497358
1   14   2   9   -0.0069582596
1   14   3   7   0.0010171404
1   14   3   8   0.0018874735
1   14   4   11   0.0013635570
1   14   4   12   -0.0023918637
1   14   5   10   -0.0011551106
1   14   6   10   0.0020262204
2   8   1   11   0.0084175760
2   8   1   12   0.0134743071
2   8   2   11   -0.0134743071
2   8   2   12   0.0084175760
2   8   3   10   0.0059230523
2   8   4   9   0.0057312171
2   8   5   7   0.0082173411
2   8   5   8   -0.0131537841
2   8   6   7   0.0131537841
2   8   6   8   0.0082173411
2   9   1   7   0.0127217309
2   9   2   8   0.0127217309
2   9   3   9   0.0151952979
2   9   4   10   0.0102278506
2   9   5   11   0.0191859787
2   9   6   12   0.0191859787
2   10   1   11   0.0049027871
2   10   1   12   0.0078480620
2   10   2   11   -0.0078480620
2   10   2   12   0.0049027871
2   10   3   10   0.0018877835
2   10   4   9   0.0032122644
2   10   5   7   0.0063893071
2   10   5   8   -0.0102275864
2   10   6   7   0.0102275864
2   10   6   8   0.0063893071
2   11   1   7   -0.0142423846
2   11   2   8   -0.0142423846
2   11   3   9   0.0007853606
2   11   4   10   -0.0026107332
2   11   5   11   -0.0084342493
2   11   6   12   -0.0084342493
2   12   1   11   0.0005990555
2   12   1   12   0.0009589290
2   12   2   11   -0.0009589290
2   12   2   12   0.0005990555
2   12   3   10   0.0008125105
2   12   4   9   -0.0010288383
2   12   5   7   0.0033876766
2   12   5   8   -0.0054227718
2   12   6   7   0.0054227718
2   12   6   8   0.0033876766
2   13   1   10   0.0020971601
2   13   2   10   -0.0011301384
2   13   3   11   0.0013699150
2   13   3   12   0.0007809631
2   13   4   7   0.0033679472
2   13   4   8   -0.0018149527
2   13   5   9   -0.0072414090
2   13   6   9   -0.0041281926
2   14   1   10   0.0011301384
2   14   2   10   0.0020971601
2   14   3   11   -0.0007809631
2   14   3   12   0.0013699150
2   14   4   7   0.0018149527
2   14   4   8   0.0033679472
2   14   5   9   0.0041281926
2   14   6   9   -0.0072414090
3   8   1   7   0.0109039978
3   8   2   8   0.0109039978
3   8   3   9   -0.0005056441
3   8   4   10   0.0075918689
3   8   5   11   0.0107669394
3   8   6   12   0.0107669394
3   9   1   11   0.0063893071
3   9   1   12   0.0102275864
3   9   2   11   -0.0102275864
3   9   2   12   0.0063893071
3   9   3   10   0.0032122644
3   9   4   9   0.0018877835
3   9   5   7   0.0049027871
3   9   5   8   -0.0078480620
3   9   6   7   0.0078480620
3   9   6   8   0.0049027871
3   10   1   7   0.0394607875
3   10   2   8   0.0394607875
3   10   3   9   0.0539855082
3   10   4   10   0.0379783545
3   10   5   11   0.0249805199
3   10   6   12   0.0249805199
3   11   1   11   -0.0082135326
3   11   1   12   -0.0131476877
3   11   2   11   0.0131476877
3   11   2   12   -0.0082135326
3   11   3   10   0.0077788191
3   11   4   9   -0.0058380709
3   11   5   7   -0.0102780487
3   11   5   8   0.0164524305
3   11   6   7   -0.0164524305
3   11   6   8   -0.0102780487
3   12   1   7   0.0221019309
3   12   2   8   0.0221019309
3   12   3   9   -0.0154347747
3   12   4   10   -0.0224848335
3   12   5   11   0.0009901735
3   12   6   12   0.0009901735
3   13   1   9   -0.0252223137
3   13   2   9   0.0135920501
3   13   3   7   -0.0532810368
3   13   3   8   0.0287126125
3   13   4   11   -0.0228227051
3   13   4   12   -0.0130107998
3   13   5   10   -0.0016427264
3   13   6   10   -0.0009364878
3   14   1   9   -0.0135920501
3   14   2   9   -0.0252223137
3   14   3   7   -0.0287126125
3   14   3   8   -0.0532810368
3   14   4   11   0.0130107998
3   14   4   12   -0.0228227051
3   14   5   10   0.0009364878
3   14   6   10   -0.0016427264
4   8   1   11   -0.0081169888
4   8   1   12   -0.0129931466
4   8   2   11   0.0129931466
4   8   2   12   -0.0081169888
4   8   3   10   -0.0029920305
4   8   4   9   -0.0018323317
4   8   5   7   -0.0041105392
4   8   5   8   0.0065798832
4   8   6   7   -0.0065798832
4   8   6   8   -0.0041105392
4   9   1   7   -0.0142423846
4   9   2   8   -0.0142423846
4   9   3   9   0.0007853606
4   9   4   10   -0.0026107332
4   9   5   11   -0.0084342493
4   9   6   12   -0.0084342493
4   10   1   11   -0.0102780487
4   10   1   12   -0.0164524305
4   10   2   11   0.0164524305
4   10   2   12   -0.0102780487
4   10   3   10   -0.0058380709
4   10   4   9   0.0077788191
4   10   5   7   -0.0082135326
4   10   5   8   0.0131476877
4   10   6   7   -0.0131476877
4   10   6   8   -0.0082135326
4   11   1   7   0.0745108623
4   11   2   8   0.0745108623
4   11   3   9   0.0371671629
4   11   4   10   0.0160750158
4   11   5   11   0.0150526963
4   11   6   12   0.0150526963
4   12   1   11   0.0003527417
4   12   1   12   0.0005646460
4   12   2   11   -0.0005646460
4   12   2   12   0.0003527417
4   12   3   10   0.0350783911
4   12   4   9   0.0150500548
4   12   5   7   -0.0038904459
4   12   5   8   0.0062275722
4   12   6   7   -0.0062275722
4   12   6   8   -0.0038904459
4   13   1   10   -0.0158338262
4   13   2   10   0.0085326890
4   13   3   11   0.0266380605
4   13   3   12   0.0151858630
4   13   4   7   -0.0055822699
4   13   4   8   0.0030082288
4   13   5   9   0.0092633601
4   13   6   9   0.0052808694
4   14   1   10   -0.0085326890
4   14   2   10   -0.0158338262
4   14   3   11   -0.0151858630
4   14   3   12   0.0266380605
4   14   4   7   -0.0030082288
4   14   4   8   -0.0055822699
4   14   5   9   -0.0052808694
4   14   6   9   0.0092633601
5   8   1   7   0.0063509182
5   8   2   8   0.0063509182
5   8   3   9   -0.0004814359
5   8   4   10   -0.0037930293
5   8   5   11   0.0011101004
5   8   6   12   0.0011101004
5   9   1   11   0.0033876766
5   9   1   12   0.0054227718
5   9   2   11   -0.0054227718
5   9   2   12   0.0033876766
5   9   3   10   -0.0010288383
5   9   4   9   0.0008125105
5   9   5   7   0.0005990555
5   9   5   8   -0.0009589290
5   9   6   7   0.0009589290
5   9   6   8   0.0005990555
5   10   1   7   0.0221019309
5   10   2   8   0.0221019309
5   10   3   9   -0.0154347747
5   10   4   10   -0.0224848335
5   10   5   11   0.0009901735
5   10   6   12   0.0009901735
5   11   1   11   -0.0038904459
5   11   1   12   -0.0062275722
5   11   2   11   0.0062275722
5   11   2   12   -0.0038904459
5   11   3   10   0.0150500548
5   11   4   9   0.0350783911
5   11   5   7   0.0003527417
5   11   5   8   -0.0005646460
5   11   6   7   0.0005646460
5   11   6   8   0.0003527417
5   12   1   7   0.0389545565
5   12   2   8   0.0389545565
5   12   3   9   0.0371066031
5   12   4   10   0.0491573812
5   12   5   11   0.0107425457
5   12   6   12   0.0107425457
5   13   1   9   -0.0051581730
5   13   2   9   0.0027796873
5   13   3   7   0.0303400741
5   13   3   8   -0.0163499595
5   13   4   11   0.0341193492
5   13   4   12   0.0194508065
5   13   5   10   0.0004783738
5   13   6   10   0.0002727120
5   14   1   9   -0.0027796873
5   14   2   9   -0.0051581730
5   14   3   7   0.0163499595
5   14   3   8   0.0303400741
5   14   4   11   -0.0194508065
5   14   4   12   0.0341193492
5   14   5   10   -0.0002727120
5   14   6   10   0.0004783738
6   8   1   9   0.0018874735
6   8   2   9   -0.0010171404
6   8   3   7   -0.0069582596
6   8   3   8   0.0037497358
6   8   4   11   0.0020262204
6   8   4   12   0.0011551106
6   8   5   10   -0.0023918637
6   8   6   10   -0.0013635570
6   9   1   10   0.0033679472
6   9   2   10   -0.0018149527
6   9   3   11   -0.0072414090
6   9   3   12   -0.0041281926
6   9   4   7   0.0020971601
6   9   4   8   -0.0011301384
6   9   5   9   0.0013699150
6   9   6   9   0.0007809631
6   10   1   9   -0.0532810368
6   10   2   9   0.0287126125
6   10   3   7   -0.0252223137
6   10   3   8   0.0135920501
6   10   4   11   -0.0016427264
6   10   4   12   -0.0009364878
6   10   5   10   -0.0228227051
6   10   6   10   -0.0130107998
6   11   1   10   -0.0055822699
6   11   2   10   0.0030082288
6   11   3   11   0.0092633601
6   11   3   12   0.0052808694
6   11   4   7   -0.0158338262
6   11   4   8   0.0085326890
6   11   5   9   0.0266380605
6   11   6   9   0.0151858630
6   12   1   9   0.0303400741
6   12   2   9   -0.0163499595
6   12   3   7   -0.0051581730
6   12   3   8   0.0027796873
6   12   4   11   0.0004783738
6   12   4   12   0.0002727120
6   12   5   10   0.0341193492
6   12   6   10   0.0194508065
6   13   1   7   0.1095907110
6   13   1   8   -0.0493692552
6   13   2   7   -0.0493692552
6   13   2   8   0.0445824248
6   13   3   9   0.0213736908
6   13   4   10   0.0178396353
6   13   5   11   0.0522573274
6   13   5   12   0.0262335264
6   13   6   11   0.0262335264
6   13   6   12   0.0211954143
6   14   1   7   0.0493692552
6   14   1   8   0.0752881486
6   14   2   7   -0.0102798624
6   14   2   8   -0.0493692552
6   14   5   11   -0.0262335264
6   14   5   12   0.0381568140
6   14   6   11   -0.0070949009
6   14   6   12   0.0262335264
7   8   1   9   0.0010171404
7   8   2   9   0.0018874735
7   8   3   7   -0.0037497358
7   8   3   8   -0.0069582596
7   8   4   11   -0.0011551106
7   8   4   12   0.0020262204
7   8   5   10   0.0013635570
7   8   6   10   -0.0023918637
7   9   1   10   0.0018149527
7   9   2   10   0.0033679472
7   9   3   11   0.0041281926
7   9   3   12   -0.0072414090
7   9   4   7   0.0011301384
7   9   4   8   0.0020971601
7   9   5   9   -0.0007809631
7   9   6   9   0.0013699150
7   10   1   9   -0.0287126125
7   10   2   9   -0.0532810368
7   10   3   7   -0.0135920501
7   10   3   8   -0.0252223137
7   10   4   11   0.0009364878
7   10   4   12   -0.0016427264
7   10   5   10   0.0130107998
7   10   6   10   -0.0228227051
7   11   1   10   -0.0030082288
7   11   2   10   -0.0055822699
7   11   3   11   -0.0052808694
7   11   3   12   0.0092633601
7   11   4   7   -0.0085326890
7   11   4   8   -0.0158338262
7   11   5   9   -0.0151858630
7   11   6   9   0.0266380605
7   12   1   9   0.0163499595
7   12   2   9   0.0303400741
7   12   3   7   -0.0027796873
7   12   3   8   -0.0051581730
7   12   4   11   -0.0002727120
7   12   4   12   0.0004783738
7   12   5   10   -0.0194508065
7   12   6   10   0.0341193492
7   13   1   7   0.0493692552
7   13   1   8   -0.0102798624
7   13   2   7   0.0752881486
7   13   2   8   -0.0493692552
7   13   5   11   -0.0262335264
7   13   5   12   -0.0070949009
7   13   6   11   0.0381568140
7   13   6   12   0.0262335264
7   14   1   7   0.0445824248
7   14   1   8   0.0493692552
7   14   2   7   0.0493692552
7   14   2   8   0.1095907110
7   14   3   9   0.0213736908
7   14   4   10   0.0178396353
7   14   5   11   0.0211954143
7   14   5   12   -0.0262335264
7   14   6   11   -0.0262335264
7   14   6   12   0.0522573274

End IJAB Block
Begin ABCD Block
1   7   1   7   0.4851187897
1   7   2   8   0.0184946747
1   7   3   9   0.0220085107
1   7   4   10   0.0073033742
1   7   5   11   0.0195809235
1   7   5   12   0.0203567445
1   7   6   11   0.0203567445
1   7   6   12   0.0394495487
1   8   1   8   0.4481294402
1   8   2   7   0.0184946747
1   8   5   11   -0.0203567445
1   8   5   12   0.0058533260
1   8   6   11   -0.0257219512
1   8   6   12   0.0203567445
1   9   1   9   0.3748167864
1   9   3   7   0.0220085107
1   9   4   11   0.0013614280
1   9   4   12   0.0021792852
1   9   5   10   0.0059640402
1   9   6   10   0.0095468469
1   10   1   10   0.3894877095
1   10   3   11   0.0059057128
1   10   3   12   0.0094534801
1   10   4   7   0.0073033742
1   10   5   9   0.0059640402
1   10   6   9   0.0095468469
1   11   1   11   0.4172192993
1   11   1   12   0.0123189083
1   11   2   11   -0.0123189083
1   11   2   12   -0.0060117612
1   11   3   10   0.0059057128
1   11   4   9   0.0013614280
1   11   5   7   0.0195809235
1   11   5   8   -0.0203567445
1   11   6   7   0.0203567445
1   11   6   8   -0.0257219512
1   12   1   11   0.0123189083
1   12   1   12   0.4292428217
1   12   2   11   -0.0060117612
1   12   2   12   0.0123189083
1   12   3   10   0.0094534801
1   12   4   9   0.0021792852
1   12   5   7   0.0203567445
1   12   5   8   0.0058533260
1   12   6   7   0.0394495487
1   12   6   8   0.0203567445
2   7   1   8   0.0184946747
2   7   2   7   0.4481294402
2   7   5   11   -0.0203567445
2   7   5   12   -0.0257219512
2   7   6   11   0.0058533260
2   7   6   12   0.0203567445
2   8   1   7   0.0184946747
2   8   2   8   0.4851187897
2   8   3   9   0.0220085107
2   8   4   10   0.0073033742
2   8   5   11   0.0394495487
2   8   5   12   -0.0203567445
2   8   6   11   -0.0203567445
2   8   6   12   0.0195809235
2   9   2   9   0.3748167864
2   9   3   8   0.0220085107
2   9   4   11   -0.0021792852
2   9   4   12   0.0013614280
2   9   5   10   -0.0095468469
2   9   6   10   0.0059640402
2   10   2   10   0.3894877095
2   10   3   11   -0.0094534801
2   10   3   12   0.0059057128
2   10   4   8   0.0073033742
2   10   5   9   -0.0095468469
2   10   6   9   0.0059640402
2   11   1   11   -0.0123189083
2   11   1   12   -0.0060117612
2   11   2   11   0.4292428217
2   11   2   12   -0.0123189083
2   11   3   10   -0.0094534801
2   11   4   9   -0.0021792852
2   11   5   7   -0.0203567445
2   11   5   8   0.0394495487
2   11   6   7   0.0058533260
2   11   6   8   -0.0203567445
2   12   1   11   -0.0060117612
2   12   1   12   0.0123189083
2   12   2   11   -0.0123189083
2   12   2   12   0.4172192993
2   12   3   10   0.0059057128
2   12   4   9   0.0013614280
2   12   5   7   -0.0257219512
2   12   5   8   -0.0203567445
2   12   6   7   0.0203567445
2   12   6   8   0.0195809235
3   7   1   9   0.0220085107
3   7   3   7   0.3748167864
3   7   4   11   0.0059640402
3   7   4   12   0.0095468469
3   7   5   10   0.0013614280
3   7   6   10   0.0021792852
3   8   2   9   0.0220085107
3   8   3   8   0.3748167864
3   8   4   11   -0.0095468469
3   8   4   12   0.0059640402
3   8   5   10   -0.0021792852
3   8   6   10   0.0013614280
3   9   1   7   0.0220085107
3   9   2   8   0.0220085107
3   9   3   9   0.3658565837
3   9   4   10   0.0751640259
3   9   5   11   0.0119464624
3   9   6   12   0.0119464624
3   10   1   11   0.0059057128
3   10   1   12   0.0094534801
3   10   2   11   -0.0094534801
3   10   2   12   0.0059057128
3   10   3   10   0.3589616594
3   10   4   9   0.0751640259
3   10   5   7   0.0013614280
3   10   5   8   -0.0021792852
3   10   6   7   0.0021792852
3   10   6   8   0.0013614280
3   11   1   10   0.0059057128
3   11   2   10   -0.0094534801
3   11   3   11   0.3462121816
3   11   4   7   0.0059640402
3   11   4   8   -0.0095468469
3   11   5   9   0.0119464624
3   12   1   10   0.0094534801
3   12   2   10   0.0059057128
3   12   3   12   0.3462121816
3   12   4   7   0.0095468469
3   12   4   8   0.0059640402
3   12   6   9   0.0119464624
4   7   1   10   0.0073033742
4   7   3   11   0.0059640402
4   7   3   12   0.0095468469
4   7   4   7   0.3894877095
4   7   5   9   0.0059057128
4   7   6   9   0.0094534801
4   8   2   10   0.0073033742
4   8   3   11   -0.0095468469
4   8   3   12   0.0059640402
4   8   4   8   0.3894877095
4   8   5   9   -0.0094534801
4   8   6   9   0.0059057128
4   9   1   11   0.0013614280
4   9   1   12   0.0021792852
4   9   2   11   -0.0021792852
4   9   2   12   0.0013614280
4   9   3   10   0.0751640259
4   9   4   9   0.3589616594
4   9   5   7   0.0059057128
4   9   5   8   -0.0094534801
4   9   6   7   0.0094534801
4   9   6   8   0.0059057128
4   10   1   7   0.0073033742
4   10   2   8   0.0073033742
4   10   3   9   0.0751640259
4   10   4   10   0.3752140338
4   10   5   11   0.0168907901
4   10   6   12   0.0168907901
4   11   1   9   0.0013614280
4   11   2   9   -0.0021792852
4   11   3   7   0.0059640402
4   11   3   8   -0.0095468469
4   11   4   11   0.3709744195
4   11   5   10   0.0168907901
4   12   1   9   0.0021792852
4   12   2   9   0.0013614280
4   12   3   7   0.0095468469
4   12   3   8   0.0059640402
4   12   4   12   0.3709744195
4   12   6   10   0.0168907901
5   7   1   11   0.0195809235
5   7   1   12   0.0203567445
5   7   2   11   -0.0203567445
5   7   2   12   -0.0257219512
5   7   3   10   0.0013614280
5   7   4   9   0.0059057128
5   7   5   7   0.4172192993
5   7   5   8   -0.0123189083
5   7   6   7   0.0123189083
5   7   6   8   -0.0060117612
5   8   1   11   -0.0203567445
5   8   1   12   0.0058533260
5   8   2   11   0.0394495487
5   8   2   12   -0.0203567445
5   8   3   10   -0.0021792852
5   8   4   9   -0.0094534801
5   8   5   7   -0.0123189083
5   8   5   8   0.4292428217
5   8   6   7   -0.0060117612
5   8   6   8   -0.0123189083
5   9   1   10   0.0059640402
5   9   2   10   -0.0095468469
5   9   3   11   0.0119464624
5   9   4   7   0.0059057128
5   9   4   8   -0.0094534801
5   9   5   9   0.3462121816
5   10   1   9   0.0059640402
5   10   2   9   -0.0095468469
5   10   3   7   0.0013614280
5   10   3   8   -0.0021792852
5   10   4   11   0.0168907901
5   10   5   10   0.3709744195
5   11   1   7   0.0195809235
5   11   1   8   -0.0203567445
5   11   2   7   -0.0203567445
5   11   2   8   0.0394495487
5   11   3   9   0.0119464624
5   11   4   10   0.0168907901
5   11   5   11   0.4233803773
5   11   6   12   0.0160512342
5   12   1   7   0.0203567445
5   12   1   8   0.0058533260
5   12   2   7   -0.0257219512
5   12   2   8   -0.0203567445
5   12   5   12   0.3912779090
5   12   6   11   0.0160512342
6   7   1   11   0.0203567445
6   7   1   12   0.0394495487
6   7   2   11   0.0058533260
6   7   2   12   0.0203567445
6   7   3   10   0.0021792852
6   7   4   9   0.0094534801
6   7   5   7   0.0123189083
6   7   5   8   -0.0060117612
6   7   6   7   0.4292428217
6   7   6   8   0.0123189083
6   8   1   11   -0.0257219512
6   8   1   12   0.0203567445
6   8   2   11   -0.0203567445
6   8   2   12   0.0195809235
6   8   3   10   0.0013614280
6   8   4   9   0.0059057128
6   8   5   7   -0.0060117612
6   8   5   8   -0.0123189083
6   8   6   7   0.0123189083
6   8   6   8   0.4172192993
6   9   1   10   0.0095468469
6   9   2   10   0.0059640402
6   9   3   12   0.0119464624
6   9   4   7   0.0094534801
6   9   4   8   0.0059057128
6   9   6   9   0.3462121816
6   10   1   9   0.0095468469
6   10   2   9   0.0059640402
6   10   3   7   0.0021792852
6   10   3   8   0.0013614280
6   10   4   12   0.0168907901
6   10   6   10   0.3709744195
6   11   1   7   0.0203567445
6   11   1   8   -0.0257219512
6   11   2   7   0.0058533260
6   11   2   8   -0.0203567445
6   11   5   12   0.0160512342
6   11   6   11   0.3912779090
6   12   1   7   0.0394495487
6   12   1   8   0.0203567445
6   12   2   7   0.0203567445
6   12   2   8   0.0195809235
6   12   3   9   0.0119464624
6   12   4   10   0.0168907901
6   12   5   11   0.0160512342
6   12   6   12   0.4233803773

End ABCD Block
Begin AIJB Block
1   8   1   7   0.0121223301
1   8   2   11   0.0081798805
1   8   2   12   0.0130938197
1   8   3   7   0.0103896689
1   8   4   11   -0.0080654913
1   8   4   12   -0.0129107129
1   8   5   7   0.0062218731
1   8   6   9   0.0026447160
1   8   7   9   0.0014252107
1   9   1   11   0.0079824864
1   9   1   12   0.0127778440
1   9   2   7   0.0124241248
1   9   3   11   0.0062659757
1   9   3   12   0.0100301656
1   9   4   7   -0.0137877849
1   9   5   11   0.0033639141
1   9   5   12   0.0053847345
1   9   6   10   0.0032635945
1   9   7   10   0.0017587181
1   10   1   7   0.0103896689
1   10   2   11   0.0046907793
1   10   2   12   0.0075086938
1   10   3   7   0.0362089256
1   10   4   11   -0.0093297707
1   10   4   12   -0.0149344888
1   10   5   7   0.0206407179
1   10   6   9   -0.0514960041
1   10   7   9   -0.0277506765
1   11   1   11   -0.0038194976
1   11   1   12   -0.0061140029
1   11   2   7   -0.0137877849
1   11   3   11   -0.0065894238
1   11   3   12   -0.0105479201
1   11   4   7   0.0701766192
1   11   5   11   -0.0028122591
1   11   5   12   -0.0045016810
1   11   6   10   -0.0058903706
1   11   7   10   -0.0031742612
1   12   1   7   0.0062218731
1   12   2   11   0.0005236377
1   12   2   12   0.0008382051
1   12   3   7   0.0206407179
1   12   4   11   0.0015234006
1   12   4   12   0.0024385605
1   12   5   7   0.0339081960
1   12   6   9   0.0294671409
1   12   7   9   0.0158795446
1   13   1   9   -0.0063621531
1   13   2   10   0.0021588807
1   13   3   9   -0.0209957434
1   13   4   10   -0.0163841021
1   13   5   9   -0.0058631046
1   13   6   7   0.1099298996
1   13   6   8   -0.0508984929
1   13   7   7   0.0508984929
1   13   7   8   -0.0121088163
1   14   1   9   -0.0034285000
1   14   2   10   0.0011633990
1   14   3   9   -0.0113143941
1   14   4   10   -0.0088292271
1   14   5   9   -0.0031595678
1   14   6   7   0.0508984929
1   14   6   8   0.0791307672
1   14   7   7   0.0429079488
1   14   7   8   0.0508984929
2   8   1   8   0.0121223301
2   8   2   11   -0.0130938197
2   8   2   12   0.0081798805
2   8   3   8   0.0103896689
2   8   4   11   0.0129107129
2   8   4   12   -0.0080654913
2   8   5   8   0.0062218731
2   8   6   9   -0.0014252107
2   8   7   9   0.0026447160
2   9   1   11   -0.0127778440
2   9   1   12   0.0079824864
2   9   2   8   0.0124241248
2   9   3   11   -0.0100301656
2   9   3   12   0.0062659757
2   9   4   8   -0.0137877849
2   9   5   11   -0.0053847345
2   9   5   12   0.0033639141
2   9   6   10   -0.0017587181
2   9   7   10   0.0032635945
2   10   1   8   0.0103896689
2   10   2   11   -0.0075086938
2   10   2   12   0.0046907793
2   10   3   8   0.0362089256
2   10   4   11   0.0149344888
2   10   4   12   -0.0093297707
2   10   5   8   0.0206407179
2   10   6   9   0.0277506765
2   10   7   9   -0.0514960041
2   11   1   11   0.0061140029
2   11   1   12   -0.0038194976
2   11   2   8   -0.0137877849
2   11   3   11   0.0105479201
2   11   3   12   -0.0065894238
2   11   4   8   0.0701766192
2   11   5   11   0.0045016810
2   11   5   12   -0.0028122591
2   11   6   10   0.0031742612
2   11   7   10   -0.0058903706
2   12   1   8   0.0062218731
2   12   2   11   -0.0008382051
2   12   2   12   0.0005236377
2   12   3   8   0.0206407179
2   12   4   11   -0.0024385605
2   12   4   12   0.0015234006
2   12   5   8   0.0339081960
2   12   6   9   -0.0158795446
2   12   7   9   0.0294671409
2   13   1   9   0.0034285000
2   13   2   10   -0.0011633990
2   13   3   9   0.0113143941
2   13   4   10   0.0088292271
2   13   5   9   0.0031595678
2   13   6   7   -0.0508984929
2   13   6   8   0.0429079488
2   13   7   7   0.0791307672
2   13   7   8   -0.0508984929
2   14   1   9   -0.0063621531
2   14   2   10   0.0021588807
2   14   3   9   -0.0209957434
2   14   4   10   -0.0163841021
2   14   5   9   -0.0058631046
2   14   6   7   -0.0121088163
2   14   6   8   -0.0508984929
2   14   7   7   0.0508984929
2   14   7   8   0.1099298996
3   8   1   9   0.0146451713
3   8   2   10   0.0054499004
3   8   3   9   -0.0012396611
3   8   4   10   -0.0029781532
3   8   5   9   -0.0001343193
3   8   6   7   -0.0063621531
3   8   6   8   0.0034285000
3   8   7   7   -0.0034285000
3   8   7   8   -0.0063621531
3   9   1   10   0.0052565770
3   9   2   9   0.0147366119
3   9   3   10   0.0031402536
3   9   4   9   0.0006035015
3   9   5   10   -0.0009784389
3   9   6   11   -0.0072765278
3   9   6   12   -0.0041482132
3   9   7   11   0.0041482132
3   9   7   12   -0.0072765278
3   10   1   9   -0.0012396611
3   10   2   10   0.0017250890
3   10   3   9   0.0452502977
3   10   4   10   -0.0058013227
3   10   5   9   -0.0124750274
3   10   6   7   -0.0209957434
3   10   6   8   0.0113143941
3   10   7   7   -0.0113143941
3   10   7   8   -0.0209957434
3   11   1   10   -0.0017633429
3   11   2   9   0.0006035015
3   11   3   10   0.0081664368
3   11   4   9   0.0368757510
3   11   5   10   0.0153750121
3   11   6   11   0.0091050672
3   11   6   12   0.0051906295
3   11   7   11   -0.0051906295
3   11   7   12   0.0091050672
3   12   1   9   -0.0001343193
3   12   2   10   0.0007489511
3   12   3   9   -0.0124750274
3   12   4   10   0.0355044079
3   12   5   9   0.0348566188
3   12   6   7   -0.0058631046
3   12   6   8   0.0031595678
3   12   7   7   -0.0031595678
3   12   7   8   -0.0058631046
3   13   1   7   0.0026447160
3   13   1   8   -0.0014252107
3   13   2   11   0.0013919776
3   13   2   12   0.0007935405
3   13   3   7   -0.0514960041
3   13   3   8   0.0277506765
3   13   4   11   0.0267598240
3   13   4   12   0.0152552781
3   13   5   7   0.0294671409
3   13   5   8   -0.0158795446
3   13   6   9   0.0194062688
3   14   1   7   0.0014252107
3   14   1   8   0.0026447160
3   14   2   11   -0.0007935405
3   14   2   12   0.0013919776
3   14   3   7   -0.0277506765
3   14   3   8   -0.0514960041
3   14   4   11   -0.0152552781
3   14   4   12   0.0267598240
3   14   5   7   0.0158795446
3   14   5   8   0.0294671409
3   14   7   9   0.0194062688
4   8   1   10   0.0103234363
4   8   2   9   0.0052565770
4   8   3   10   0.0072848230
4   8   4   9   -0.0017633429
4   8   5   10   -0.0038269670
4   8   6   11   0.0021552000
4   8   6   12   0.0012286394
4   8   7   11   -0.0012286394
4   8   7   12   0.0021552000
4   9   1   9   0.0054499004
4   9   2   10   0.0098324273
4   9   3   9   0.0017250890
4   9   4   10   -0.0024505523
4   9   5   9   0.0007489511
4   9   6   7   0.0021588807
4   9   6   8   -0.0011633990
4   9   7   7   0.0011633990
4   9   7   8   0.0021588807
4   10   1   10   0.0072848230
4   10   2   9   0.0031402536
4   10   3   10   0.0373313798
4   10   4   9   0.0081664368
4   10   5   10   -0.0235132569
4   10   6   11   -0.0016550100
4   10   6   12   -0.0009434904
4   10   7   11   0.0009434904
4   10   7   12   -0.0016550100
4   11   1   9   -0.0029781532
4   11   2   10   -0.0024505523
4   11   3   9   -0.0058013227
4   11   4   10   0.0158678297
4   11   5   9   0.0355044079
4   11   6   7   -0.0163841021
4   11   6   8   0.0088292271
4   11   7   7   -0.0088292271
4   11   7   8   -0.0163841021
4   12   1   10   -0.0038269670
4   12   2   9   -0.0009784389
4   12   3   10   -0.0235132569
4   12   4   9   0.0153750121
4   12   5   10   0.0506837544
4   12   6   11   0.0003076057
4   12   6   12   0.0001753603
4   12   7   11   -0.0001753603
4   12   7   12   0.0003076057
4   13   1   11   -0.0022654906
4   13   1   12   -0.0012915141
4   13   2   7   0.0032635945
4   13   2   8   -0.0017587181
4   13   3   11   -0.0239770525
4   13   3   12   -0.0136688717
4   13   4   7   -0.0058903706
4   13   4   8   0.0031742612
4   13   5   11   0.0361289022
4   13   5   12   0.0205964153
4   13   6   10   0.0181726306
4   14   1   11   0.0012915141
4   14   1   12   -0.0022654906
4   14   2   7   0.0017587181
4   14   2   8   0.0032635945
4   14   3   11   0.0136688717
4   14   3   12   -0.0239770525
4   14   4   7   -0.0031742612
4   14   4   8   -0.0058903706
4   14   5   11   -0.0205964153
4   14   5   12   0.0361289022
4   14   7   10   0.0181726306
5   8   1   11   0.0192946842
5   8   2   7   0.0079824864
5   8   2   8   -0.0127778440
5   8   3   11   0.0104907840
5   8   4   7   -0.0038194976
5   8   4   8   0.0061140029
5   8   5   11   0.0008138140
5   8   6   10   -0.0022654906
5   8   7   10   0.0012915141
5   9   1   7   0.0081798805
5   9   1   8   -0.0130938197
5   9   2   11   0.0188361838
5   9   3   7   0.0046907793
5   9   3   8   -0.0075086938
5   9   4   11   -0.0082150113
5   9   5   7   0.0005236377
5   9   5   8   -0.0008382051
5   9   6   9   0.0013919776
5   9   7   9   -0.0007935405
5   10   1   11   0.0104907840
5   10   2   7   0.0062659757
5   10   2   8   -0.0100301656
5   10   3   11   0.0246431155
5   10   4   7   -0.0065894238
5   10   4   8   0.0105479201
5   10   5   11   -0.0016086710
5   10   6   10   -0.0239770525
5   10   7   10   0.0136688717
5   11   1   7   -0.0080654913
5   11   1   8   0.0129107129
5   11   2   11   -0.0082150113
5   11   3   7   -0.0093297707
5   11   3   8   0.0149344888
5   11   4   11   0.0142885034
5   11   5   7   0.0015234006
5   11   5   8   -0.0024385605
5   11   6   9   0.0267598240
5   11   7   9   -0.0152552781
5   12   1   11   0.0008138140
5   12   2   7   0.0033639141
5   12   2   8   -0.0053847345
5   12   3   11   -0.0016086710
5   12   4   7   -0.0028122591
5   12   4   8   0.0045016810
5   12   5   11   0.0108102658
5   12   6   10   0.0361289022
5   12   7   10   -0.0205964153
5   13   1   10   0.0021552000
5   13   2   9   -0.0072765278
5   13   3   10   -0.0016550100
5   13   4   9   0.0091050672
5   13   5   10   0.0003076057
5   13   6   11   0.0572872635
5   13   6   12   0.0279642111
5   13   7   11   -0.0279642111
5   13   7   12   -0.0077076407
5   14   1   10   -0.0012286394
5   14   2   9   0.0041482132
5   14   3   10   0.0009434904
5   14   4   9   -0.0051906295
5   14   5   10   -0.0001753603
5   14   6   11   -0.0279642111
5   14   6   12   0.0408187779
5   14   7   11   0.0241761262
5   14   7   12   -0.0279642111
6   8   1   12   0.0192946842
6   8   2   7   0.0127778440
6   8   2   8   0.0079824864
6   8   3   12   0.0104907840
6   8   4   7   -0.0061140029
6   8   4   8   -0.0038194976
6   8   5   12   0.0008138140
6   8   6   10   -0.0012915141
6   8   7   10   -0.0022654906
6   9   1   7   0.0130938197
6   9   1   8   0.0081798805
6   9   2   12   0.0188361838
6   9   3   7   0.0075086938
6   9   3   8   0.0046907793
6   9   4   12   -0.0082150113
6   9   5   7   0.0008382051
6   9   5   8   0.0005236377
6   9   6   9   0.0007935405
6   9   7   9   0.0013919776
6   10   1   12   0.0104907840
6   10   2   7   0.0100301656
6   10   2   8   0.0062659757
6   10   3   12   0.0246431155
6   10   4   7   -0.0105479201
6   10   4   8   -0.0065894238
6   10   5   12   -0.0016086710
6   10   6   10   -0.0136688717
6   10   7   10   -0.0239770525
6   11   1   7   -0.0129107129
6   11   1   8   -0.0080654913
6   11   2   12   -0.0082150113
6   11   3   7   -0.0149344888
6   11   3   8   -0.0093297707
6   11   4   12   0.0142885034
6   11   5   7   0.0024385605
6   11   5   8   0.0015234006
6   11   6   9   0.0152552781
6   11   7   9   0.0267598240
6   12   1   12   0.0008138140
6   12   2   7   0.0053847345
6   12   2   8   0.0033639141
6   12   3   12   -0.0016086710
6   12   4   7   -0.0045016810
6   12   4   8   -0.0028122591
6   12   5   12   0.0108102658
6   12   6   10   0.0205964153
6   12   7   10   0.0361289022
6   13   1   10   0.0012286394
6   13   2   9   -0.0041482132
6   13   3   10   -0.0009434904
6   13   4   9   0.0051906295
6   13   5   10   0.0001753603
6   13   6   11   0.0279642111
6   13   6   12   0.0241761262
6   13   7   11   0.0408187779
6   13   7   12   0.0279642111
6   14   1   10   0.0021552000
6   14   2   9   -0.0072765278
6   14   3   10   -0.0016550100
6   14   4   9   0.0091050672
6   14   5   10   0.0003076057
6   14   6   11   -0.0077076407
6   14   6   12   0.0279642111
6   14   7   11   -0.0279642111
6   14   7   12   0.0572872635

1   8   8   1   -0.6204183317
1   8   8   5   0.0000000000
1   8   8   6   0.0000000000
1   8   9   5   -0.0883128074
1   8   9   6   -0.1413653864
1   8   10   1   0.0043609853
1   8   11   5   -0.0027861683
1   8   11   6   -0.0044599166
1   8   12   1   0.0025844961
1   8   13   3   0.0071669836
1   8   14   3   0.0038622151
1   9   8   5   -0.0883120106
1   9   8   6   -0.1413641110
1   9   9   1   -0.6204339301
1   9   9   5   -0.0000000000
1   9   9   6   -0.0000000000
1   9   10   5   0.0033523203
1   9   10   6   0.0053661758
1   9   11   1   -0.0049599908
1   9   12   5   0.0007315287
1   9   12   6   0.0011709835
1   9   13   4   -0.0010605320
1   9   14   4   -0.0005715100
1   10   8   1   0.0043609853
1   10   9   5   0.0033874372
1   10   9   6   0.0054223886
1   10   10   1   -0.5256019407
1   10   11   5   0.0189933029
1   10   11   6   0.0304032415
1   10   12   1   0.0276107253
1   10   13   3   0.0337879825
1   10   14   3   0.0182080025
1   11   8   5   -0.0027686790
1   11   8   6   -0.0044319209
1   11   9   1   -0.0049599908
1   11   10   5   0.0187267456
1   11   10   6   0.0299765538
1   11   11   1   -0.4807931291
1   11   12   5   0.0191271154
1   11   12   6   0.0306174398
1   11   13   4   0.0056274359
1   11   14   4   0.0030325683
1   12   8   1   0.0025844961
1   12   9   5   0.0007022535
1   12   9   6   0.0011241216
1   12   10   1   0.0276107253
1   12   11   5   0.0191555699
1   12   11   6   0.0306629878
1   12   12   1   -0.4840721958
1   12   13   3   0.0022365333
1   12   14   3   0.0012052452
1   13   8   3   0.0070063219
1   13   9   4   -0.0011141632
1   13   10   3   0.0339334470
1   13   11   4   0.0055007650
1   13   12   3   0.0016333849
1   13   13   1   -0.4974068477
1   13   13   2   0.0152362811
1   13   14   1   -0.0152362811
1   13   14   2   -0.0111787635
1   14   8   3   0.0037756361
1   14   9   4   -0.0006004113
1   14   10   3   0.0182863918
1   14   11   4   0.0029643067
1   14   12   3   0.0008802147
1   14   13   1   -0.0152362811
1   14   13   2   -0.0088840167
1   14   14   1   -0.4773440674
1   14   14   2   -0.0152362811
2   8   8   2   -0.6204183317
2   8   8   5   -0.0000000000
2   8   8   6   0.0000000000
2   8   9   5   0.1413653864
2   8   9   6   -0.0883128074
2   8   10   2   0.0043609853
2   8   11   5   0.0044599166
2   8   11   6   -0.0027861683
2   8   12   2   0.0025844961
2   8   13   3   -0.0038622151
2   8   14   3   0.0071669836
2   9   8   5   0.1413641110
2   9   8   6   -0.0883120106
2   9   9   2   -0.6204339301
2   9   9   5   0.0000000000
2   9   9   6   -0.0000000000
2   9   10   5   -0.0053661758
2   9   10   6   0.0033523203
2   9   11   2   -0.0049599908
2   9   12   5   -0.0011709835
2   9   12   6   0.0007315287
2   9   13   4   0.0005715100
2   9   14   4   -0.0010605320
2   10   8   2   0.0043609853
2   10   9   5   -0.0054223886
2   10   9   6   0.0033874372
2   10   10   2   -0.5256019407
2   10   11   5   -0.0304032415
2   10   11   6   0.0189933029
2   10   12   2   0.0276107253
2   10   13   3   -0.0182080025
2   10   14   3   0.0337879825
2   11   8   5   0.0044319209
2   11   8   6   -0.0027686790
2   11   9   2   -0.0049599908
2   11   10   5   -0.0299765538
2   11   10   6   0.0187267456
2   11   11   2   -0.4807931291
2   11   12   5   -0.0306174398
2   11   12   6   0.0191271154
2   11   13   4   -0.0030325683
2   11   14   4   0.0056274359
2   12   8   2   0.0025844961
2   12   9   5   -0.0011241216
2   12   9   6   0.0007022535
2   12   10   2   0.0276107253
2   12   11   5   -0.0306629878
2   12   11   6   0.0191555699
2   12   12   2   -0.4840721958
2   12   13   3   -0.0012052452
2   12   14   3   0.0022365333
2   13   8   3   -0.0037756361
2   13   9   4   0.0006004113
2   13   10   3   -0.0182863918
2   13   11   4   -0.0029643067
2   13   12   3   -0.0008802147
2   13   13   1   0.0152362811
2   13   13   2   -0.4773440674
2   13   14   1   -0.0088840167
2   13   14   2   0.0152362811
2   14   8   3   0.0070063219
2   14   9   4   -0.0011141632
2   14   10   3   0.0339334470
2   14   11   4   0.0055007650
2   14   12   3   0.0016333849
2   14   13   1   -0.0111787635
2   14   13   2   0.0152362811
2   14   14   1   -0.0152362811
2   14   14   2   -0.4974068477
3   8   8   3   -0.4756386978
3   8   9   4   0.0165064217
3   8   10   3   0.0019285832
3   8   11   4   -0.0045821103
3   8   12   3   0.0058647805
3   8   13   1   0.0070063219
3   8   13   2   -0.0037756361
3   8   14   1   0.0037756361
3   8   14   2   0.0070063219
3   9   8   4   0.0165062676
3   9   9   3   -0.4756371305
3   9   10   4   -0.0014552866
3   9   11   3   -0.0057863509
3   9   12   4   0.0074814126
3   9   13   5   0.0054208054
3   9   13   6   0.0030903003
3   9   14   5   -0.0030903003
3   9   14   6   0.0054208054
3   10   8   3   0.0019285832
3   10   9   4   -0.0013385645
3   10   10   3   -0.4265207691
3   10   11   4   -0.0324092641
3   10   12   3   0.0248651369
3   10   13   1   0.0339334470
3   10   13   2   -0.0182863918
3   10   14   1   0.0182863918
3   10   14   2   0.0339334470
3   11   8   4   -0.0045773498
3   11   9   3   -0.0057863509
3   11   10   4   -0.0325431545
3   11   11   3   -0.3912911523
3   11   12   4   -0.0755071910
3   11   13   5   -0.0141477228
3   11   13   6   -0.0080653537
3   11   14   5   0.0080653537
3   11   14   6   -0.0141477228
3   12   8   3   0.0058647805
3   12   9   4   0.0073305843
3   12   10   3   0.0248651369
3   12   11   4   -0.0754595227
3   12   12   3   -0.4039176036
3   12   13   1   0.0016333849
3   12   13   2   -0.0008802147
3   12   14   1   0.0008802147
3   12   14   2   0.0016333849
3   13   8   1   0.0071669836
3   13   8   2   -0.0038622151
3   13   9   5   0.0053267905
3   13   9   6   0.0030367042
3   13   10   1   0.0337879825
3   13   10   2   -0.0182080025
3   13   11   5   -0.0141329555
3   13   11   6   -0.0080569351
3   13   12   1   0.0022365333
3   13   12   2   -0.0012052452
3   13   13   3   -0.3868198881
3   14   8   1   0.0038622151
3   14   8   2   0.0071669836
3   14   9   5   -0.0030367042
3   14   9   6   0.0053267905
3   14   10   1   0.0182080025
3   14   10   2   0.0337879825
3   14   11   5   0.0080569351
3   14   11   6   -0.0141329555
3   14   12   1   0.0012052452
3   14   12   2   0.0022365333
3   14   14   3   -0.3868198881
4   8   8   4   -0.5043610743
4   8   9   3   0.0165062676
4   8   10   4   0.0008405003
4   8   11   3   -0.0045773498
4   8   12   4   0.0074445516
4   8   13   5   0.0014682112
4   8   13   6   0.0008369999
4   8   14   5   -0.0008369999
4   8   14   6   0.0014682112
4   9   8   3   0.0165064217
4   9   9   4   -0.5043734818
4   9   10   3   -0.0013385645
4   9   11   4   -0.0061931210
4   9   12   3   0.0073305843
4   9   13   1   -0.0011141632
4   9   13   2   0.0006004113
4   9   14   1   -0.0006004113
4   9   14   2   -0.0011141632
4   10   8   4   0.0008405003
4   10   9   3   -0.0014552866
4   10   10   4   -0.4662239220
4   10   11   3   -0.0325431545
4   10   12   4   0.0401802298
4   10   13   5   0.0186458706
4   10   13   6   0.0106296641
4   10   14   5   -0.0106296641
4   10   14   6   0.0186458706
4   11   8   3   -0.0045821103
4   11   9   4   -0.0061931210
4   11   10   3   -0.0324092641
4   11   11   4   -0.3992279856
4   11   12   3   -0.0754595227
4   11   13   1   0.0055007650
4   11   13   2   -0.0029643067
4   11   14   1   0.0029643067
4   11   14   2   0.0055007650
4   12   8   4   0.0074445516
4   12   9   3   0.0074814126
4   12   10   4   0.0401802298
4   12   11   3   -0.0755071910
4   12   12   4   -0.4171780438
4   12   13   5   -0.0037831983
4   12   13   6   -0.0021567310
4   12   14   5   0.0021567310
4   12   14   6   -0.0037831983
4   13   8   5   0.0015211857
4   13   8   6   0.0008671997
4   13   9   1   -0.0010605320
4   13   9   2   0.0005715100
4   13   10   5   0.0184730487
4   13   10   6   0.0105311415
4   13   11   1   0.0056274359
4   13   11   2   -0.0030325683
4   13   12   5   -0.0038209416
4   13   12   6   -0.0021782477
4   13   13   4   -0.4128831759
4   14   8   5   -0.0008671997
4   14   8   6   0.0015211857
4   14   9   1   -0.0005715100
4   14   9   2   -0.0010605320
4   14   10   5   -0.0105311415
4   14   10   6   0.0184730487
4   14   11   1   0.0030325683
4   14   11   2   0.0056274359
4   14   12   5   0.0021782477
4   14   12   6   -0.0038209416
4   14   14   4   -0.4128831759
5   8   8   1   0.0000000000
5   8   8   2   -0.0000000000
5   8   8   5   -0.5959934487
5   8   9   1   -0.0883120106
5   8   9   2   0.1413641110
5   8   10   5   0.0048238920
5   8   11   1   -0.0027686790
5   8   11   2   0.0044319209
5   8   12   5   0.0077750877
5   8   13   4   0.0015211857
5   8   14   4   -0.0008671997
5   9   8   1   -0.0883128074
5   9   8   2   0.1413653864
5   9   9   1   -0.0000000000
5   9   9   2   0.0000000000
5   9   9   5   -0.5960143724
5   9   10   1   0.0033874372
5   9   10   2   -0.0054223886
5   9   11   5   -0.0091112083
5   9   12   1   0.0007022535
5   9   12   2   -0.0011241216
5   9   13   3   0.0053267905
5   9   14   3   -0.0030367042
5   10   8   5   0.0048238920
5   10   9   1   0.0033523203
5   10   9   2   -0.0053661758
5   10   10   5   -0.4978536949
5   10   11   1   0.0187267456
5   10   11   2   -0.0299765538
5   10   12   5   0.0398165897
5   10   13   4   0.0184730487
5   10   14   4   -0.0105311415
5   11   8   1   -0.0027861683
5   11   8   2   0.0044599166
5   11   9   5   -0.0091112083
5   11   10   1   0.0189933029
5   11   10   2   -0.0304032415
5   11   11   5   -0.4218156510
5   11   12   1   0.0191555699
5   11   12   2   -0.0306629878
5   11   13   3   -0.0141329555
5   11   14   3   0.0080569351
5   12   8   5   0.0077750877
5   12   9   1   0.0007315287
5   12   9   2   -0.0011709835
5   12   10   5   0.0398165897
5   12   11   1   0.0191271154
5   12   11   2   -0.0306174398
5   12   12   5   -0.4282578966
5   12   13   4   -0.0038209416
5   12   14   4   0.0021782477
5   13   8   4   0.0014682112
5   13   9   3   0.0054208054
5   13   10   4   0.0186458706
5   13   11   3   -0.0141477228
5   13   12   4   -0.0037831983
5   13   13   5   -0.4578680691
5   13   13   6   -0.0131603903
5   13   14   5   0.0131603903
5   13   14   6   -0.0078408068
5   14   8   4   -0.0008369999
5   14   9   3   -0.0030903003
5   14   10   4   -0.0106296641
5   14   11   3   0.0080653537
5   14   12   4   0.0021567310
5   14   13   5   0.0131603903
5   14   13   6   -0.0077418065
5   14   14   5   -0.4422854558
5   14   14   6   0.0131603903
6   8   8   1   0.0000000000
6   8   8   2   0.0000000000
6   8   8   6   -0.5959934487
6   8   9   1   -0.1413641110
6   8   9   2   -0.0883120106
6   8   10   6   0.0048238920
6   8   11   1   -0.0044319209
6   8   11   2   -0.0027686790
6   8   12   6   0.0077750877
6   8   13   4   0.0008671997
6   8   14   4   0.0015211857
6   9   8   1   -0.1413653864
6   9   8   2   -0.0883128074
6   9   9   1   -0.0000000000
6   9   9   2   -0.0000000000
6   9   9   6   -0.5960143724
6   9   10   1   0.0054223886
6   9   10   2   0.0033874372
6   9   11   6   -0.0091112083
6   9   12   1   0.0011241216
6   9   12   2   0.0007022535
6   9   13   3   0.0030367042
6   9   14   3   0.0053267905
6   10   8   6   0.0048238920
6   10   9   1   0.0053661758
6   10   9   2   0.0033523203
6   10   10   6   -0.4978536949
6   10   11   1   0.0299765538
6   10   11   2   0.0187267456
6   10   12   6   0.0398165897
6   10   13   4   0.0105311415
6   10   14   4   0.0184730487
6   11   8   1   -0.0044599166
6   11   8   2   -0.0027861683
6   11   9   6   -0.0091112083
6   11   10   1   0.0304032415
6   11   10   2   0.0189933029
6   11   11   6   -0.4218156510
6   11   12   1   0.0306629878
6   11   12   2   0.0191555699
6   11   13   3   -0.0080569351
6   11   14   3   -0.0141329555
6   12   8   6   0.0077750877
6   12   9   1   0.0011709835
6   12   9   2   0.0007315287
6   12   10   6   0.0398165897
6   12   11   1   0.0306174398
6   12   11   2   0.0191271154
6   12   12   6   -0.4282578966
6   12   13   4   -0.0021782477
6   12   14   4   -0.0038209416
6   13   8   4   0.0008369999
6   13   9   3   0.0030903003
6   13   10   4   0.0106296641
6   13   11   3   -0.0080653537
6   13   12   4   -0.0021567310
6   13   13   5   -0.0131603903
6   13   13   6   -0.4422854558
6   13   14   5   -0.0077418065
6   13   14   6   -0.0131603903
6   14   8   4   0.0014682112
6   14   9   3   0.0054208054
6   14   10   4   0.0186458706
6   14   11   3   -0.0141477228
6   14   12   4   -0.0037831983
6   14   13   5   -0.0078408068
6   14   13   6   -0.0131603903
6   14   14   5   0.0131603903
6   14   14   6   -0.4578680691

End AIJB Block
Begin IJKA Block
1   8   1   9   -0.0000000000
1   8   1   10   0.0044459422
1   8   2   9   0.1261476359
1   8   3   9   0.0000000000
1   8   3   10   -0.0069136807
1   8   4   9   0.0165491813
1   8   5   10   0.0117016364
1   8   6   11   0.0131642449
1   8   6   12   0.0075046912
1   8   7   11   -0.0075046912
1   8   7   12   0.0131642449
1   9   1   9   0.1221188586
1   9   2   9   0.0000000000
1   9   2   10   0.0145399091
1   9   3   9   -0.0222482908
1   9   4   10   -0.0035281947
1   9   5   9   -0.0009373104
1   9   6   7   0.0107254080
1   9   6   8   -0.0057798140
1   9   7   7   0.0057798140
1   9   7   8   0.0107254080
1   10   1   9   0.0000000000
1   10   1   10   -0.0889163994
1   10   2   9   -0.1443320945
1   10   3   10   -0.0021427029
1   10   4   9   -0.0065471729
1   10   5   10   0.0101464334
1   10   6   11   0.0078002775
1   10   6   12   0.0044467932
1   10   7   11   -0.0044467932
1   10   7   12   0.0078002775
1   11   1   9   0.1240281078
1   11   1   10   0.0000000000
1   11   2   10   -0.0318283239
1   11   3   9   -0.0019292499
1   11   4   10   0.0001279671
1   11   5   9   -0.0061112332
1   11   6   7   -0.0119781158
1   11   6   8   0.0064548856
1   11   7   7   -0.0064548856
1   11   7   8   -0.0119781158
1   12   1   9   -0.0000000000
1   12   1   10   0.1727570369
1   12   2   9   0.0569544354
1   12   3   10   -0.0017036975
1   12   4   9   0.0002322619
1   12   5   10   -0.0067926686
1   12   6   11   0.0005213368
1   12   6   12   0.0002972044
1   12   7   11   -0.0002972044
1   12   7   12   0.0005213368
1   13   1   7   -0.0000000000
1   13   1   8   0.0000000000
1   13   1   11   0.1964226979
1   13   1   12   0.1119769274
1   13   2   7   0.1871773934
1   13   2   8   -0.1008680066
1   13   3   11   -0.0032537947
1   13   3   12   -0.0018549279
1   13   4   7   0.0003693728
1   13   4   8   -0.0001990513
1   13   5   11   -0.0052992010
1   13   5   12   -0.0030209759
1   13   6   10   0.0023505215
1   14   1   7   -0.0000000000
1   14   1   8   -0.0000000000
1   14   1   11   -0.1119769274
1   14   1   12   0.1964226979
1   14   2   7   0.1008680066
1   14   2   8   0.1871773934
1   14   3   11   0.0018549279
1   14   3   12   -0.0032537947
1   14   4   7   0.0001990513
1   14   4   8   0.0003693728
1   14   5   11   0.0030209759
1   14   5   12   -0.0052992010
1   14   7   10   0.0023505215
2   8   1   9   0.1261665024
2   8   2   9   0.0000000000
2   8   2   10   0.0044050947
2   8   3   9   -0.0220832617
2   8   4   10   -0.0038159026
2   8   5   9   -0.0011937681
2   8   6   7   0.0104094424
2   8   6   8   -0.0056095434
2   8   7   7   0.0056095434
2   8   7   8   0.0104094424
2   9   1   9   0.0000000000
2   9   1   10   0.0145407629
2   9   2   9   0.1222025192
2   9   3   9   -0.0000000000
2   9   3   10   -0.0065837340
2   9   4   9   0.0164453780
2   9   5   10   0.0110296217
2   9   6   11   0.0127771981
2   9   6   12   0.0072840430
2   9   7   11   -0.0072840430
2   9   7   12   0.0127771981
2   10   1   9   -0.1442708210
2   10   2   9   -0.0000000000
2   10   2   10   -0.0889443403
2   10   3   9   0.0032338532
2   10   4   10   -0.0062061952
2   10   5   9   0.0059411610
2   10   6   7   0.0090456878
2   10   6   8   -0.0048746298
2   10   7   7   0.0048746298
2   10   7   8   0.0090456878
2   11   1   10   -0.0318179320
2   11   2   9   0.1239961425
2   11   2   10   -0.0000000000
2   11   3   10   0.0025780643
2   11   4   9   0.0060390154
2   11   5   10   -0.0024977114
2   11   6   11   -0.0059771356
2   11   6   12   -0.0034074538
2   11   7   11   0.0034074538
2   11   7   12   -0.0059771356
2   12   1   9   0.0569359696
2   12   2   9   0.0000000000
2   12   2   10   0.1727668739
2   12   3   9   0.0001984998
2   12   4   10   0.0063595879
2   12   5   9   -0.0005896437
2   12   6   7   0.0049269795
2   12   6   8   -0.0026550995
2   12   7   7   0.0026550995
2   12   7   8   0.0049269795
2   13   1   7   0.1871213117
2   13   1   8   -0.1008377848
2   13   2   7   0.0000000000
2   13   2   8   -0.0000000000
2   13   2   11   0.1964429771
2   13   2   12   0.1119884883
2   13   3   7   -0.0046849206
2   13   3   8   0.0025246564
2   13   4   11   0.0061946444
2   13   4   12   0.0035314516
2   13   5   7   0.0033993531
2   13   5   8   -0.0018318771
2   13   6   9   -0.0070924484
2   14   1   7   0.1008377848
2   14   1   8   0.1871213117
2   14   2   7   0.0000000000
2   14   2   8   0.0000000000
2   14   2   11   -0.1119884883
2   14   2   12   0.1964429771
2   14   3   7   -0.0025246564
2   14   3   8   -0.0046849206
2   14   4   11   -0.0035314516
2   14   4   12   0.0061946444
2   14   5   7   0.0018318771
2   14   5   8   0.0033993531
2   14   7   9   -0.0070924484
3   8   1   9   0.0000000000
3   8   1   10   -0.0067366453
3   8   2   9   -0.0227691280
3   8   3   10   -0.0175471187
3   8   4   9   -0.0047861816
3   8   5   10   0.0123496319
3   8   6   11   0.0152605330
3   8   6   12   0.0086997461
3   8   7   11   -0.0086997461
3   8   7   12   0.0152605330
3   9   1   9   -0.0229086136
3   9   2   9   -0.0000000000
3   9   2   10   -0.0064437965
3   9   3   9   -0.0033360527
3   9   4   10   -0.0032114955
3   9   5   9   0.0056703010
3   9   6   7   0.0134695136
3   9   6   8   -0.0072585848
3   9   7   7   0.0072585848
3   9   7   8   0.0134695136
3   10   1   10   -0.0017696314
3   10   2   9   0.0022070944
3   10   3   10   -0.0739274322
3   10   4   9   0.0424503147
3   10   5   10   0.0355092580
3   10   6   11   0.0263707675
3   10   6   12   0.0150334842
3   10   7   11   -0.0150334842
3   10   7   12   0.0263707675
3   11   1   9   -0.0019087121
3   11   2   10   0.0023132004
3   11   3   9   0.0964335426
3   11   4   10   0.0047254894
3   11   5   9   -0.0235363928
3   11   6   7   -0.0538492849
3   11   6   8   0.0290188357
3   11   7   7   -0.0290188357
3   11   7   8   -0.0538492849
3   12   1   10   -0.0019340568
3   12   2   9   0.0004110557
3   12   3   10   0.1237203962
3   12   4   9   -0.0254456522
3   12   5   10   -0.0366260852
3   12   6   11   -0.0104390971
3   12   6   12   -0.0059511351
3   12   7   11   0.0059511351
3   12   7   12   -0.0104390971
3   13   1   11   -0.0034243367
3   13   1   12   -0.0019521507
3   13   2   7   -0.0036366942
3   13   2   8   0.0019597778
3   13   3   11   0.1190513875
3   13   3   12   0.0678689821
3   13   4   7   -0.0764054229
3   13   4   8   0.0411741106
3   13   5   11   -0.0237418954
3   13   5   12   -0.0135348130
3   13   6   10   0.0238660713
3   14   1   11   0.0019521507
3   14   1   12   -0.0034243367
3   14   2   7   -0.0019597778
3   14   2   8   -0.0036366942
3   14   3   11   -0.0678689821
3   14   3   12   0.1190513875
3   14   4   7   -0.0411741106
3   14   4   8   -0.0764054229
3   14   5   11   0.0135348130
3   14   5   12   -0.0237418954
3   14   7   10   0.0238660713
4   8   1   9   0.0168038405
4   8   2   10   -0.0038109558
4   8   3   9   -0.0049411335
4   8   4   10   0.0064912222
4   8   5   9   -0.0093477613
4   8   6   7   -0.0102807908
4   8   6   8   0.0055402143
4   8   7   7   -0.0055402143
4   8   7   8   -0.0102807908
4   9   1   10   -0.0035240918
4   9   2   9   0.0167015199
4   9   3   10   -0.0030870435
4   9   4   9   0.0082489404
4   9   5   10   -0.0130084104
4   9   6   11   -0.0108790762
4   9   6   12   -0.0062019591
4   9   7   11   0.0062019591
4   9   7   12   -0.0108790762
4   10   1   9   -0.0063676975
4   10   2   10   -0.0060727578
4   10   3   9   0.0431567491
4   10   4   10   -0.0190618244
4   10   5   9   0.0360430012
4   10   6   7   -0.0325933459
4   10   6   8   0.0175642249
4   10   7   7   -0.0175642249
4   10   7   8   -0.0325933459
4   11   1   10   0.0001411754
4   11   2   9   0.0063212684
4   11   3   10   0.0042757353
4   11   4   9   0.0400201781
4   11   5   10   -0.0014235242
4   11   6   11   0.0097606551
4   11   6   12   0.0055643680
4   11   7   11   -0.0055643680
4   11   7   12   0.0097606551
4   12   1   9   -0.0000427765
4   12   2   10   0.0062919754
4   12   3   9   -0.0260862430
4   12   4   10   0.0573333641
4   12   5   9   -0.0516435937
4   12   6   7   -0.0256011057
4   12   6   8   0.0137961773
4   12   7   7   -0.0137961773
4   12   7   8   -0.0256011057
4   13   1   7   0.0004002551
4   13   1   8   -0.0002156934
4   13   2   11   0.0062797012
4   13   2   12   0.0035799409
4   13   3   7   -0.0765084864
4   13   3   8   0.0412296505
4   13   4   11   0.0773664048
4   13   4   12   0.0441051487
4   13   5   7   -0.1065510001
4   13   5   8   0.0574192577
4   13   6   9   0.0197481156
4   14   1   7   0.0002156934
4   14   1   8   0.0004002551
4   14   2   11   -0.0035799409
4   14   2   12   0.0062797012
4   14   3   7   -0.0412296505
4   14   3   8   -0.0765084864
4   14   4   11   -0.0441051487
4   14   4   12   0.0773664048
4   14   5   7   -0.0574192577
4   14   5   8   -0.1065510001
4   14   7   9   0.0197481156
5   8   1   10   0.0115784921
5   8   2   9   -0.0009087513
5   8   3   10   0.0122064926
5   8   4   9   -0.0094797765
5   8   5   10   0.0025801592
5   8   6   11   0.0036779458
5   8   6   12   0.0020967285
5   8   7   11   -0.0020967285
5   8   7   12   0.0036779458
5   9   1   9   -0.0006773548
5   9   2   10   0.0109326787
5   9   3   9   0.0057843828
5   9   4   10   -0.0130017932
5   9   5   9   0.0057890814
5   9   6   7   0.0037517126
5   9   6   8   -0.0020217600
5   9   7   7   0.0020217600
5   9   7   8   0.0037517126
5   10   1   10   0.0096649254
5   10   2   9   0.0062307370
5   10   3   10   0.0354260242
5   10   4   9   0.0362740496
5   10   5   10   -0.0393350069
5   10   6   11   -0.0024009068
5   10   6   12   -0.0013687123
5   10   7   11   0.0013687123
5   10   7   12   -0.0024009068
5   11   1   9   -0.0062420737
5   11   2   10   -0.0023172506
5   11   3   9   -0.0232554611
5   11   4   10   -0.0012041772
5   11   5   9   0.0369891149
5   11   6   7   -0.0238041445
5   11   6   8   0.0128278130
5   11   7   7   -0.0128278130
5   11   7   8   -0.0238041445
5   12   1   10   -0.0064825014
5   12   2   9   -0.0005116471
5   12   3   10   -0.0363970524
5   12   4   9   -0.0519027799
5   12   5   10   0.0688228066
5   12   6   11   0.0032718059
5   12   6   12   0.0018651957
5   12   7   11   -0.0018651957
5   12   7   12   0.0032718059
5   13   1   11   -0.0052494646
5   13   1   12   -0.0029926221
5   13   2   7   0.0028997409
5   13   2   8   -0.0015626411
5   13   3   11   -0.0240953428
5   13   3   12   -0.0137363068
5   13   4   7   -0.1065661545
5   13   4   8   0.0574274242
5   13   5   11   0.0840718811
5   13   5   12   0.0479278160
5   13   6   10   0.0066964650
5   14   1   11   0.0029926221
5   14   1   12   -0.0052494646
5   14   2   7   0.0015626411
5   14   2   8   0.0028997409
5   14   3   11   0.0137363068
5   14   3   12   -0.0240953428
5   14   4   7   -0.0574274242
5   14   4   8   -0.1065661545
5   14   5   11   -0.0479278160
5   14   5   12   0.0840718811
5   14   7   10   0.0066964650
6   8   1   11   0.0132561345
6   8   1   12   0.0075570757
6   8   2   7   0.0112918867
6   8   2   8   -0.0060850837
6   8   3   11   0.0150943048
6   8   3   12   0.0086049825
6   8   4   7   -0.0103460315
6   8   4   8   0.0055753719
6   8   5   11   0.0037775201
6   8   5   12   0.0021534940
6   8   6   10   -0.0050264187
6   9   1   7   0.0115637534
6   9   1   8   -0.0062315899
6   9   2   11   0.0128852107
6   9   2   12   0.0073456190
6   9   3   7   0.0136540975
6   9   3   8   -0.0073580552
6   9   4   11   -0.0108797079
6   9   4   12   -0.0062023192
6   9   5   7   0.0038681480
6   9   5   8   -0.0020845059
6   9   6   9   -0.0003072868
6   10   1   11   0.0072509259
6   10   1   12   0.0041336180
6   10   2   7   0.0094553497
6   10   2   8   -0.0050953924
6   10   3   11   0.0254925482
6   10   3   12   0.0145328277
6   10   4   7   -0.0313525782
6   10   4   8   0.0168955877
6   10   5   11   -0.0012987717
6   10   5   12   -0.0007404056
6   10   6   10   -0.0238258412
6   11   1   7   -0.0115856840
6   11   1   8   0.0062434081
6   11   2   11   -0.0054831121
6   11   2   12   -0.0031258202
6   11   3   7   -0.0516426214
6   11   3   8   0.0278296871
6   11   4   11   0.0099644935
6   11   4   12   0.0056805725
6   11   5   7   -0.0249358890
6   11   5   8   0.0134376987
6   11   6   9   0.0709872602
6   12   1   11   0.0004167429
6   12   1   12   0.0002375774
6   12   2   7   0.0047589833
6   12   2   8   -0.0025645680
6   12   3   11   -0.0097654023
6   12   3   12   -0.0055670742
6   12   4   7   -0.0271344308
6   12   4   8   0.0146224707
6   12   5   11   0.0033671730
6   12   5   12   0.0019195627
6   12   6   10   0.0779514488
6   13   1   10   0.0023053974
6   13   2   9   -0.0065138849
6   13   3   10   0.0222975505
6   13   4   9   0.0188553547
6   13   5   10   0.0063493337
6   13   6   11   0.0820847756
6   13   6   12   0.0467950041
6   13   7   11   -0.0008505508
6   13   7   12   0.0014919813
6   14   6   11   -0.0452939391
6   14   6   12   0.0794517043
6   14   7   11   0.0011410900
6   14   7   12   0.0006505142
7   8   1   11   -0.0075570757
7   8   1   12   0.0132561345
7   8   2   7   0.0060850837
7   8   2   8   0.0112918867
7   8   3   11   -0.0086049825
7   8   3   12   0.0150943048
7   8   4   7   -0.0055753719
7   8   4   8   -0.0103460315
7   8   5   11   -0.0021534940
7   8   5   12   0.0037775201
7   8   7   10   -0.0050264187
7   9   1   7   0.0062315899
7   9   1   8   0.0115637534
7   9   2   11   -0.0073456190
7   9   2   12   0.0128852107
7   9   3   7   0.0073580552
7   9   3   8   0.0136540975
7   9   4   11   0.0062023192
7   9   4   12   -0.0108797079
7   9   5   7   0.0020845059
7   9   5   8   0.0038681480
7   9   7   9   -0.0003072868
7   10   1   11   -0.0041336180
7   10   1   12   0.0072509259
7   10   2   7   0.0050953924
7   10   2   8   0.0094553497
7   10   3   11   -0.0145328277
7   10   3   12   0.0254925482
7   10   4   7   -0.0168955877
7   10   4   8   -0.0313525782
7   10   5   11   0.0007404056
7   10   5   12   -0.0012987717
7   10   7   10   -0.0238258412
7   11   1   7   -0.0062434081
7   11   1   8   -0.0115856840
7   11   2   11   0.0031258202
7   11   2   12   -0.0054831121
7   11   3   7   -0.0278296871
7   11   3   8   -0.0516426214
7   11   4   11   -0.0056805725
7   11   4   12   0.0099644935
7   11   5   7   -0.0134376987
7   11   5   8   -0.0249358890
7   11   7   9   0.0709872602
7   12   1   11   -0.0002375774
7   12   1   12   0.0004167429
7   12   2   7   0.0025645680
7   12   2   8   0.0047589833
7   12   3   11   0.0055670742
7   12   3   12   -0.0097654023
7   12   4   7   -0.0146224707
7   12   4   8   -0.0271344308
7   12   5   11   -0.0019195627
7   12   5   12   0.0033671730
7   12   7   10   0.0779514488
7   13   6   11   -0.0006505142
7   13   6   12   0.0011410900
7   13   7   11   0.0794517043
7   13   7   12   0.0452939391
7   14   1   10   0.0023053974
7   14   2   9   -0.0065138849
7   14   3   10   0.0222975505
7   14   4   9   0.0188553547
7   14   5   10   0.0063493337
7   14   6   11   0.0014919813
7   14   6   12   0.0008505508
7   14   7   11   -0.0467950041
7   14   7   12   0.0820847756

End IJKA Block
Begin IABC Block
1   7   1   10   0.0013367493
1   7   3   11   0.0016377998
1   7   3   12   0.0026216832
1   7   4   7   -0.0004674988
1   7   5   9   -0.0048361140
1   7   6   9   -0.0077413361
1   8   2   10   0.0013367493
1   8   3   11   -0.0026216832
1   8   3   12   0.0016377998
1   8   4   8   -0.0004674988
1   8   5   9   0.0077413361
1   8   6   9   -0.0048361140
1   9   1   11   -0.0032715336
1   9   1   12   -0.0052368577
1   9   2   11   0.0052368577
1   9   2   12   -0.0032715336
1   9   3   10   -0.0013563942
1   9   4   9   -0.0034084259
1   9   5   7   -0.0047909509
1   9   5   8   0.0076690420
1   9   6   7   -0.0076690420
1   9   6   8   -0.0047909509
1   10   1   7   0.0013514073
1   10   2   8   0.0013514073
1   10   3   9   -0.0013732209
1   10   4   10   -0.0047078750
1   10   5   11   -0.0019096324
1   10   6   12   -0.0019096324
1   11   1   9   -0.0032929595
1   11   2   9   0.0052711550
1   11   3   7   0.0016322330
1   11   3   8   -0.0026127722
1   11   4   11   -0.0034353173
1   11   5   10   -0.0019174739
1   12   1   9   -0.0052711550
1   12   2   9   -0.0032929595
1   12   3   7   0.0026127722
1   12   3   8   0.0016322330
1   12   4   12   -0.0034353173
1   12   6   10   -0.0019174739
2   7   1   9   -0.0077835567
2   7   3   7   0.0019043776
2   7   4   11   0.0004574389
2   7   4   12   0.0007322384
2   7   5   10   0.0006930523
2   7   6   10   0.0011093930
2   8   2   9   -0.0077835567
2   8   3   8   0.0019043776
2   8   4   11   -0.0007322384
2   8   4   12   0.0004574389
2   8   5   10   -0.0011093930
2   8   6   10   0.0006930523
2   9   1   7   -0.0077615063
2   9   2   8   -0.0077615063
2   9   3   9   0.0008388290
2   9   4   10   -0.0049691687
2   9   5   11   -0.0072354632
2   9   6   12   -0.0072354632
2   10   1   11   -0.0007560140
2   10   1   12   -0.0012101779
2   10   2   11   0.0012101779
2   10   2   12   -0.0007560140
2   10   3   10   0.0001246272
2   10   4   9   -0.0049264913
2   10   5   7   0.0007015033
2   10   5   8   -0.0011229208
2   10   6   7   0.0011229208
2   10   6   8   0.0007015033
2   11   1   10   -0.0007576284
2   11   2   10   0.0012127622
2   11   3   11   0.0019596036
2   11   4   7   0.0004567524
2   11   4   8   -0.0007311395
2   11   5   9   -0.0072204448
2   12   1   10   -0.0012127622
2   12   2   10   -0.0007576284
2   12   3   12   0.0019596036
2   12   4   7   0.0007311395
2   12   4   8   0.0004567524
2   12   6   9   -0.0072204448
3   7   1   10   0.0039345721
3   7   3   11   -0.0179000514
3   7   3   12   -0.0286532357
3   7   4   7   -0.0207370825
3   7   5   9   -0.0094474981
3   7   6   9   -0.0151229393
3   8   2   10   0.0039345721
3   8   3   11   0.0286532357
3   8   3   12   -0.0179000514
3   8   4   8   -0.0207370825
3   8   5   9   0.0151229393
3   8   6   9   -0.0094474981
3   9   1   11   -0.0086420335
3   9   1   12   -0.0138336040
3   9   2   11   0.0138336040
3   9   2   12   -0.0086420335
3   9   3   10   -0.0012513809
3   9   4   9   -0.0267809904
3   9   5   7   -0.0087588986
3   9   5   8   0.0140206740
3   9   6   7   -0.0140206740
3   9   6   8   -0.0087588986
3   10   1   7   0.0047267693
3   10   2   8   0.0047267693
3   10   3   9   -0.0019374708
3   10   4   10   -0.0266398226
3   10   5   11   -0.0023078819
3   10   6   12   -0.0023078819
3   11   1   9   -0.0092222731
3   11   2   9   0.0147624138
3   11   3   7   -0.0177235554
3   11   3   8   0.0283707124
3   11   4   11   -0.0210832198
3   11   5   10   -0.0027310734
3   12   1   9   -0.0147624138
3   12   2   9   -0.0092222731
3   12   3   7   -0.0283707124
3   12   3   8   -0.0177235554
3   12   4   12   -0.0210832198
3   12   6   10   -0.0027310734
4   7   1   9   0.0236672971
4   7   3   7   0.0569351709
4   7   4   11   -0.0065905037
4   7   4   12   -0.0105496487
4   7   5   10   -0.0025373480
4   7   6   10   -0.0040616214
4   8   2   9   0.0236672971
4   8   3   8   0.0569351709
4   8   4   11   0.0105496487
4   8   4   12   -0.0065905037
4   8   5   10   0.0040616214
4   8   6   10   -0.0025373480
4   9   1   7   0.0231944965
4   9   2   8   0.0231944965
4   9   3   9   0.0143504901
4   9   4   10   -0.0202423058
4   9   5   11   0.0071157130
4   9   6   12   0.0071157130
4   10   1   11   0.0027056858
4   10   1   12   0.0043310855
4   10   2   11   -0.0043310855
4   10   2   12   0.0027056858
4   10   3   10   0.0273917342
4   10   4   9   -0.0199973750
4   10   5   7   -0.0024616684
4   10   5   8   0.0039404783
4   10   6   7   -0.0039404783
4   10   6   8   -0.0024616684
4   11   1   10   0.0024881618
4   11   2   10   -0.0039828872
4   11   3   11   0.0542449161
4   11   4   7   -0.0062539451
4   11   4   8   0.0100109077
4   11   5   9   0.0068502703
4   12   1   10   0.0039828872
4   12   2   10   0.0024881618
4   12   3   12   0.0542449161
4   12   4   7   -0.0100109077
4   12   4   8   -0.0062539451
4   12   6   9   0.0068502703
5   7   1   10   0.0039374883
5   7   3   11   0.0014222248
5   7   3   12   0.0022766048
5   7   4   7   0.0644331148
5   7   5   9   0.0003545658
5   7   6   9   0.0005675658
5   8   2   10   0.0039374883
5   8   3   11   -0.0022766048
5   8   3   12   0.0014222248
5   8   4   8   0.0644331148
5   8   5   9   -0.0005675658
5   8   6   9   0.0003545658
5   9   1   11   -0.0044208999
5   9   1   12   -0.0070766885
5   9   2   11   0.0070766885
5   9   2   12   -0.0044208999
5   9   3   10   -0.0381055270
5   9   4   9   0.0233448546
5   9   5   7   0.0007074221
5   9   5   8   -0.0011323952
5   9   6   7   0.0011323952
5   9   6   8   0.0007074221
5   10   1   7   0.0036108902
5   10   2   8   0.0036108902
5   10   3   9   -0.0364946698
5   10   4   10   0.0415773851
5   10   5   11   0.0064826629
5   10   6   12   0.0064826629
5   11   1   9   -0.0040965208
5   11   2   9   0.0065574435
5   11   3   7   0.0025071637
5   11   3   8   -0.0040133042
5   11   4   11   0.0629480017
5   11   5   10   0.0059763990
5   12   1   9   -0.0065574435
5   12   2   9   -0.0040965208
5   12   3   7   0.0040133042
5   12   3   8   0.0025071637
5   12   4   12   0.0629480017
5   12   6   10   0.0059763990
6   7   1   11   0.0238333774
6   7   1   12   0.0341523483
6   7   2   11   -0.0129294313
6   7   2   12   -0.0133944937
6   7   3   10   -0.0048965573
6   7   4   9   -0.0096739043
6   7   5   7   0.0786355449
6   7   5   8   -0.0040380302
6   7   6   7   0.0489118518
6   7   6   8   -0.0000792163
6   8   1   11   -0.0297640689
6   8   1   12   0.0161357409
6   8   2   11   0.0210921302
6   8   2   12   -0.0085411518
6   8   3   10   0.0026387053
6   8   4   9   0.0052131693
6   8   5   7   -0.0044386255
6   8   5   8   0.0780912792
6   8   6   7   0.0006234820
6   8   6   8   0.0404351962
6   9   1   10   -0.0386420659
6   9   2   10   0.0208238190
6   9   3   11   0.0082113005
6   9   3   12   0.0046811097
6   9   4   7   -0.0093457951
6   9   4   8   0.0050363546
6   9   5   9   0.0488498970
6   9   6   9   0.0278484179
6   10   1   9   -0.0381039385
6   10   2   9   0.0205338275
6   10   3   7   -0.0046207414
6   10   3   8   0.0024900709
6   10   4   11   -0.0090307325
6   10   4   12   -0.0051482527
6   10   5   10   0.0464469692
6   10   6   10   0.0264785534
6   11   1   7   0.0243121146
6   11   1   8   -0.0296987981
6   11   2   7   -0.0134463032
6   11   2   8   0.0215418712
6   11   3   9   0.0087626499
6   11   4   10   -0.0088892357
6   11   5   11   0.0628098945
6   11   5   12   -0.0000527105
6   11   6   11   0.0358847004
6   11   6   12   -0.0000442693
6   12   1   7   0.0346428030
6   12   1   8   0.0156396604
6   12   2   7   -0.0128694170
6   12   2   8   -0.0085022983
6   12   3   9   0.0049954238
6   12   4   10   -0.0050675880
6   12   5   11   -0.0000252371
6   12   5   12   0.0629466251
6   12   6   11   -0.0000924613
6   12   6   12   0.0358067528
7   7   1   11   0.0085411518
7   7   1   12   0.0210921302
7   7   2   11   0.0161357409
7   7   2   12   0.0297640689
7   7   3   10   -0.0026387053
7   7   4   9   -0.0052131693
7   7   5   7   -0.0404351962
7   7   5   8   0.0006234820
7   7   6   7   0.0780912792
7   7   6   8   0.0044386255
7   8   1   11   -0.0133944937
7   8   1   12   0.0129294313
7   8   2   11   -0.0341523483
7   8   2   12   0.0238333774
7   8   3   10   -0.0048965573
7   8   4   9   -0.0096739043
7   8   5   7   -0.0000792163
7   8   5   8   -0.0489118518
7   8   6   7   0.0040380302
7   8   6   8   0.0786355449
7   9   1   10   -0.0208238190
7   9   2   10   -0.0386420659
7   9   3   11   -0.0046811097
7   9   3   12   0.0082113005
7   9   4   7   -0.0050363546
7   9   4   8   -0.0093457951
7   9   5   9   -0.0278484179
7   9   6   9   0.0488498970
7   10   1   9   -0.0205338275
7   10   2   9   -0.0381039385
7   10   3   7   -0.0024900709
7   10   3   8   -0.0046207414
7   10   4   11   0.0051482527
7   10   4   12   -0.0090307325
7   10   5   10   -0.0264785534
7   10   6   10   0.0464469692
7   11   1   7   0.0085022983
7   11   1   8   -0.0128694170
7   11   2   7   0.0156396604
7   11   2   8   -0.0346428030
7   11   3   9   -0.0049954238
7   11   4   10   0.0050675880
7   11   5   11   -0.0358067528
7   11   5   12   -0.0000924613
7   11   6   11   0.0629466251
7   11   6   12   0.0000252371
7   12   1   7   0.0215418712
7   12   1   8   0.0134463032
7   12   2   7   0.0296987981
7   12   2   8   0.0243121146
7   12   3   9   0.0087626499
7   12   4   10   -0.0088892357
7   12   5   11   -0.0000442693
7   12   5   12   -0.0358847004
7   12   6   11   0.0000527105
7   12   6   12   0.0628098945

End IABC Block
