Begin IJ Block
1   1   -2.8600545989
2   2   -2.7370706440
3   3   -2.7370706440

End IJ Block
Begin IA Block
1   3   -0.0000000000
2   1   0.0000000000
2   2   0.0000000000
3   1   0.0000000000
3   2   -0.0000000000

End IA Block
Begin AB Block
1   1   -2.5131902673
2   2   -2.5131902673
3   3   -2.3415617082

End AB Block
Begin IJKL Block
1   4   1   4   0.5034564457
1   4   2   5   0.0160526094
1   4   3   6   0.0160526094
1   5   1   5   0.4545773704
1   5   2   4   0.0177560978
1   6   1   6   0.4545773704
1   6   3   4   0.0177560978
2   4   1   5   0.0177560978
2   4   2   4   0.4545773704
2   5   1   4   0.0160526094
2   5   2   5   0.4771124504
2   5   3   6   0.0140262081
2   6   2   6   0.4477919284
2   6   3   5   0.0152943139
3   4   1   6   0.0177560978
3   4   3   4   0.4545773704
3   5   2   6   0.0152943139
3   5   3   5   0.4477919284
3   6   1   4   0.0160526094
3   6   2   5   0.0140262081
3   6   3   6   0.4771124504

End IJKL Block
Begin IJAB Block
1   4   1   4   0.0216001434
1   4   2   5   0.0216001434
1   4   3   6   0.1270779492
1   5   1   6   -0.0047418921
1   5   2   6   -0.0100973133
1   5   3   4   -0.0484135224
1   5   3   5   -0.1030910229
1   6   1   6   -0.0100973133
1   6   2   6   0.0047418921
1   6   3   4   -0.1030910229
1   6   3   5   0.0484135224
2   4   1   6   -0.0484135224
2   4   2   6   -0.1030910229
2   4   3   4   -0.0047418921
2   4   3   5   -0.0100973133
2   5   1   4   0.0456463454
2   5   1   5   0.0602273134
2   5   2   4   0.0602273134
2   5   2   5   0.1456095743
2   5   3   6   0.0226214455
2   6   1   4   0.0602273134
2   6   1   5   -0.0093327662
2   6   2   4   0.1092959951
2   6   2   5   -0.0602273134
3   4   1   6   -0.1030910229
3   4   2   6   0.0484135224
3   4   3   4   -0.0100973133
3   4   3   5   0.0047418921
3   5   1   4   0.0602273134
3   5   1   5   0.1092959951
3   5   2   4   -0.0093327662
3   5   2   5   -0.0602273134
3   6   1   4   0.1456095743
3   6   1   5   -0.0602273134
3   6   2   4   -0.0602273134
3   6   2   5   0.0456463454
3   6   3   6   0.0226214455

End IJAB Block
Begin ABCD Block
1   4   1   4   0.4616942520
1   4   2   5   0.0132591491
1   4   3   6   0.0187704052
1   5   1   5   0.4307669739
1   5   2   4   0.0176681290
1   6   1   6   0.4289674652
1   6   3   4   0.0193774118
2   4   1   5   0.0176681290
2   4   2   4   0.4307669739
2   5   1   4   0.0132591491
2   5   2   5   0.4616942520
2   5   3   6   0.0187704052
2   6   2   6   0.4289674652
2   6   3   5   0.0193774118
3   4   1   6   0.0193774118
3   4   3   4   0.4289674652
3   5   2   6   0.0193774118
3   5   3   5   0.4289674652
3   6   1   4   0.0187704052
3   6   2   5   0.0187704052
3   6   3   6   0.4607341591

End ABCD Block
Begin AIJB Block
1   4   1   4   0.0247472802
1   4   2   6   -0.0496764569
1   4   3   6   -0.1057802966
1   5   1   6   -0.0033081175
1   5   2   4   0.0458065494
1   5   2   5   0.0605029564
1   5   3   4   0.0605029564
1   5   3   5   0.1120310954
1   6   1   6   -0.0070442554
1   6   2   4   0.0605029564
1   6   2   5   -0.0116103638
1   6   3   4   0.1462272810
1   6   3   5   -0.0605029564
2   4   1   5   0.0247472802
2   4   2   6   -0.1057802966
2   4   3   6   0.0496764569
2   5   1   6   -0.0070442554
2   5   2   4   0.0605029564
2   5   2   5   0.1462272810
2   5   3   4   -0.0116103638
2   5   3   5   -0.0605029564
2   6   1   6   0.0033081175
2   6   2   4   0.1120310954
2   6   2   5   -0.0605029564
2   6   3   4   -0.0605029564
2   6   3   5   0.0458065494
3   4   1   6   0.1288202912
3   4   2   4   -0.0033081175
3   4   2   5   -0.0070442554
3   4   3   4   -0.0070442554
3   4   3   5   0.0033081175
3   5   1   4   -0.0496764569
3   5   1   5   -0.1057802966
3   5   2   6   0.0246952184
3   6   1   4   -0.1057802966
3   6   1   5   0.0496764569
3   6   3   6   0.0246952184

1   4   4   1   -0.4592593774
1   4   5   3   0.0050010419
1   4   6   3   0.0106491431
1   5   4   3   0.0052993884
1   5   5   1   -0.4502070400
1   5   5   2   -0.0134546302
1   5   6   1   -0.0134546302
1   5   6   2   -0.0095475020
1   6   4   3   0.0112844376
1   6   5   1   -0.0134546302
1   6   5   2   -0.0127840317
1   6   6   1   -0.4725385737
1   6   6   2   0.0134546302
2   4   4   2   -0.4592593774
2   4   5   3   0.0106491431
2   4   6   3   -0.0050010419
2   5   4   3   0.0112844376
2   5   5   1   -0.0134546302
2   5   5   2   -0.4725385737
2   5   6   1   -0.0127840317
2   5   6   2   0.0134546302
2   6   4   3   -0.0052993884
2   6   5   1   -0.0095475020
2   6   5   2   0.0134546302
2   6   6   1   0.0134546302
2   6   6   2   -0.4502070400
3   4   4   3   -0.4822308312
3   4   5   1   0.0052993884
3   4   5   2   0.0112844376
3   4   6   1   0.0112844376
3   4   6   2   -0.0052993884
3   5   4   1   0.0050010419
3   5   4   2   0.0106491431
3   5   5   3   -0.4519851035
3   6   4   1   0.0106491431
3   6   4   2   -0.0050010419
3   6   6   3   -0.4519851035

End AIJB Block
Begin IJKA Block
1   5   2   6   0.0000000000
1   6   3   6   0.0000000000
2   4   2   6   0.0000000000
2   5   2   4   -0.0000000000
2   5   2   5   -0.0000000000
2   6   2   4   -0.0000000000
2   6   2   5   0.0000000000
3   4   3   6   0.0000000000
3   5   3   4   -0.0000000000
3   5   3   5   -0.0000000000
3   6   3   4   -0.0000000000
3   6   3   5   0.0000000000

End IJKA Block
Begin IABC Block
1   4   3   4   -0.0000000000
1   5   3   5   -0.0000000000
2   4   1   4   0.0000000000
2   4   2   4   0.0000000000
2   5   1   5   0.0000000000
2   5   2   5   0.0000000000
2   6   2   6   0.0000000000
3   4   1   4   0.0000000000
3   4   2   4   -0.0000000000
3   5   1   5   0.0000000000
3   5   2   5   -0.0000000000
3   6   1   6   0.0000000000

End IABC Block
