Begin IJ Block
1   1   -1.9063991597
2   2   -1.7732242397
2   3   0.0000000155
3   3   -1.7676352214

End IJ Block
Begin IA Block
1   3   -0.0024002574

End IA Block
Begin AB Block
1   1   -1.3835232008
1   2   -0.0000000267
2   2   -1.3931911909
3   3   -0.9472887244
4   4   -0.8573138880

End AB Block
Begin IJKL Block
1   4   1   4   0.2912958350
1   4   2   5   0.0028204785
1   4   2   6   0.0000000043
1   4   3   5   0.0000000043
1   4   3   6   0.0043485674
1   5   1   5   0.2730826481
1   5   1   6   -0.0000000061
1   5   2   4   0.0044049587
1   5   3   4   0.0000000035
1   6   1   5   -0.0000000061
1   6   1   6   0.2708801581
1   6   2   4   0.0000000035
1   6   3   4   0.0056449916
2   4   1   5   0.0044049587
2   4   1   6   0.0000000035
2   4   2   4   0.2730826481
2   4   3   4   -0.0000000061
2   5   1   4   0.0028204785
2   5   2   5   0.3139767696
2   5   2   6   -0.0000000000
2   5   3   5   -0.0000000000
2   5   3   6   0.0199780409
2   6   1   4   0.0000000043
2   6   2   5   -0.0000000000
2   6   2   6   0.2722714371
2   6   3   5   0.0217247645
3   4   1   5   0.0000000035
3   4   1   6   0.0056449916
3   4   2   4   -0.0000000061
3   4   3   4   0.2708801581
3   5   1   4   0.0000000043
3   5   2   5   -0.0000000000
3   5   2   6   0.0217247645
3   5   3   5   0.2722714371
3   6   1   4   0.0043485674
3   6   2   5   0.0199780409
3   6   3   6   0.3139734123

End IJKL Block
Begin IJAB Block
1   4   1   5   0.0035750556
1   4   1   6   0.0000000032
1   4   2   5   0.0000000032
1   4   2   6   0.0047243815
1   4   3   7   0.0075459127
1   4   4   8   0.0080738850
1   5   1   8   0.0000000019
1   5   2   8   0.0027211563
1   5   4   5   0.0000000056
1   5   4   6   0.0055290483
1   6   1   8   -0.0013826445
1   6   2   8   -0.0000000031
1   6   4   5   -0.0016073011
1   6   4   6   -0.0000000092
2   4   1   8   0.0000000056
2   4   2   8   0.0055290483
2   4   4   5   0.0000000019
2   4   4   6   0.0027211563
2   5   1   5   0.0337308559
2   5   1   6   -0.0000000004
2   5   2   5   -0.0000000004
2   5   2   6   0.0598082474
2   5   3   7   0.0019853072
2   5   4   8   0.0021516837
2   6   1   5   0.0000000006
2   6   1   6   -0.0357895936
2   6   2   5   0.0097946077
2   6   2   6   -0.0000000007
2   6   3   7   -0.0000000001
2   6   4   8   -0.0000000015
3   4   1   8   -0.0016073011
3   4   2   8   -0.0000000092
3   4   4   5   -0.0013826445
3   4   4   6   -0.0000000031
3   5   1   5   0.0000000006
3   5   1   6   0.0097946077
3   5   2   5   -0.0357895936
3   5   2   6   -0.0000000007
3   5   3   7   -0.0000000001
3   5   4   8   -0.0000000015
3   6   1   5   0.0597144217
3   6   1   6   0.0000000006
3   6   2   5   0.0000000006
3   6   2   6   0.0337435409
3   6   3   7   0.0019074686
3   6   4   8   0.0006293033

End IJAB Block
Begin ABCD Block
1   5   1   5   0.2806400195
1   5   1   6   0.0000000000
1   5   2   5   0.0000000000
1   5   2   6   0.0112231003
1   5   3   7   0.0015381248
1   5   4   8   0.0007262371
1   6   1   5   0.0000000000
1   6   1   6   0.2567926961
1   6   2   5   0.0126317802
1   6   2   6   0.0000000000
1   6   3   7   0.0000000000
1   6   4   8   0.0000000009
1   7   1   7   0.1859416922
1   7   3   5   0.0018710933
1   8   1   8   0.1705274784
1   8   2   8   0.0000000105
1   8   4   5   0.0009184110
1   8   4   6   0.0000000010
2   5   1   5   0.0000000000
2   5   1   6   0.0126317802
2   5   2   5   0.2567926961
2   5   2   6   0.0000000000
2   5   3   7   0.0000000000
2   5   4   8   0.0000000009
2   6   1   5   0.0112231003
2   6   1   6   0.0000000000
2   6   2   5   0.0000000000
2   6   2   6   0.2806593098
2   6   3   7   0.0015497722
2   6   4   8   0.0016483774
2   7   2   7   0.1859417041
2   7   3   6   0.0018710966
2   8   1   8   0.0000000105
2   8   2   8   0.1812380697
2   8   4   5   0.0000000010
2   8   4   6   0.0019598727
3   5   1   7   0.0018710933
3   5   3   5   0.1859416922
3   6   2   7   0.0018710966
3   6   3   6   0.1859417041
3   7   1   5   0.0015381248
3   7   1   6   0.0000000000
3   7   2   5   0.0000000000
3   7   2   6   0.0015497722
3   7   3   7   0.1713853311
3   7   4   8   0.0556715951
3   8   3   8   0.1673758041
3   8   4   7   0.0557127433
4   5   1   8   0.0009184110
4   5   2   8   0.0000000010
4   5   4   5   0.1705274784
4   5   4   6   0.0000000105
4   6   1   8   0.0000000010
4   6   2   8   0.0019598727
4   6   4   5   0.0000000105
4   6   4   6   0.1812380697
4   7   3   8   0.0557127433
4   7   4   7   0.1673758041
4   8   1   5   0.0007262371
4   8   1   6   0.0000000009
4   8   2   5   0.0000000009
4   8   2   6   0.0016483774
4   8   3   7   0.0556715951
4   8   4   8   0.1816395802

End ABCD Block
Begin AIJB Block
1   4   1   5   0.0042621120
1   4   1   6   0.0000000058
1   4   2   8   0.0000000066
1   4   3   8   -0.0011101450
1   5   1   8   0.0000000011
1   5   2   5   0.0403909951
1   5   2   6   -0.0000000003
1   5   3   5   0.0000000004
1   5   3   6   0.0141601390
1   6   1   8   -0.0005656676
1   6   2   5   0.0000000004
1   6   2   6   -0.0318805428
1   6   3   5   0.0581021247
1   6   3   6   0.0000000004
2   4   1   5   0.0000000058
2   4   1   6   0.0063436580
2   4   2   8   0.0054018044
2   4   3   8   -0.0000000095
2   5   1   8   0.0014120347
2   5   2   5   -0.0000000003
2   5   2   6   0.0581627681
2   5   3   5   -0.0318805428
2   5   3   6   -0.0000000005
2   6   1   8   -0.0000000021
2   6   2   5   0.0141601390
2   6   2   6   -0.0000000005
2   6   3   5   0.0000000004
2   6   3   6   0.0403909875
3   4   1   7   0.0062055774
3   5   2   7   0.0020941288
3   6   3   7   0.0020941258
4   4   1   8   0.0067905556
4   4   2   5   0.0000000011
4   4   2   6   0.0014120347
4   4   3   5   -0.0005656676
4   4   3   6   -0.0000000021
4   5   1   5   0.0000000066
4   5   1   6   0.0054018044
4   5   2   8   0.0022312441
4   5   3   8   -0.0000000015
4   6   1   5   -0.0011101450
4   6   1   6   -0.0000000095
4   6   2   8   -0.0000000015
4   6   3   8   0.0006743850

1   4   4   1   -0.2619445579
1   4   4   2   -0.0000000162
1   4   5   4   -0.0000000009
1   4   6   4   0.0002916282
1   5   4   4   -0.0000000009
1   5   5   1   -0.2703717758
1   5   5   2   0.0000000006
1   5   6   1   -0.0000000006
1   5   6   2   0.0137762562
1   6   4   4   0.0003473035
1   6   5   1   -0.0000000006
1   6   5   2   0.0130184003
1   6   6   1   -0.2971654168
1   6   6   2   -0.0000000006
2   4   4   1   -0.0000000162
2   4   4   2   -0.2678097211
2   4   5   4   -0.0010599433
2   4   6   4   0.0000000020
2   5   4   4   -0.0011640097
2   5   5   1   0.0000000006
2   5   5   2   -0.2971676733
2   5   6   1   0.0130184003
2   5   6   2   0.0000000006
2   6   4   4   0.0000000022
2   6   5   1   0.0137762562
2   6   5   2   0.0000000006
2   6   6   1   -0.0000000006
2   6   6   2   -0.2703717591
3   4   4   3   -0.1954741740
3   5   5   3   -0.1898334604
3   6   6   3   -0.1898334387
4   4   4   4   -0.1916243217
4   4   5   1   -0.0000000009
4   4   5   2   -0.0011640097
4   4   6   1   0.0003473035
4   4   6   2   0.0000000022
4   5   4   1   -0.0000000009
4   5   4   2   -0.0010599433
4   5   5   4   -0.1867259486
4   5   6   4   0.0000000168
4   6   4   1   0.0002916282
4   6   4   2   0.0000000020
4   6   5   4   0.0000000168
4   6   6   4   -0.1699916581

End AIJB Block
Begin IJKA Block
1   4   1   7   0.0024097445
1   5   2   7   -0.0001962655
1   5   3   7   -0.0000000004
1   6   2   7   -0.0000000002
1   6   3   7   0.0001482460
2   4   2   7   0.0007652119
2   4   3   7   0.0000000022
2   5   1   7   0.0000272291
2   6   1   7   0.0000000000
3   4   2   7   0.0000000027
3   4   3   7   -0.0008722979
3   5   1   7   0.0000000000
3   6   1   7   -0.0000171254

End IJKA Block
Begin IABC Block
1   5   1   7   0.0010498671
1   5   2   7   0.0000000028
1   5   3   5   0.0007872370
1   5   3   6   0.0000000019
1   6   1   7   0.0000000031
1   6   2   7   -0.0010048260
1   6   3   5   0.0000000024
1   6   3   6   -0.0006802751
1   7   1   5   0.0010072108
1   7   1   6   0.0000000028
1   7   2   5   0.0000000028
1   7   2   6   -0.0009783134
1   7   3   7   0.0000165764
1   7   4   8   0.0048856164
1   8   3   8   0.0057590478
1   8   4   7   0.0048592630
2   5   3   8   0.0000000009
2   5   4   7   0.0000000008
2   6   3   8   -0.0009538671
2   6   4   7   -0.0008420754
2   7   1   8   0.0000000251
2   7   2   8   -0.0261401697
2   7   4   5   0.0000000009
2   7   4   6   -0.0009955598
2   8   1   7   0.0000000251
2   8   2   7   -0.0260834964
2   8   3   5   0.0000000011
2   8   3   6   -0.0011557006
3   5   3   8   -0.0010026590
3   5   4   7   -0.0008878114
3   6   3   8   -0.0000000010
3   6   4   7   -0.0000000009
3   7   1   8   -0.0261489717
3   7   2   8   -0.0000000251
3   7   4   5   -0.0009693956
3   7   4   6   -0.0000000009
3   8   1   7   -0.0260953621
3   8   2   7   -0.0000000251
3   8   3   5   -0.0011330450
3   8   3   6   -0.0000000011

End IABC Block
