Begin IJ Block
1   1   -1.9220523017
2   2   -1.7797790252
2   3   -0.0000000015
3   3   -1.7747017681

End IJ Block
Begin IA Block
1   3   -0.0013253416

End IA Block
Begin AB Block
1   1   -1.3524346017
1   2   -0.0000000005
2   2   -1.3623845789
3   3   -0.8777312124

End AB Block
Begin IJKL Block
1   4   1   4   0.2908715761
1   4   2   5   0.0021582088
1   4   2   6   -0.0000000004
1   4   3   5   -0.0000000004
1   4   3   6   0.0036221264
1   5   1   5   0.2735813343
1   5   1   6   0.0000000006
1   5   2   4   0.0041791463
1   5   3   4   -0.0000000003
1   6   1   5   0.0000000006
1   6   1   6   0.2715555827
1   6   2   4   -0.0000000003
1   6   3   4   0.0052040748
2   4   1   5   0.0041791463
2   4   1   6   -0.0000000003
2   4   2   4   0.2735813343
2   4   3   4   0.0000000006
2   5   1   4   0.0021582088
2   5   2   5   0.3112731820
2   5   3   6   0.0182608778
2   6   1   4   -0.0000000004
2   6   2   6   0.2709577683
2   6   3   5   0.0220545548
3   4   1   5   -0.0000000003
3   4   1   6   0.0052040748
3   4   2   4   0.0000000006
3   4   3   4   0.2715555827
3   5   1   4   -0.0000000004
3   5   2   6   0.0220545548
3   5   3   5   0.2709577683
3   6   1   4   0.0036221264
3   6   2   5   0.0182608778
3   6   3   6   0.3112731772

End IJKL Block
Begin IJAB Block
1   4   1   4   0.0037741891
1   4   1   5   0.0000000001
1   4   2   4   0.0000000001
1   4   2   5   0.0048802332
1   4   3   6   0.0047625569
2   5   1   4   0.0313073418
2   5   1   5   -0.0000000059
2   5   2   4   -0.0000000059
2   5   2   5   0.0549501993
2   5   3   6   0.0014320916
2   6   1   4   -0.0000000059
2   6   1   5   0.0327425113
2   6   2   4   -0.0091039805
2   6   2   5   0.0000000059
2   6   3   6   -0.0000000000
3   5   1   4   -0.0000000059
3   5   1   5   -0.0091039805
3   5   2   4   0.0327425113
3   5   2   5   0.0000000059
3   5   3   6   -0.0000000000
3   6   1   4   0.0549504541
3   6   1   5   0.0000000059
3   6   2   4   0.0000000059
3   6   2   5   0.0313181688
3   6   3   6   0.0014377648

End IJAB Block
Begin ABCD Block
1   4   1   4   0.2674106799
1   4   2   5   0.0090823883
1   4   3   6   0.0011505165
1   5   1   5   0.2464297716
1   5   2   4   0.0119058778
1   6   1   6   0.1680471610
1   6   3   4   0.0014934619
2   4   1   5   0.0119058778
2   4   2   4   0.2464297716
2   5   1   4   0.0090823883
2   5   2   5   0.2674271615
2   5   3   6   0.0011588009
2   6   2   6   0.1680469740
2   6   3   5   0.0014934395
3   4   1   6   0.0014934619
3   4   3   4   0.1680471610
3   5   2   6   0.0014934395
3   5   3   5   0.1680469740
3   6   1   4   0.0011505165
3   6   2   5   0.0011588009
3   6   3   6   0.1555146256

End ABCD Block
Begin AIJB Block
1   4   1   4   0.0041717804
1   4   1   5   0.0000000001
1   5   2   4   0.0367805161
1   5   2   5   -0.0000000039
1   5   3   4   -0.0000000039
1   5   3   5   -0.0122577540
1   6   2   4   -0.0000000039
1   6   2   5   0.0279005968
1   6   3   4   0.0524232612
1   6   3   5   0.0000000039
2   4   1   4   0.0000000001
2   4   1   5   0.0060530560
2   5   2   4   -0.0000000039
2   5   2   5   0.0524232840
2   5   3   4   0.0279005968
2   5   3   5   0.0000000039
2   6   2   4   -0.0122577540
2   6   2   5   0.0000000039
2   6   3   4   0.0000000039
2   6   3   5   0.0367804596
3   4   1   6   0.0040307068
3   5   2   6   0.0014203483
3   6   3   6   0.0014203651

1   4   4   1   -0.2556495044
1   4   4   2   -0.0000000003
1   5   5   1   -0.2632074412
1   5   5   2   0.0000000061
1   5   6   1   0.0000000061
1   5   6   2   -0.0134703112
1   6   5   1   0.0000000061
1   6   5   2   -0.0112387378
1   6   6   1   -0.2879156579
1   6   6   2   -0.0000000061
2   4   4   1   -0.0000000003
2   4   4   2   -0.2615585109
2   5   5   1   0.0000000061
2   5   5   2   -0.2879163647
2   5   6   1   -0.0112387378
2   5   6   2   -0.0000000061
2   6   5   1   -0.0134703112
2   6   5   2   -0.0000000061
2   6   6   1   -0.0000000061
2   6   6   2   -0.2632075526
3   4   4   3   -0.1767398558
3   5   5   3   -0.1714798641
3   6   6   3   -0.1714799681

End AIJB Block
Begin IJKA Block
1   4   1   6   0.0013199288
1   5   2   6   -0.0001416600
1   5   3   6   0.0000000000
1   6   2   6   0.0000000000
1   6   3   6   0.0001417188
2   4   2   6   0.0002257653
2   4   3   6   -0.0000000001
2   5   1   6   -0.0000544521
2   6   1   6   0.0000000000
3   4   2   6   -0.0000000001
3   4   3   6   -0.0002262841
3   5   1   6   0.0000000000
3   6   1   6   0.0000543029

End IJKA Block
Begin IABC Block
1   4   1   6   0.0006459677
1   4   2   6   0.0000000005
1   4   3   4   0.0009252624
1   4   3   5   0.0000000008
1   5   1   6   0.0000000005
1   5   2   6   -0.0006460389
1   5   3   4   0.0000000008
1   5   3   5   -0.0009250905
1   6   1   4   0.0006025763
1   6   1   5   0.0000000005
1   6   2   4   0.0000000005
1   6   2   5   -0.0005876885
1   6   3   6   0.0000063223

End IABC Block
