Begin IJ Block
1   1   -2.9694635580
2   2   -2.9880721255
3   3   -2.9880720070
4   4   -2.8287780511
5   5   -2.8287779108

End IJ Block
Begin IA Block
1   2   0.0000000020
3   3   -0.0000001829

End IA Block
Begin AB Block
1   1   -2.4494297823
2   2   -2.4494296332
3   3   -1.7106286179
4   4   -1.5659820452
5   5   -1.5659818650

End AB Block
Begin IJKL Block
1   6   1   6   0.3046820837
1   6   2   7   0.0030782326
1   6   3   8   0.0030782314
1   6   4   9   0.0823743515
1   6   5   10   0.0823743087
1   7   1   7   0.2751043490
1   7   2   6   0.0046127955
1   8   1   8   0.2751043319
1   8   3   6   0.0046127944
1   9   1   9   0.2968633454
1   9   4   6   0.0824553425
1   10   1   10   0.2968633332
1   10   5   6   0.0824553006
2   6   1   7   0.0046127955
2   6   2   6   0.2751043490
2   7   1   6   0.0030782326
2   7   2   7   0.2906947293
2   7   3   8   0.0094428138
2   7   4   9   0.0039358562
2   7   4   10   0.0000000041
2   7   5   9   0.0000000041
2   7   5   10   0.0023468982
2   8   2   8   0.2698777454
2   8   3   7   0.0113741433
2   8   4   9   -0.0000000041
2   8   4   10   0.0007563009
2   8   5   9   0.0008326571
2   8   5   10   0.0000000041
2   9   2   9   0.2719718727
2   9   2   10   -0.0000000054
2   9   3   9   0.0000000054
2   9   3   10   -0.0014295325
2   9   4   7   0.0053698265
2   9   4   8   -0.0000000026
2   9   5   7   0.0000000026
2   9   5   8   0.0004930360
2   10   2   9   -0.0000000054
2   10   2   10   0.2740635766
2   10   3   9   -0.0006621735
2   10   3   10   -0.0000000054
2   10   4   7   0.0000000026
2   10   4   8   0.0004973469
2   10   5   7   0.0043794436
2   10   5   8   0.0000000026
3   6   1   8   0.0046127944
3   6   3   6   0.2751043319
3   7   2   8   0.0113741433
3   7   3   7   0.2698777454
3   7   4   9   -0.0000000041
3   7   4   10   0.0008326571
3   7   5   9   0.0007563009
3   7   5   10   0.0000000041
3   8   1   6   0.0030782314
3   8   2   7   0.0094428138
3   8   3   8   0.2906947119
3   8   4   9   0.0023468973
3   8   4   10   -0.0000000041
3   8   5   9   -0.0000000041
3   8   5   10   0.0039358551
3   9   2   9   0.0000000054
3   9   2   10   -0.0006621735
3   9   3   9   0.2740635682
3   9   3   10   0.0000000054
3   9   4   7   -0.0000000026
3   9   4   8   0.0043794430
3   9   5   7   0.0004973469
3   9   5   8   -0.0000000026
3   10   2   9   -0.0014295325
3   10   2   10   -0.0000000054
3   10   3   9   0.0000000054
3   10   3   10   0.2719718453
3   10   4   7   0.0004930360
3   10   4   8   -0.0000000026
3   10   5   7   0.0000000026
3   10   5   8   0.0053698251
4   6   1   9   0.0824553425
4   6   4   6   0.2968633454
4   7   2   9   0.0053698265
4   7   2   10   0.0000000026
4   7   3   9   -0.0000000026
4   7   3   10   0.0004930360
4   7   4   7   0.2719718727
4   7   4   8   0.0000000054
4   7   5   7   -0.0000000054
4   7   5   8   -0.0014295325
4   8   2   9   -0.0000000026
4   8   2   10   0.0004973469
4   8   3   9   0.0043794430
4   8   3   10   -0.0000000026
4   8   4   7   0.0000000054
4   8   4   8   0.2740635682
4   8   5   7   -0.0006621735
4   8   5   8   0.0000000054
4   9   1   6   0.0823743515
4   9   2   7   0.0039358562
4   9   2   8   -0.0000000041
4   9   3   7   -0.0000000041
4   9   3   8   0.0023468973
4   9   4   9   0.3150380600
4   9   5   10   0.0191461054
4   10   2   7   0.0000000041
4   10   2   8   0.0007563009
4   10   3   7   0.0008326571
4   10   3   8   -0.0000000041
4   10   4   10   0.2731997831
4   10   5   9   0.0226921921
5   6   1   10   0.0824553006
5   6   5   6   0.2968633332
5   7   2   9   0.0000000026
5   7   2   10   0.0043794436
5   7   3   9   0.0004973469
5   7   3   10   0.0000000026
5   7   4   7   -0.0000000054
5   7   4   8   -0.0006621735
5   7   5   7   0.2740635766
5   7   5   8   -0.0000000054
5   8   2   9   0.0004930360
5   8   2   10   0.0000000026
5   8   3   9   -0.0000000026
5   8   3   10   0.0053698251
5   8   4   7   -0.0014295325
5   8   4   8   0.0000000054
5   8   5   7   -0.0000000054
5   8   5   8   0.2719718453
5   9   2   7   0.0000000041
5   9   2   8   0.0008326571
5   9   3   7   0.0007563009
5   9   3   8   -0.0000000041
5   9   4   10   0.0226921921
5   9   5   9   0.2731997831
5   10   1   6   0.0823743087
5   10   2   7   0.0023468982
5   10   2   8   0.0000000041
5   10   3   7   0.0000000041
5   10   3   8   0.0039358551
5   10   4   9   0.0191461054
5   10   5   10   0.3150380579

End IJKL Block
Begin IJAB Block
1   6   1   6   0.0364912442
1   6   2   7   0.0364912452
1   6   3   8   0.0023549432
1   6   4   9   0.0013272206
1   6   5   10   0.0013272197
1   7   1   8   0.0010405052
1   7   2   8   -0.0000000027
1   7   3   6   -0.0010726597
1   7   3   7   0.0000000028
1   8   1   8   -0.0000000027
1   8   2   8   -0.0010405052
1   8   3   6   0.0000000028
1   8   3   7   0.0010726606
1   9   3   9   -0.0015578134
1   9   3   10   -0.0000000006
1   9   4   8   -0.0012767363
1   9   5   8   -0.0000000005
1   10   3   9   0.0000000006
1   10   3   10   -0.0015578118
1   10   4   8   0.0000000005
1   10   5   8   -0.0012767345
2   6   1   8   -0.0010726597
2   6   2   8   0.0000000028
2   6   3   6   0.0010405052
2   6   3   7   -0.0000000027
2   7   1   6   0.0050126528
2   7   1   7   -0.0000000029
2   7   2   6   -0.0000000029
2   7   2   7   0.0038949797
2   7   3   8   0.0078303710
2   7   4   9   0.0044665302
2   7   4   10   -0.0000000113
2   7   5   9   -0.0000000113
2   7   5   10   0.0082375799
2   8   1   6   -0.0000000029
2   8   1   7   -0.0001676210
2   8   2   6   -0.0009500506
2   8   2   7   0.0000000029
2   8   4   9   0.0000000113
2   8   4   10   -0.0022359854
2   8   5   9   -0.0015350605
2   8   5   10   -0.0000000113
2   9   1   9   0.0003252745
2   9   1   10   -0.0000000024
2   9   2   9   -0.0000000075
2   9   2   10   0.0013780110
2   9   4   6   0.0011558352
2   9   4   7   -0.0000000154
2   9   5   6   -0.0000000075
2   9   5   7   0.0014850106
2   10   1   9   -0.0000000047
2   10   1   10   0.0026870996
2   10   2   9   0.0009838128
2   10   2   10   -0.0000000004
2   10   4   6   -0.0000000062
2   10   4   7   0.0030626075
2   10   5   6   0.0057034599
2   10   5   7   -0.0000000017
3   6   1   8   0.0000000028
3   6   2   8   0.0010726606
3   6   3   6   -0.0000000027
3   6   3   7   -0.0010405052
3   7   1   6   -0.0000000029
3   7   1   7   -0.0009500506
3   7   2   6   -0.0001676210
3   7   2   7   0.0000000029
3   7   4   9   0.0000000113
3   7   4   10   -0.0015350605
3   7   5   9   -0.0022359854
3   7   5   10   -0.0000000113
3   8   1   6   0.0038949786
3   8   1   7   0.0000000029
3   8   2   6   0.0000000029
3   8   2   7   0.0050126529
3   8   3   8   0.0078303754
3   8   4   9   0.0082375911
3   8   4   10   0.0000000113
3   8   5   9   0.0000000113
3   8   5   10   0.0044665283
3   9   1   9   -0.0000000004
3   9   1   10   -0.0009838130
3   9   2   9   -0.0026871020
3   9   2   10   -0.0000000047
3   9   4   6   -0.0000000017
3   9   4   7   -0.0057034566
3   9   5   6   -0.0030626128
3   9   5   7   -0.0000000062
3   10   1   9   -0.0013780111
3   10   1   10   -0.0000000075
3   10   2   9   -0.0000000024
3   10   2   10   -0.0003252750
3   10   4   6   -0.0014850127
3   10   4   7   -0.0000000075
3   10   5   6   -0.0000000154
3   10   5   7   -0.0011558401
4   6   3   9   -0.0012767363
4   6   3   10   -0.0000000005
4   6   4   8   -0.0015578134
4   6   5   8   -0.0000000006
4   7   1   9   0.0011558352
4   7   1   10   -0.0000000075
4   7   2   9   -0.0000000154
4   7   2   10   0.0014850106
4   7   4   6   0.0003252745
4   7   4   7   -0.0000000075
4   7   5   6   -0.0000000024
4   7   5   7   0.0013780110
4   8   1   9   -0.0000000017
4   8   1   10   -0.0030626128
4   8   2   9   -0.0057034566
4   8   2   10   -0.0000000062
4   8   4   6   -0.0000000004
4   8   4   7   -0.0026871020
4   8   5   6   -0.0009838130
4   8   5   7   -0.0000000047
4   9   1   6   0.0353736214
4   9   1   7   -0.0000000004
4   9   2   6   -0.0000000004
4   9   2   7   0.0617559018
4   9   3   8   0.0020390814
4   9   4   9   0.0020691004
4   9   4   10   0.0000000005
4   9   5   9   0.0000000005
4   9   5   10   0.0007548359
4   10   1   6   -0.0000000004
4   10   1   7   0.0355875671
4   10   2   6   -0.0092052696
4   10   2   7   0.0000000004
4   10   4   9   -0.0000000005
4   10   4   10   0.0007871313
4   10   5   9   0.0005271311
4   10   5   10   0.0000000005
5   6   3   9   0.0000000005
5   6   3   10   -0.0012767345
5   6   4   8   0.0000000006
5   6   5   8   -0.0015578118
5   7   1   9   -0.0000000062
5   7   1   10   0.0057034599
5   7   2   9   0.0030626075
5   7   2   10   -0.0000000017
5   7   4   6   -0.0000000047
5   7   4   7   0.0009838128
5   7   5   6   0.0026870996
5   7   5   7   -0.0000000004
5   8   1   9   -0.0014850127
5   8   1   10   -0.0000000154
5   8   2   9   -0.0000000075
5   8   2   10   -0.0011558401
5   8   4   6   -0.0013780111
5   8   4   7   -0.0000000024
5   8   5   6   -0.0000000075
5   8   5   7   -0.0003252750
5   9   1   6   -0.0000000004
5   9   1   7   -0.0092052696
5   9   2   6   0.0355875671
5   9   2   7   0.0000000004
5   9   4   9   -0.0000000005
5   9   4   10   0.0005271311
5   9   5   9   0.0007871313
5   9   5   10   0.0000000005
5   10   1   6   0.0617559195
5   10   1   7   0.0000000004
5   10   2   6   0.0000000004
5   10   2   7   0.0353736137
5   10   3   8   0.0020390783
5   10   4   9   0.0007548349
5   10   4   10   -0.0000000005
5   10   5   9   -0.0000000005
5   10   5   10   0.0020690986

End IJAB Block
Begin ABCD Block
1   6   1   6   0.2824669712
1   6   2   7   0.0117414966
1   6   3   8   0.0014837918
1   6   4   9   0.0007161326
1   6   4   10   -0.0000000003
1   6   5   9   -0.0000000003
1   6   5   10   0.0015060954
1   7   1   7   0.2572772735
1   7   2   6   0.0134481907
1   7   4   9   -0.0000000003
1   7   4   10   0.0004988760
1   7   5   9   0.0002910849
1   7   5   10   0.0000000003
1   8   1   8   0.1862250894
1   8   3   6   0.0018398857
1   9   1   9   0.1708591305
1   9   1   10   -0.0000000045
1   9   2   9   -0.0000000045
1   9   2   10   0.0052646126
1   9   4   6   0.0009199480
1   9   4   7   -0.0000000004
1   9   5   6   -0.0000000004
1   9   5   7   0.0003719437
1   10   1   9   -0.0000000045
1   10   1   10   0.1814911292
1   10   2   9   0.0053673825
1   10   2   10   0.0000000045
1   10   4   6   -0.0000000004
1   10   4   7   0.0006402593
1   10   5   6   0.0019321531
1   10   5   7   0.0000000004
2   6   1   7   0.0134481907
2   6   2   6   0.2572772735
2   6   4   9   -0.0000000003
2   6   4   10   0.0002910849
2   6   5   9   0.0004988760
2   6   5   10   0.0000000003
2   7   1   6   0.0117414966
2   7   2   7   0.2824669473
2   7   3   8   0.0014837949
2   7   4   9   0.0015060967
2   7   4   10   0.0000000003
2   7   5   9   0.0000000003
2   7   5   10   0.0007161335
2   8   2   8   0.1862251011
2   8   3   7   0.0018398888
2   9   1   9   -0.0000000045
2   9   1   10   0.0053673825
2   9   2   9   0.1814911428
2   9   2   10   0.0000000045
2   9   4   6   -0.0000000004
2   9   4   7   0.0019321547
2   9   5   6   0.0006402593
2   9   5   7   0.0000000004
2   10   1   9   0.0052646126
2   10   1   10   0.0000000045
2   10   2   9   0.0000000045
2   10   2   10   0.1708591280
2   10   4   6   0.0003719437
2   10   4   7   0.0000000004
2   10   5   6   0.0000000004
2   10   5   7   0.0009199488
3   6   1   8   0.0018398857
3   6   3   6   0.1862250894
3   7   2   8   0.0018398888
3   7   3   7   0.1862251011
3   8   1   6   0.0014837918
3   8   2   7   0.0014837949
3   8   3   8   0.1714664521
3   8   4   9   0.0554936742
3   8   5   10   0.0554935867
3   9   3   9   0.1674047864
3   9   4   8   0.0554994980
3   10   3   10   0.1674047400
3   10   5   8   0.0554994107
4   6   1   9   0.0009199480
4   6   1   10   -0.0000000004
4   6   2   9   -0.0000000004
4   6   2   10   0.0003719437
4   6   4   6   0.1708591305
4   6   4   7   -0.0000000045
4   6   5   6   -0.0000000045
4   6   5   7   0.0052646126
4   7   1   9   -0.0000000004
4   7   1   10   0.0006402593
4   7   2   9   0.0019321547
4   7   2   10   0.0000000004
4   7   4   6   -0.0000000045
4   7   4   7   0.1814911428
4   7   5   6   0.0053673825
4   7   5   7   0.0000000045
4   8   3   9   0.0554994980
4   8   4   8   0.1674047864
4   9   1   6   0.0007161326
4   9   1   7   -0.0000000003
4   9   2   6   -0.0000000003
4   9   2   7   0.0015060967
4   9   3   8   0.0554936742
4   9   4   9   0.1816311577
4   9   5   10   0.0167996315
4   10   1   6   -0.0000000003
4   10   1   7   0.0004988760
4   10   2   6   0.0002910849
4   10   2   7   0.0000000003
4   10   4   10   0.1480526834
4   10   5   9   0.0167787684
5   6   1   9   -0.0000000004
5   6   1   10   0.0019321531
5   6   2   9   0.0006402593
5   6   2   10   0.0000000004
5   6   4   6   -0.0000000045
5   6   4   7   0.0053673825
5   6   5   6   0.1814911292
5   6   5   7   0.0000000045
5   7   1   9   0.0003719437
5   7   1   10   0.0000000004
5   7   2   9   0.0000000004
5   7   2   10   0.0009199488
5   7   4   6   0.0052646126
5   7   4   7   0.0000000045
5   7   5   6   0.0000000045
5   7   5   7   0.1708591280
5   8   3   10   0.0554994107
5   8   5   8   0.1674047400
5   9   1   6   -0.0000000003
5   9   1   7   0.0002910849
5   9   2   6   0.0004988760
5   9   2   7   0.0000000003
5   9   4   10   0.0167787684
5   9   5   9   0.1480526834
5   10   1   6   0.0015060954
5   10   1   7   0.0000000003
5   10   2   6   0.0000000003
5   10   2   7   0.0007161335
5   10   3   8   0.0554935867
5   10   4   9   0.0167996315
5   10   5   10   0.1816311071

End ABCD Block
Begin AIJB Block
1   6   1   6   0.0331587683
1   6   2   8   -0.0002758815
1   6   3   8   0.0000000007
1   7   1   8   0.0012811212
1   7   2   6   0.0062824355
1   7   2   7   -0.0000000049
1   7   3   6   -0.0000000049
1   7   3   7   -0.0013533549
1   7   4   9   0.0013421083
1   7   4   10   -0.0000000066
1   7   5   9   -0.0000000049
1   7   5   10   0.0051680131
1   8   1   8   -0.0000000033
1   8   2   6   -0.0000000049
1   8   2   7   -0.0005411182
1   8   3   6   0.0043879592
1   8   3   7   0.0000000049
1   8   4   9   -0.0000000023
1   8   4   10   -0.0027591096
1   8   5   9   -0.0010667955
1   8   5   10   -0.0000000138
1   9   2   9   0.0001855250
1   9   2   10   -0.0000000017
1   9   3   9   -0.0000000002
1   9   3   10   -0.0006799665
1   9   4   6   0.0390324334
1   9   4   7   -0.0000000003
1   9   5   6   -0.0000000003
1   9   5   7   -0.0128609342
1   10   2   9   -0.0000000020
1   10   2   10   0.0014237136
1   10   3   9   -0.0005582210
1   10   3   10   -0.0000000039
1   10   4   6   -0.0000000003
1   10   4   7   0.0300183659
1   10   5   6   0.0561898669
1   10   5   7   0.0000000003
2   6   1   7   0.0331587665
2   6   2   8   0.0000000007
2   6   3   8   0.0002758822
2   7   1   8   -0.0000000033
2   7   2   6   -0.0000000049
2   7   2   7   0.0043879601
2   7   3   6   -0.0005411182
2   7   3   7   0.0000000049
2   7   4   9   -0.0000000138
2   7   4   10   0.0010667933
2   7   5   9   0.0027591044
2   7   5   10   -0.0000000023
2   8   1   8   -0.0012811211
2   8   2   6   -0.0013533549
2   8   2   7   0.0000000049
2   8   3   6   0.0000000049
2   8   3   7   0.0062824361
2   8   4   9   -0.0051680094
2   8   4   10   -0.0000000049
2   8   5   9   -0.0000000066
2   8   5   10   -0.0013421134
2   9   2   9   -0.0000000039
2   9   2   10   0.0005582212
2   9   3   9   -0.0014237148
2   9   3   10   -0.0000000020
2   9   4   6   -0.0000000003
2   9   4   7   0.0561898475
2   9   5   6   0.0300183659
2   9   5   7   0.0000000003
2   10   2   9   0.0006799663
2   10   2   10   -0.0000000002
2   10   3   9   -0.0000000017
2   10   3   10   -0.0001855258
2   10   4   6   -0.0128609342
2   10   4   7   0.0000000003
2   10   5   6   0.0000000003
2   10   5   7   0.0390324261
3   6   1   8   0.0023240017
3   6   2   6   0.0012811212
3   6   2   7   -0.0000000033
3   6   3   6   -0.0000000033
3   6   3   7   -0.0012811211
3   6   4   9   -0.0014415526
3   6   4   10   -0.0000000006
3   6   5   9   0.0000000006
3   6   5   10   -0.0014415507
3   7   1   6   -0.0002758815
3   7   1   7   0.0000000007
3   7   2   8   0.0061637495
3   8   1   6   0.0000000007
3   8   1   7   0.0002758822
3   8   3   8   0.0061637530
3   9   1   9   -0.0017084800
3   9   1   10   -0.0000000007
3   9   4   8   0.0020706394
3   10   1   9   0.0000000007
3   10   1   10   -0.0017084782
3   10   5   8   0.0020706364
4   6   1   9   0.0013284263
4   6   4   8   -0.0017084800
4   6   5   8   0.0000000007
4   7   2   9   0.0035751134
4   7   2   10   -0.0000000095
4   7   3   9   0.0000000095
4   7   3   10   -0.0012915393
4   7   4   6   0.0001855250
4   7   4   7   -0.0000000039
4   7   5   6   -0.0000000020
4   7   5   7   0.0006799663
4   8   2   9   0.0000000095
4   8   2   10   -0.0018892955
4   8   3   9   0.0067559600
4   8   3   10   0.0000000095
4   8   4   6   -0.0000000002
4   8   4   7   -0.0014237148
4   8   5   6   -0.0005582210
4   8   5   7   -0.0000000017
4   9   1   8   -0.0014415526
4   9   2   6   0.0013421083
4   9   2   7   -0.0000000138
4   9   3   6   -0.0000000023
4   9   3   7   -0.0051680094
4   9   4   9   0.0022530536
4   9   4   10   0.0000000006
4   9   5   9   -0.0000000006
4   9   5   10   0.0006679584
4   10   1   8   0.0000000006
4   10   2   6   -0.0000000049
4   10   2   7   0.0027591044
4   10   3   6   -0.0010667955
4   10   3   7   -0.0000000066
4   10   4   9   -0.0000000006
4   10   4   10   0.0009001245
4   10   5   9   0.0006849676
4   10   5   10   -0.0000000006
5   6   1   10   0.0013284253
5   6   4   8   -0.0000000007
5   6   5   8   -0.0017084782
5   7   2   9   -0.0000000095
5   7   2   10   0.0067559523
5   7   3   9   -0.0018892955
5   7   3   10   -0.0000000095
5   7   4   6   -0.0000000017
5   7   4   7   0.0005582212
5   7   5   6   0.0014237136
5   7   5   7   -0.0000000002
5   8   2   9   -0.0012915393
5   8   2   10   -0.0000000095
5   8   3   9   0.0000000095
5   8   3   10   0.0035751124
5   8   4   6   -0.0006799665
5   8   4   7   -0.0000000020
5   8   5   6   -0.0000000039
5   8   5   7   -0.0001855258
5   9   1   8   -0.0000000006
5   9   2   6   -0.0000000066
5   9   2   7   0.0010667933
5   9   3   6   -0.0027591096
5   9   3   7   -0.0000000049
5   9   4   9   0.0000000006
5   9   4   10   0.0006849685
5   9   5   9   0.0009001245
5   9   5   10   0.0000000006
5   10   1   8   -0.0014415507
5   10   2   6   0.0051680131
5   10   2   7   -0.0000000023
5   10   3   6   -0.0000000138
5   10   3   7   -0.0013421134
5   10   4   9   0.0006679584
5   10   4   10   0.0000000006
5   10   5   9   -0.0000000006
5   10   5   10   0.0022530517

1   6   6   1   -0.2852377749
1   6   7   3   -0.0002973753
1   6   8   3   0.0000000008
1   7   6   3   -0.0000431213
1   7   7   1   -0.2670694269
1   7   7   2   0.0000000152
1   7   8   1   0.0000000152
1   7   8   2   0.0025208581
1   7   9   4   -0.0001182531
1   7   9   5   0.0000000018
1   7   10   4   0.0000000018
1   7   10   5   -0.0013108485
1   8   6   3   0.0000000001
1   8   7   1   0.0000000152
1   8   7   2   0.0033904880
1   8   8   1   -0.2611580572
1   8   8   2   -0.0000000152
1   8   9   4   -0.0000000000
1   8   9   5   0.0007136435
1   8   10   4   0.0004789521
1   8   10   5   0.0000000036
1   9   7   4   -0.0000760569
1   9   7   5   0.0000000020
1   9   8   4   -0.0000000001
1   9   8   5   0.0007668927
1   9   9   1   -0.2699217831
1   9   9   2   0.0000000004
1   9   10   1   0.0000000004
1   9   10   2   -0.0144410301
1   10   7   4   0.0000000014
1   10   7   5   -0.0012073585
1   10   8   4   0.0003644093
1   10   8   5   0.0000000033
1   10   9   1   0.0000000004
1   10   9   2   -0.0123691475
1   10   10   1   -0.2967319507
1   10   10   2   -0.0000000004
2   6   6   2   -0.2852377656
2   6   7   3   0.0000000008
2   6   8   3   0.0002973757
2   7   6   3   0.0000000001
2   7   7   1   0.0000000152
2   7   7   2   -0.2611580643
2   7   8   1   0.0033904880
2   7   8   2   -0.0000000152
2   7   9   4   0.0000000036
2   7   9   5   -0.0004789515
2   7   10   4   -0.0007136441
2   7   10   5   -0.0000000000
2   8   6   3   0.0000431216
2   8   7   1   0.0025208581
2   8   7   2   -0.0000000152
2   8   8   1   -0.0000000152
2   8   8   2   -0.2670694070
2   8   9   4   0.0013108486
2   8   9   5   0.0000000018
2   8   10   4   0.0000000018
2   8   10   5   0.0001182537
2   9   7   4   0.0000000033
2   9   7   5   -0.0003644087
2   9   8   4   0.0012073582
2   9   8   5   0.0000000014
2   9   9   1   0.0000000004
2   9   9   2   -0.2967319336
2   9   10   1   -0.0123691475
2   9   10   2   -0.0000000004
2   10   7   4   -0.0007668931
2   10   7   5   -0.0000000001
2   10   8   4   0.0000000020
2   10   8   5   0.0000760575
2   10   9   1   -0.0144410301
2   10   9   2   -0.0000000004
2   10   10   1   -0.0000000004
2   10   10   2   -0.2699217668
3   6   6   3   -0.1903466718
3   6   7   1   -0.0000431213
3   6   7   2   0.0000000001
3   6   8   1   0.0000000001
3   6   8   2   0.0000431216
3   6   9   4   0.0391130889
3   6   9   5   0.0000000159
3   6   10   4   -0.0000000159
3   6   10   5   0.0391130447
3   7   6   1   -0.0002973753
3   7   6   2   0.0000000008
3   7   7   3   -0.1957214253
3   8   6   1   0.0000000008
3   8   6   2   0.0002973757
3   8   8   3   -0.1957214406
3   9   6   4   0.0391066769
3   9   6   5   0.0000000159
3   9   9   3   -0.1899378808
3   10   6   4   -0.0000000159
3   10   6   5   0.0391066327
3   10   10   3   -0.1899378595
4   6   6   4   -0.1780452918
4   6   9   3   0.0391066769
4   6   10   3   -0.0000000159
4   7   7   4   -0.1787844036
4   7   7   5   0.0000000391
4   7   8   4   -0.0000000391
4   7   8   5   0.0065221482
4   7   9   1   -0.0000760569
4   7   9   2   0.0000000033
4   7   10   1   0.0000000014
4   7   10   2   -0.0007668931
4   8   7   4   -0.0000000391
4   8   7   5   0.0065096022
4   8   8   4   -0.1918161850
4   8   8   5   -0.0000000391
4   8   9   1   -0.0000000001
4   8   9   2   0.0012073582
4   8   10   1   0.0003644093
4   8   10   2   0.0000000020
4   9   6   3   0.0391130889
4   9   7   1   -0.0001182531
4   9   7   2   0.0000000036
4   9   8   1   -0.0000000000
4   9   8   2   0.0013108486
4   9   9   4   -0.1866323363
4   9   9   5   -0.0000000067
4   9   10   4   0.0000000067
4   9   10   5   -0.0082839598
4   10   6   3   -0.0000000159
4   10   7   1   0.0000000018
4   10   7   2   -0.0007136441
4   10   8   1   0.0004789521
4   10   8   2   0.0000000018
4   10   9   4   0.0000000067
4   10   9   5   -0.0082091423
4   10   10   4   -0.1701392131
4   10   10   5   0.0000000067
5   6   6   5   -0.1780452780
5   6   9   3   0.0000000159
5   6   10   3   0.0391066327
5   7   7   4   0.0000000391
5   7   7   5   -0.1918161573
5   7   8   4   0.0065096022
5   7   8   5   0.0000000391
5   7   9   1   0.0000000020
5   7   9   2   -0.0003644087
5   7   10   1   -0.0012073585
5   7   10   2   -0.0000000001
5   8   7   4   0.0065221482
5   8   7   5   0.0000000391
5   8   8   4   -0.0000000391
5   8   8   5   -0.1787843912
5   8   9   1   0.0007668927
5   8   9   2   0.0000000014
5   8   10   1   0.0000000033
5   8   10   2   0.0000760575
5   9   6   3   0.0000000159
5   9   7   1   0.0000000018
5   9   7   2   -0.0004789515
5   9   8   1   0.0007136435
5   9   8   2   0.0000000018
5   9   9   4   -0.0000000067
5   9   9   5   -0.1701392176
5   9   10   4   -0.0082091423
5   9   10   5   -0.0000000067
5   10   6   3   0.0391130447
5   10   7   1   -0.0013108485
5   10   7   2   -0.0000000000
5   10   8   1   0.0000000036
5   10   8   2   0.0001182537
5   10   9   4   -0.0082839598
5   10   9   5   -0.0000000067
5   10   10   4   0.0000000067
5   10   10   5   -0.1866323143

End AIJB Block
Begin IJKA Block
1   6   1   7   0.0000000027
1   6   3   8   0.0000000006
1   7   2   6   -0.0000000043
1   7   2   7   0.0008242299
1   7   3   6   -0.0008242298
1   7   3   7   -0.0000000043
1   7   4   9   -0.0000000084
1   7   4   10   -0.0038377145
1   7   5   9   -0.0038377081
1   7   5   10   0.0000000084
1   8   1   8   0.0000000210
1   8   2   6   -0.0008242300
1   8   2   7   -0.0000000043
1   8   3   6   0.0000000043
1   8   3   7   -0.0008242291
1   8   4   9   -0.0038377108
1   8   4   10   0.0000000084
1   8   5   9   0.0000000084
1   8   5   10   0.0038377160
1   9   2   9   -0.0000000011
1   9   2   10   -0.0005167296
1   9   3   9   -0.0005167294
1   9   3   10   0.0000000011
1   9   4   6   -0.0000000016
1   9   4   7   0.0490848219
1   9   5   6   -0.0490848218
1   9   5   7   -0.0000000016
1   10   2   9   -0.0005167293
1   10   2   10   0.0000000011
1   10   3   9   0.0000000011
1   10   3   10   0.0005167301
1   10   4   6   -0.0490848352
1   10   4   7   -0.0000000016
1   10   5   6   0.0000000016
1   10   5   7   -0.0490848142
2   6   2   6   0.0000000079
2   6   2   7   -0.0015110902
2   6   3   6   0.0015110887
2   6   3   7   0.0000000079
2   6   4   9   -0.0000000016
2   6   4   10   -0.0007379495
2   6   5   9   -0.0007379491
2   6   5   10   0.0000000016
2   7   1   6   -0.0000000040
2   7   1   7   0.0007705804
2   7   2   8   0.0000000183
2   7   3   8   0.0023525514
2   8   1   6   -0.0007705805
2   8   1   7   -0.0000000040
2   8   2   8   0.0023525716
2   8   3   8   -0.0000000183
2   9   1   9   -0.0000000013
2   9   1   10   -0.0005863507
2   9   4   8   0.0000000003
2   9   5   8   0.0001081646
2   10   1   9   -0.0005863505
2   10   1   10   0.0000000013
2   10   4   8   0.0001081651
2   10   5   8   -0.0000000003
3   6   1   8   0.0000000007
3   6   2   6   0.0015110888
3   6   2   7   0.0000000079
3   6   3   6   -0.0000000079
3   6   3   7   0.0015110979
3   6   4   9   -0.0007379501
3   6   4   10   0.0000000016
3   6   5   9   0.0000000016
3   6   5   10   0.0007379498
3   7   1   6   -0.0007705803
3   7   1   7   -0.0000000040
3   7   2   8   0.0023525517
3   7   3   8   -0.0000000183
3   8   1   6   0.0000000040
3   8   1   7   -0.0007705795
3   8   2   8   -0.0000000183
3   8   3   8   -0.0023525317
3   9   1   9   -0.0005863507
3   9   1   10   0.0000000013
3   9   4   8   0.0001081664
3   9   5   8   -0.0000000003
3   10   1   9   0.0000000013
3   10   1   10   0.0005863511
3   10   4   8   -0.0000000003
3   10   5   8   -0.0001081636
4   6   2   9   -0.0000000014
4   6   2   10   -0.0006338241
4   6   3   9   -0.0006338246
4   6   3   10   0.0000000014
4   6   4   6   -0.0000000008
4   6   4   7   0.0226910298
4   6   5   6   -0.0226910401
4   6   5   7   -0.0000000008
4   7   1   9   -0.0000000084
4   7   1   10   -0.0038201336
4   7   4   8   -0.0000000020
4   7   5   8   -0.0007810895
4   8   1   9   -0.0038201301
4   8   1   10   0.0000000084
4   8   4   8   -0.0007810672
4   8   5   8   0.0000000020
4   9   1   6   -0.0000000017
4   9   1   7   0.0501501651
4   9   2   8   -0.0000000001
4   9   3   8   -0.0000301431
4   10   1   6   -0.0501501777
4   10   1   7   -0.0000000017
4   10   2   8   -0.0000301440
4   10   3   8   0.0000000001
5   6   2   9   -0.0006338237
5   6   2   10   0.0000000014
5   6   3   9   0.0000000014
5   6   3   10   0.0006338245
5   6   4   6   -0.0226910399
5   6   4   7   -0.0000000008
5   6   5   6   0.0000000008
5   6   5   7   -0.0226910357
5   7   1   9   -0.0038201274
5   7   1   10   0.0000000084
5   7   4   8   -0.0007810895
5   7   5   8   0.0000000020
5   8   1   9   0.0000000084
5   8   1   10   0.0038201352
5   8   4   8   0.0000000020
5   8   5   8   0.0007811112
5   9   1   6   -0.0501501635
5   9   1   7   -0.0000000017
5   9   2   8   -0.0000301446
5   9   3   8   0.0000000001
5   10   1   6   0.0000000017
5   10   1   7   -0.0501501572
5   10   2   8   0.0000000001
5   10   3   8   0.0000301456

End IJKA Block
Begin IABC Block
1   6   1   6   0.0000000011
1   6   1   7   -0.0172441850
1   6   2   6   -0.0172441851
1   6   2   7   -0.0000000011
1   6   4   9   0.0000000007
1   6   4   10   -0.0008636246
1   6   5   9   -0.0008636246
1   6   5   10   -0.0000000007
1   7   1   6   -0.0172441843
1   7   1   7   -0.0000000011
1   7   2   6   -0.0000000011
1   7   2   7   0.0172441818
1   7   3   8   0.0000000017
1   7   4   9   0.0008636269
1   7   4   10   0.0000000007
1   7   5   9   0.0000000007
1   7   5   10   -0.0008636250
1   8   2   8   0.0000000117
1   8   3   7   0.0000000018
1   9   1   9   0.0000000072
1   9   1   10   -0.0092138432
1   9   2   9   0.0092138578
1   9   2   10   0.0000000072
1   9   4   6   0.0000000008
1   9   4   7   0.0009901380
1   9   5   6   -0.0009901355
1   9   5   7   0.0000000008
1   10   1   9   -0.0092138433
1   10   1   10   -0.0000000072
1   10   2   9   0.0000000072
1   10   2   10   -0.0092138430
1   10   4   6   -0.0009901355
1   10   4   7   0.0000000008
1   10   5   6   -0.0000000008
1   10   5   7   -0.0009901359
2   6   1   8   -0.0000000026
2   6   2   8   0.0009954191
2   6   3   6   -0.0000000018
2   6   3   7   0.0006674086
2   7   1   8   0.0009954207
2   7   2   8   0.0000000026
2   7   3   6   0.0006674088
2   7   3   7   0.0000000018
2   8   1   6   -0.0000000026
2   8   1   7   0.0009850224
2   8   2   6   0.0009850210
2   8   2   7   0.0000000026
2   8   4   9   -0.0000000085
2   8   4   10   -0.0047596763
2   8   5   9   -0.0047596746
2   8   5   10   0.0000000085
2   9   3   9   -0.0000000102
2   9   3   10   -0.0056768792
2   9   4   8   -0.0000000084
2   9   5   8   -0.0047077472
2   10   3   9   -0.0056768792
2   10   3   10   0.0000000102
2   10   4   8   -0.0047077488
2   10   5   8   0.0000000084
3   6   1   8   -0.0009954177
3   6   2   8   -0.0000000026
3   6   3   6   -0.0006673880
3   6   3   7   -0.0000000018
3   7   1   8   -0.0000000026
3   7   2   8   0.0009954207
3   7   3   6   -0.0000000018
3   7   3   7   0.0006674272
3   8   1   6   -0.0009850196
3   8   1   7   -0.0000000026
3   8   2   6   -0.0000000026
3   8   2   7   0.0009850225
3   8   3   8   -0.0000000016
3   8   4   9   -0.0047596921
3   8   4   10   0.0000000085
3   8   5   9   0.0000000085
3   8   5   10   0.0047596700
3   9   3   9   -0.0056768862
3   9   3   10   0.0000000102
3   9   4   8   -0.0047077646
3   9   5   8   0.0000000084
3   10   3   9   0.0000000102
3   10   3   10   0.0056768859
3   10   4   8   0.0000000084
3   10   5   8   0.0047077426
4   6   3   9   -0.0000000004
4   6   3   10   0.0010571768
4   6   4   8   -0.0000000004
4   6   5   8   0.0009436175
4   7   3   9   -0.0010571798
4   7   3   10   -0.0000000004
4   7   4   8   -0.0009436202
4   7   5   8   -0.0000000004
4   8   1   9   -0.0000000096
4   8   1   10   0.0256791620
4   8   2   9   -0.0256791882
4   8   2   10   -0.0000000096
4   8   4   6   -0.0000000004
4   8   4   7   -0.0009771498
4   8   5   6   0.0009771468
4   8   5   7   -0.0000000004
4   9   1   8   -0.0000000096
4   9   2   8   -0.0256113149
4   9   3   6   -0.0000000004
4   9   3   7   -0.0011345803
4   10   1   8   0.0256112887
4   10   2   8   -0.0000000096
4   10   3   6   0.0011345770
4   10   3   7   -0.0000000004
5   6   3   9   0.0010571759
5   6   3   10   0.0000000004
5   6   4   8   0.0009436166
5   6   5   8   0.0000000004
5   7   3   9   -0.0000000004
5   7   3   10   0.0010571766
5   7   4   8   -0.0000000004
5   7   5   8   0.0009436175
5   8   1   9   0.0256791777
5   8   1   10   0.0000000096
5   8   2   9   -0.0000000096
5   8   2   10   0.0256791586
5   8   4   6   0.0009771457
5   8   4   7   -0.0000000004
5   8   5   6   0.0000000004
5   8   5   7   0.0009771468
5   9   1   8   0.0256113044
5   9   2   8   -0.0000000096
5   9   3   6   0.0011345759
5   9   3   7   -0.0000000004
5   10   1   8   0.0000000096
5   10   2   8   0.0256112854
5   10   3   6   0.0000000004
5   10   3   7   0.0011345768

End IABC Block
