Begin IJ Block
1   1   -1.9063991597
2   2   -1.7732242397
2   3   -0.0000000154
3   3   -1.7676352214

End IJ Block
Begin IA Block
1   3   0.0024002574

End IA Block
Begin AB Block
1   1   -1.3835042764
1   2   -0.0000000263
2   2   -1.3931876411
3   3   -0.9472887244
4   4   -0.8573129261
4   5   -0.0000000429
5   5   -0.8346405144

End AB Block
Begin IJKL Block
1   4   1   4   0.2913044594
1   4   2   5   0.0028221730
1   4   2   6   -0.0000000042
1   4   3   5   -0.0000000042
1   4   3   6   0.0043541704
1   5   1   5   0.2730943062
1   5   1   6   0.0000000061
1   5   2   4   0.0044093505
1   5   3   4   -0.0000000034
1   6   1   5   0.0000000061
1   6   1   6   0.2708825759
1   6   2   4   -0.0000000034
1   6   3   4   0.0056462774
2   4   1   5   0.0044093505
2   4   1   6   -0.0000000034
2   4   2   4   0.2730943062
2   4   3   4   0.0000000061
2   5   1   4   0.0028221730
2   5   2   5   0.3139770523
2   5   3   6   0.0199791305
2   6   1   4   -0.0000000042
2   6   2   6   0.2722723381
2   6   3   5   0.0217256045
3   4   1   5   -0.0000000034
3   4   1   6   0.0056462774
3   4   2   4   0.0000000061
3   4   3   4   0.2708825759
3   5   1   4   -0.0000000042
3   5   2   6   0.0217256045
3   5   3   5   0.2722723381
3   6   1   4   0.0043541704
3   6   2   5   0.0199791305
3   6   3   6   0.3139770499

End IJKL Block
Begin IJAB Block
1   4   1   6   0.0035752253
1   4   1   7   0.0000000031
1   4   2   6   0.0000000031
1   4   2   7   0.0047271391
1   4   3   8   0.0077164885
1   4   4   9   0.0081256875
1   4   4   10   0.0000000071
1   4   5   9   0.0000000071
1   4   5   10   0.0043712644
1   5   1   9   0.0000000017
1   5   1   10   0.0010088844
1   5   2   9   0.0027254514
1   5   2   10   0.0000000014
1   5   4   6   0.0000000051
1   5   4   7   0.0055385719
1   5   5   6   0.0029791807
1   5   5   7   -0.0000000004
1   6   1   9   0.0013760995
1   6   1   10   0.0000000064
1   6   2   9   0.0000000030
1   6   2   10   0.0003797364
1   6   4   6   0.0015882405
1   6   4   7   0.0000000090
1   6   5   6   0.0000000139
1   6   5   7   0.0010154904
2   4   1   9   0.0000000051
2   4   1   10   0.0029791807
2   4   2   9   0.0055385719
2   4   2   10   -0.0000000004
2   4   4   6   0.0000000017
2   4   4   7   0.0027254514
2   4   5   6   0.0010088844
2   4   5   7   0.0000000014
2   5   1   6   0.0337608557
2   5   1   7   -0.0000000007
2   5   2   6   -0.0000000007
2   5   2   7   0.0598085940
2   5   3   8   0.0020057983
2   5   4   9   0.0021347594
2   5   4   10   -0.0000000013
2   5   5   9   -0.0000000013
2   5   5   10   0.0006081452
2   6   1   6   -0.0000000006
2   6   1   7   0.0358033731
2   6   2   6   -0.0097941682
2   6   2   7   0.0000000009
2   6   3   8   -0.0000000000
2   6   4   9   0.0000000012
2   6   4   10   0.0009007054
2   6   5   9   0.0006166994
2   6   5   10   -0.0000000013
3   4   1   9   0.0015882405
3   4   1   10   0.0000000139
3   4   2   9   0.0000000090
3   4   2   10   0.0010154904
3   4   4   6   0.0013760995
3   4   4   7   0.0000000030
3   4   5   6   0.0000000064
3   4   5   7   0.0003797364
3   5   1   6   -0.0000000006
3   5   1   7   -0.0097941682
3   5   2   6   0.0358033731
3   5   2   7   0.0000000009
3   5   3   8   -0.0000000000
3   5   4   9   0.0000000012
3   5   4   10   0.0006166994
3   5   5   9   0.0009007054
3   5   5   10   -0.0000000013
3   6   1   6   0.0597183242
3   6   1   7   0.0000000009
3   6   2   6   0.0000000009
3   6   2   7   0.0337498533
3   6   3   8   0.0020153736
3   6   4   9   0.0006373129
3   6   4   10   0.0000000013
3   6   5   9   0.0000000013
3   6   5   10   0.0021406731

End IJAB Block
Begin ABCD Block
1   6   1   6   0.2806400195
1   6   1   7   0.0000000000
1   6   2   6   0.0000000000
1   6   2   7   0.0112231003
1   6   3   8   0.0015381248
1   6   4   9   0.0007262371
1   6   4   10   0.0000000008
1   6   5   9   0.0000000008
1   6   5   10   0.0016267227
1   7   1   6   0.0000000000
1   7   1   7   0.2567926961
1   7   2   6   0.0126317802
1   7   2   7   0.0000000000
1   7   3   8   0.0000000000
1   7   4   9   0.0000000008
1   7   4   10   0.0005613812
1   7   5   9   0.0003482968
1   7   5   10   -0.0000000007
1   8   1   8   0.1859416922
1   8   3   6   0.0018710933
1   9   1   9   0.1705274784
1   9   1   10   0.0000000089
1   9   2   9   0.0000000089
1   9   2   10   0.0053066328
1   9   4   6   0.0009184110
1   9   4   7   0.0000000009
1   9   5   6   0.0000000009
1   9   5   7   0.0003922469
1   10   1   9   0.0000000089
1   10   1   10   0.1812156197
1   10   2   9   0.0053899783
1   10   2   10   -0.0000000088
1   10   4   6   0.0000000009
1   10   4   7   0.0006416567
1   10   5   6   0.0019492907
1   10   5   7   -0.0000000008
2   6   1   6   0.0000000000
2   6   1   7   0.0126317802
2   6   2   6   0.2567926961
2   6   2   7   0.0000000000
2   6   3   8   0.0000000000
2   6   4   9   0.0000000008
2   6   4   10   0.0003482968
2   6   5   9   0.0005613812
2   6   5   10   -0.0000000007
2   7   1   6   0.0112231003
2   7   1   7   0.0000000000
2   7   2   6   0.0000000000
2   7   2   7   0.2806593098
2   7   3   8   0.0015497722
2   7   4   9   0.0016483774
2   7   4   10   -0.0000000007
2   7   5   9   -0.0000000007
2   7   5   10   0.0007235081
2   8   2   8   0.1859417041
2   8   3   7   0.0018710966
2   9   1   9   0.0000000089
2   9   1   10   0.0053899783
2   9   2   9   0.1812380697
2   9   2   10   -0.0000000088
2   9   4   6   0.0000000009
2   9   4   7   0.0019598727
2   9   5   6   0.0006416567
2   9   5   7   -0.0000000008
2   10   1   9   0.0053066328
2   10   1   10   -0.0000000088
2   10   2   9   -0.0000000088
2   10   2   10   0.1705329655
2   10   4   6   0.0003922469
2   10   4   7   -0.0000000008
2   10   5   6   -0.0000000008
2   10   5   7   0.0009229401
3   6   1   8   0.0018710933
3   6   3   6   0.1859416922
3   7   2   8   0.0018710966
3   7   3   7   0.1859417041
3   8   1   6   0.0015381248
3   8   1   7   0.0000000000
3   8   2   6   0.0000000000
3   8   2   7   0.0015497722
3   8   3   8   0.1713853311
3   8   4   9   0.0556715951
3   8   4   10   0.0000000000
3   8   5   9   0.0000000000
3   8   5   10   0.0556599656
3   9   3   9   0.1673758041
3   9   4   8   0.0557127433
3   10   3   10   0.1673757573
3   10   5   8   0.0557126556
4   6   1   9   0.0009184110
4   6   1   10   0.0000000009
4   6   2   9   0.0000000009
4   6   2   10   0.0003922469
4   6   4   6   0.1705274784
4   6   4   7   0.0000000089
4   6   5   6   0.0000000089
4   6   5   7   0.0053066328
4   7   1   9   0.0000000009
4   7   1   10   0.0006416567
4   7   2   9   0.0019598727
4   7   2   10   -0.0000000008
4   7   4   6   0.0000000089
4   7   4   7   0.1812380697
4   7   5   6   0.0053899783
4   7   5   7   -0.0000000088
4   8   3   9   0.0557127433
4   8   4   8   0.1673758041
4   9   1   6   0.0007262371
4   9   1   7   0.0000000008
4   9   2   6   0.0000000008
4   9   2   7   0.0016483774
4   9   3   8   0.0556715951
4   9   4   9   0.1816395802
4   9   4   10   0.0000000000
4   9   5   9   0.0000000000
4   9   5   10   0.0168462665
4   10   1   6   0.0000000008
4   10   1   7   0.0005613812
4   10   2   6   0.0003482968
4   10   2   7   -0.0000000007
4   10   3   8   0.0000000000
4   10   4   9   0.0000000000
4   10   4   10   0.1479220057
4   10   5   9   0.0168577429
4   10   5   10   0.0000000000
5   6   1   9   0.0000000009
5   6   1   10   0.0019492907
5   6   2   9   0.0006416567
5   6   2   10   -0.0000000008
5   6   4   6   0.0000000089
5   6   4   7   0.0053899783
5   6   5   6   0.1812156197
5   6   5   7   -0.0000000088
5   7   1   9   0.0003922469
5   7   1   10   -0.0000000008
5   7   2   9   -0.0000000008
5   7   2   10   0.0009229401
5   7   4   6   0.0053066328
5   7   4   7   -0.0000000088
5   7   5   6   -0.0000000088
5   7   5   7   0.1705329655
5   8   3   10   0.0557126556
5   8   5   8   0.1673757573
5   9   1   6   0.0000000008
5   9   1   7   0.0003482968
5   9   2   6   0.0005613812
5   9   2   7   -0.0000000007
5   9   3   8   0.0000000000
5   9   4   9   0.0000000000
5   9   4   10   0.0168577429
5   9   5   9   0.1479220057
5   9   5   10   0.0000000000
5   10   1   6   0.0016267227
5   10   1   7   -0.0000000007
5   10   2   6   -0.0000000007
5   10   2   7   0.0007235081
5   10   3   8   0.0556599656
5   10   4   9   0.0168462665
5   10   4   10   0.0000000000
5   10   5   9   0.0000000000
5   10   5   10   0.1816186278

End ABCD Block
Begin AIJB Block
1   4   1   6   0.0042576788
1   4   1   7   0.0000000057
1   4   2   9   0.0000000061
1   4   2   10   0.0029154429
1   4   3   9   0.0011101450
1   4   3   10   0.0000000138
1   5   1   9   0.0000000010
1   5   1   10   0.0006919032
1   5   2   6   0.0404099610
1   5   2   7   -0.0000000005
1   5   3   6   -0.0000000004
1   5   3   7   -0.0141601390
1   6   1   9   0.0005638396
1   6   1   10   0.0000000034
1   6   2   6   -0.0000000004
1   6   2   7   0.0318902720
1   6   3   6   0.0581021247
1   6   3   7   0.0000000006
2   4   1   6   0.0000000057
2   4   1   7   0.0063422337
2   4   2   9   0.0054018044
2   4   2   10   -0.0000000015
2   4   3   9   0.0000000092
2   4   3   10   0.0013625029
2   5   1   9   0.0014104490
2   5   1   10   0.0000000003
2   5   2   6   -0.0000000005
2   5   2   7   0.0581627681
2   5   3   6   0.0318902720
2   5   3   7   0.0000000006
2   6   1   9   0.0000000020
2   6   1   10   0.0001610750
2   6   2   6   -0.0141601390
2   6   2   7   0.0000000006
2   6   3   6   0.0000000006
2   6   3   7   0.0403946758
3   4   1   8   0.0062055774
3   5   2   8   0.0020941288
3   6   3   8   0.0020941258
4   4   1   9   0.0067905556
4   4   1   10   0.0000000060
4   4   2   6   0.0000000010
4   4   2   7   0.0014104490
4   4   3   6   0.0005638396
4   4   3   7   0.0000000020
4   5   1   6   0.0000000061
4   5   1   7   0.0054018044
4   5   2   9   0.0022316309
4   5   2   10   -0.0000000014
4   5   3   9   0.0000000013
4   5   3   10   0.0006652967
4   6   1   6   0.0011101450
4   6   1   7   0.0000000092
4   6   2   9   0.0000000013
4   6   2   10   0.0009050962
4   6   3   9   0.0006741200
4   6   3   10   0.0000000013
5   4   1   9   0.0000000060
5   4   1   10   0.0036063417
5   4   2   6   0.0006919032
5   4   2   7   0.0000000003
5   4   3   6   0.0000000034
5   4   3   7   0.0001610750
5   5   1   6   0.0029154429
5   5   1   7   -0.0000000015
5   5   2   9   -0.0000000014
5   5   2   10   0.0006704234
5   5   3   9   0.0009050962
5   5   3   10   -0.0000000014
5   6   1   6   0.0000000138
5   6   1   7   0.0013625029
5   6   2   9   0.0006652967
5   6   2   10   -0.0000000014
5   6   3   9   0.0000000013
5   6   3   10   0.0022537017

1   4   4   1   -0.2619328791
1   4   4   2   -0.0000000160
1   4   5   4   -0.0000000008
1   4   5   5   -0.0006757214
1   4   6   4   -0.0002916282
1   4   6   5   -0.0000000027
1   5   4   4   -0.0000000008
1   5   4   5   -0.0007657547
1   5   5   1   -0.2703717965
1   5   5   2   0.0000000008
1   5   6   1   0.0000000008
1   5   6   2   -0.0137762562
1   6   4   4   -0.0003444665
1   6   4   5   -0.0000000029
1   6   5   1   0.0000000008
1   6   5   2   -0.0130184872
1   6   6   1   -0.2971654168
1   6   6   2   -0.0000000008
2   4   4   1   -0.0000000160
2   4   4   2   -0.2678072341
2   4   5   4   -0.0010599433
2   4   5   5   0.0000000001
2   4   6   4   -0.0000000019
2   4   6   5   -0.0000937952
2   5   4   4   -0.0011628387
2   5   4   5   0.0000000001
2   5   5   1   0.0000000008
2   5   5   2   -0.2971676733
2   5   6   1   -0.0130184872
2   5   6   2   -0.0000000008
2   6   4   4   -0.0000000021
2   6   4   5   -0.0000623765
2   6   5   1   -0.0137762562
2   6   5   2   -0.0000000008
2   6   6   1   -0.0000000008
2   6   6   2   -0.2703718283
3   4   4   3   -0.1954741740
3   5   5   3   -0.1898334604
3   6   6   3   -0.1898334387
4   4   4   4   -0.1916243217
4   4   4   5   -0.0000000244
4   4   5   1   -0.0000000008
4   4   5   2   -0.0011628387
4   4   6   1   -0.0003444665
4   4   6   2   -0.0000000021
4   5   4   1   -0.0000000008
4   5   4   2   -0.0010599433
4   5   5   4   -0.1867256611
4   5   5   5   0.0000000144
4   5   6   4   -0.0000000143
4   5   6   5   -0.0084199691
4   6   4   1   -0.0002916282
4   6   4   2   -0.0000000019
4   6   5   4   -0.0000000143
4   6   5   5   -0.0083389416
4   6   6   4   -0.1699910447
4   6   6   5   -0.0000000143
5   4   4   4   -0.0000000244
5   4   4   5   -0.1787065013
5   4   5   1   -0.0007657547
5   4   5   2   0.0000000001
5   4   6   1   -0.0000000029
5   4   6   2   -0.0000623765
5   5   4   1   -0.0006757214
5   5   4   2   0.0000000001
5   5   5   4   0.0000000144
5   5   5   5   -0.1699782882
5   5   6   4   -0.0083389416
5   5   6   5   0.0000000144
5   6   4   1   -0.0000000027
5   6   4   2   -0.0000937952
5   6   5   4   -0.0084199691
5   6   5   5   0.0000000144
5   6   6   4   -0.0000000143
5   6   6   5   -0.1867615090

End AIJB Block
Begin IJKA Block
1   4   1   8   -0.0023963182
1   5   2   8   0.0001621642
1   5   3   8   -0.0000000004
1   6   2   8   -0.0000000004
1   6   3   8   -0.0001621614
2   4   2   8   -0.0008486068
2   4   3   8   0.0000000023
2   5   1   8   -0.0000256162
2   6   1   8   0.0000000001
3   4   2   8   0.0000000023
3   4   3   8   0.0008486510
3   5   1   8   0.0000000001
3   6   1   8   0.0000256188

End IJKA Block
Begin IABC Block
1   6   1   8   -0.0010178606
1   6   2   8   -0.0000000028
1   6   3   6   -0.0007048895
1   6   3   7   -0.0000000019
1   7   1   8   -0.0000000028
1   7   2   8   0.0010178635
1   7   3   6   -0.0000000019
1   7   3   7   0.0007034830
1   8   1   6   -0.0010022521
1   8   1   7   -0.0000000027
1   8   2   6   -0.0000000028
1   8   2   7   0.0009795862
1   8   3   8   -0.0000165764
1   8   4   9   -0.0048856164
1   8   4   10   0.0000000216
1   8   5   9   0.0000000215
1   8   5   10   0.0048849870
1   9   3   9   -0.0057590478
1   9   3   10   0.0000000255
1   9   4   8   -0.0048592630
1   9   5   8   0.0000000214
1   10   3   9   0.0000000254
1   10   3   10   0.0057730469
1   10   4   8   0.0000000214
1   10   5   8   0.0048592404
2   6   3   9   -0.0000000008
2   6   3   10   -0.0009752612
2   6   4   8   -0.0000000007
2   6   5   8   -0.0008681897
2   7   3   9   0.0009723528
2   7   3   10   -0.0000000008
2   7   4   8   0.0008675493
2   7   5   8   -0.0000000007
2   8   1   9   -0.0000000218
2   8   1   10   -0.0261511844
2   8   2   9   0.0261408692
2   8   2   10   -0.0000000219
2   8   4   6   -0.0000000008
2   8   4   7   0.0009954055
2   8   5   6   -0.0009884524
2   8   5   7   -0.0000000009
2   9   1   8   -0.0000000218
2   9   2   8   0.0260834964
2   9   3   6   -0.0000000010
2   9   3   7   0.0011557006
2   10   1   8   -0.0260862874
2   10   2   8   -0.0000000218
2   10   3   6   -0.0011457601
2   10   3   7   -0.0000000010
3   6   3   9   -0.0009760229
3   6   3   10   0.0000000008
3   6   4   8   -0.0008696711
3   6   5   8   0.0000000007
3   7   3   9   -0.0000000008
3   7   3   10   -0.0009789353
3   7   4   8   -0.0000000007
3   7   5   8   -0.0008703154
3   8   1   9   -0.0261479638
3   8   1   10   0.0000000219
3   8   2   9   -0.0000000219
3   8   2   10   -0.0261538757
3   8   4   6   -0.0009690414
3   8   4   7   -0.0000000008
3   8   5   6   0.0000000007
3   8   5   7   -0.0009845503
3   9   1   8   -0.0260953621
3   9   2   8   -0.0000000218
3   9   3   6   -0.0011330450
3   9   3   7   -0.0000000009
3   10   1   8   0.0000000219
3   10   2   8   -0.0260925252
3   10   3   6   0.0000000009
3   10   3   7   -0.0011429831

End IABC Block
