Begin IJ Block
1   1   -2.9694619635
2   2   -2.9880687846
3   3   -2.9880686662
4   4   -2.8288036691
5   5   -2.8288035288

End IJ Block
Begin IA Block
1   2   0.0000000020
3   3   -0.0000001829

End IA Block
Begin AB Block
1   1   -2.4494855787
2   2   -2.4494854295
3   3   -1.7106494701

End AB Block
Begin IJKL Block
1   6   1   6   0.3046799245
1   6   2   7   0.0030667741
1   6   3   8   0.0030667729
1   6   4   9   0.0823708431
1   6   5   10   0.0823708003
1   7   1   7   0.2751057493
1   7   2   6   0.0046129246
1   8   1   8   0.2751057322
1   8   3   6   0.0046129235
1   9   1   9   0.2968639209
1   9   4   6   0.0824541999
1   10   1   10   0.2968639088
1   10   5   6   0.0824541580
2   6   1   7   0.0046129246
2   6   2   6   0.2751057493
2   7   1   6   0.0030667741
2   7   2   7   0.2906081859
2   7   3   8   0.0093685212
2   7   4   9   0.0039230657
2   7   4   10   0.0000000048
2   7   5   9   0.0000000048
2   7   5   10   0.0023268571
2   8   2   8   0.2698753845
2   8   3   7   0.0113642534
2   8   4   9   -0.0000000048
2   8   4   10   0.0007602474
2   8   5   9   0.0008359611
2   8   5   10   0.0000000048
2   9   2   9   0.2719669382
2   9   2   10   -0.0000000061
2   9   3   9   0.0000000061
2   9   3   10   -0.0014247382
2   9   4   7   0.0053614744
2   9   4   8   -0.0000000031
2   9   5   7   0.0000000031
2   9   5   8   0.0004973112
2   10   2   9   -0.0000000061
2   10   2   10   0.2740056322
2   10   3   9   -0.0006139581
2   10   3   10   -0.0000000061
2   10   4   7   0.0000000031
2   10   4   8   0.0005344925
2   10   5   7   0.0043296708
2   10   5   8   0.0000000031
3   6   1   8   0.0046129235
3   6   3   6   0.2751057322
3   7   2   8   0.0113642534
3   7   3   7   0.2698753845
3   7   4   9   -0.0000000048
3   7   4   10   0.0008359611
3   7   5   9   0.0007602474
3   7   5   10   0.0000000048
3   8   1   6   0.0030667729
3   8   2   7   0.0093685212
3   8   3   8   0.2906081684
3   8   4   9   0.0023268562
3   8   4   10   -0.0000000048
3   8   5   9   -0.0000000048
3   8   5   10   0.0039230646
3   9   2   9   0.0000000061
3   9   2   10   -0.0006139581
3   9   3   9   0.2740056238
3   9   3   10   0.0000000061
3   9   4   7   -0.0000000031
3   9   4   8   0.0043296702
3   9   5   7   0.0005344925
3   9   5   8   -0.0000000031
3   10   2   9   -0.0014247382
3   10   2   10   -0.0000000061
3   10   3   9   0.0000000061
3   10   3   10   0.2719669108
3   10   4   7   0.0004973112
3   10   4   8   -0.0000000031
3   10   5   7   0.0000000031
3   10   5   8   0.0053614731
4   6   1   9   0.0824541999
4   6   4   6   0.2968639209
4   7   2   9   0.0053614744
4   7   2   10   0.0000000031
4   7   3   9   -0.0000000031
4   7   3   10   0.0004973112
4   7   4   7   0.2719669382
4   7   4   8   0.0000000061
4   7   5   7   -0.0000000061
4   7   5   8   -0.0014247382
4   8   2   9   -0.0000000031
4   8   2   10   0.0005344925
4   8   3   9   0.0043296702
4   8   3   10   -0.0000000031
4   8   4   7   0.0000000061
4   8   4   8   0.2740056238
4   8   5   7   -0.0006139581
4   8   5   8   0.0000000061
4   9   1   6   0.0823708431
4   9   2   7   0.0039230657
4   9   2   8   -0.0000000048
4   9   3   7   -0.0000000048
4   9   3   8   0.0023268562
4   9   4   9   0.3150440918
4   9   5   10   0.0191427688
4   10   2   7   0.0000000048
4   10   2   8   0.0007602474
4   10   3   7   0.0008359611
4   10   3   8   -0.0000000048
4   10   4   10   0.2732062095
4   10   5   9   0.0226951342
5   6   1   10   0.0824541580
5   6   5   6   0.2968639088
5   7   2   9   0.0000000031
5   7   2   10   0.0043296708
5   7   3   9   0.0005344925
5   7   3   10   0.0000000031
5   7   4   7   -0.0000000061
5   7   4   8   -0.0006139581
5   7   5   7   0.2740056322
5   7   5   8   -0.0000000061
5   8   2   9   0.0004973112
5   8   2   10   0.0000000031
5   8   3   9   -0.0000000031
5   8   3   10   0.0053614731
5   8   4   7   -0.0014247382
5   8   4   8   0.0000000061
5   8   5   7   -0.0000000061
5   8   5   8   0.2719669108
5   9   2   7   0.0000000048
5   9   2   8   0.0008359611
5   9   3   7   0.0007602474
5   9   3   8   -0.0000000048
5   9   4   10   0.0226951342
5   9   5   9   0.2732062095
5   10   1   6   0.0823708003
5   10   2   7   0.0023268571
5   10   2   8   0.0000000048
5   10   3   7   0.0000000048
5   10   3   8   0.0039230646
5   10   4   9   0.0191427688
5   10   5   10   0.3150440897

End IJKL Block
Begin IJAB Block
1   6   1   4   0.0364848918
1   6   2   5   0.0364848928
1   6   3   6   0.0026846586
1   7   1   6   0.0007818628
1   7   2   6   -0.0000000023
1   7   3   4   -0.0012189560
1   7   3   5   0.0000000035
1   8   1   6   -0.0000000023
1   8   2   6   -0.0007818625
1   8   3   4   0.0000000035
1   8   3   5   0.0012189571
2   6   1   6   -0.0012189560
2   6   2   6   0.0000000035
2   6   3   4   0.0007818628
2   6   3   5   -0.0000000023
2   7   1   4   0.0050182002
2   7   1   5   -0.0000000033
2   7   2   4   -0.0000000033
2   7   2   5   0.0038928089
2   7   3   6   0.0073135972
2   8   1   4   -0.0000000033
2   8   1   5   -0.0001722821
2   8   2   4   -0.0009531078
2   8   2   5   0.0000000033
3   6   1   6   0.0000000035
3   6   2   6   0.0012189571
3   6   3   4   -0.0000000023
3   6   3   5   -0.0007818625
3   7   1   4   -0.0000000033
3   7   1   5   -0.0009531078
3   7   2   4   -0.0001722821
3   7   2   5   0.0000000033
3   8   1   4   0.0038928078
3   8   1   5   0.0000000033
3   8   2   4   0.0000000033
3   8   2   5   0.0050182003
3   8   3   6   0.0073136009
4   9   1   4   0.0353392161
4   9   1   5   -0.0000000024
4   9   2   4   -0.0000000024
4   9   2   5   0.0616709473
4   9   3   6   0.0021278499
4   10   1   4   -0.0000000024
4   10   1   5   0.0355701635
4   10   2   4   -0.0092384155
4   10   2   5   0.0000000024
5   9   1   4   -0.0000000024
5   9   1   5   -0.0092384155
5   9   2   4   0.0355701635
5   9   2   5   0.0000000024
5   10   1   4   0.0616709649
5   10   1   5   0.0000000024
5   10   2   4   0.0000000024
5   10   2   5   0.0353392086
5   10   3   6   0.0021278467

End IJAB Block
Begin ABCD Block
1   4   1   4   0.2824714789
1   4   2   5   0.0117426063
1   4   3   6   0.0014995272
1   5   1   5   0.2572752094
1   5   2   4   0.0134536529
1   6   1   6   0.1862251231
1   6   3   4   0.0018385432
2   4   1   5   0.0134536529
2   4   2   4   0.2572752094
2   5   1   4   0.0117426063
2   5   2   5   0.2824714550
2   5   3   6   0.0014995303
2   6   2   6   0.1862251349
2   6   3   5   0.0018385463
3   4   1   6   0.0018385432
3   4   3   4   0.1862251231
3   5   2   6   0.0018385463
3   5   3   5   0.1862251349
3   6   1   4   0.0014995272
3   6   2   5   0.0014995303
3   6   3   6   0.1714684860

End ABCD Block
Begin AIJB Block
1   6   1   4   0.0331532047
1   6   2   6   -0.0002804757
1   6   3   6   0.0000000008
1   7   1   6   0.0012708940
1   7   2   4   0.0063010622
1   7   2   5   -0.0000000055
1   7   3   4   -0.0000000055
1   7   3   5   -0.0013588034
1   8   1   6   -0.0000000037
1   8   2   4   -0.0000000055
1   8   2   5   -0.0005475667
1   8   3   4   0.0043946889
1   8   3   5   0.0000000055
1   9   4   4   0.0390076755
1   9   4   5   -0.0000000015
1   9   5   4   -0.0000000015
1   9   5   5   -0.0128767207
1   10   4   4   -0.0000000015
1   10   4   5   0.0300004847
1   10   5   4   0.0561314413
1   10   5   5   0.0000000015
2   6   1   5   0.0331532029
2   6   2   6   0.0000000008
2   6   3   6   0.0002804764
2   7   1   6   -0.0000000037
2   7   2   4   -0.0000000055
2   7   2   5   0.0043946899
2   7   3   4   -0.0005475667
2   7   3   5   0.0000000055
2   8   1   6   -0.0012708939
2   8   2   4   -0.0013588034
2   8   2   5   0.0000000055
2   8   3   4   0.0000000055
2   8   3   5   0.0063010629
2   9   4   4   -0.0000000015
2   9   4   5   0.0561314220
2   9   5   4   0.0300004847
2   9   5   5   0.0000000015
2   10   4   4   -0.0128767207
2   10   4   5   0.0000000015
2   10   5   4   0.0000000015
2   10   5   5   0.0390076682
3   6   1   6   0.0023218489
3   6   2   4   0.0012708940
3   6   2   5   -0.0000000037
3   6   3   4   -0.0000000037
3   6   3   5   -0.0012708939
3   7   1   4   -0.0002804757
3   7   1   5   0.0000000008
3   7   2   6   0.0061621082
3   8   1   4   0.0000000008
3   8   1   5   0.0002804764
3   8   3   6   0.0061621117
3   9   4   6   0.0020716483
3   10   5   6   0.0020716454

1   6   6   1   -0.2852319254
1   6   7   3   -0.0002889733
1   6   8   3   0.0000000008
1   7   6   3   -0.0000556963
1   7   7   1   -0.2671030796
1   7   7   2   0.0000000173
1   7   8   1   0.0000000173
1   7   8   2   0.0025321656
1   8   6   3   0.0000000002
1   8   7   1   0.0000000173
1   8   7   2   0.0034044198
1   8   8   1   -0.2611664706
1   8   8   2   -0.0000000173
1   9   9   1   -0.2699208398
1   9   9   2   0.0000000024
1   9   10   1   0.0000000024
1   9   10   2   -0.0144475988
1   10   9   1   0.0000000024
1   10   9   2   -0.0123670852
1   10   10   1   -0.2967355138
1   10   10   2   -0.0000000024
2   6   6   2   -0.2852319161
2   6   7   3   0.0000000008
2   6   8   3   0.0002889737
2   7   6   3   0.0000000002
2   7   7   1   0.0000000173
2   7   7   2   -0.2611664777
2   7   8   1   0.0034044198
2   7   8   2   -0.0000000173
2   8   6   3   0.0000556966
2   8   7   1   0.0025321656
2   8   7   2   -0.0000000173
2   8   8   1   -0.0000000173
2   8   8   2   -0.2671030597
2   9   9   1   0.0000000024
2   9   9   2   -0.2967354967
2   9   10   1   -0.0123670852
2   9   10   2   -0.0000000024
2   10   9   1   -0.0144475988
2   10   9   2   -0.0000000024
2   10   10   1   -0.0000000024
2   10   10   2   -0.2699208234
3   6   6   3   -0.1903487294
3   6   7   1   -0.0000556963
3   6   7   2   0.0000000002
3   6   8   1   0.0000000002
3   6   8   2   0.0000556966
3   7   6   1   -0.0002889733
3   7   6   2   0.0000000008
3   7   7   3   -0.1957269024
3   8   6   1   0.0000000008
3   8   6   2   0.0002889737
3   8   8   3   -0.1957269177
3   9   9   3   -0.1899408071
3   10   10   3   -0.1899407858

End AIJB Block
Begin IJKA Block
1   6   1   5   0.0000000027
1   6   3   6   0.0000000006
1   7   2   4   -0.0000000049
1   7   2   5   0.0008138464
1   7   3   4   -0.0008138464
1   7   3   5   -0.0000000049
1   8   1   6   0.0000000210
1   8   2   4   -0.0008138465
1   8   2   5   -0.0000000049
1   8   3   4   0.0000000049
1   8   3   5   -0.0008138456
1   9   4   4   -0.0000000014
1   9   4   5   0.0490546731
1   9   5   4   -0.0490546729
1   9   5   5   -0.0000000014
1   10   4   4   -0.0490546864
1   10   4   5   -0.0000000014
1   10   5   4   0.0000000014
1   10   5   5   -0.0490546654
2   6   2   4   0.0000000092
2   6   2   5   -0.0015315938
2   6   3   4   0.0015315924
2   6   3   5   0.0000000092
2   7   1   4   -0.0000000046
2   7   1   5   0.0007691267
2   7   2   6   0.0000000209
2   7   3   6   0.0023366934
2   8   1   4   -0.0007691268
2   8   1   5   -0.0000000046
2   8   2   6   0.0023367136
2   8   3   6   -0.0000000209
2   9   4   6   0.0000000001
2   9   5   6   0.0000461455
2   10   4   6   0.0000461460
2   10   5   6   -0.0000000001
3   6   1   6   0.0000000007
3   6   2   4   0.0015315925
3   6   2   5   0.0000000092
3   6   3   4   -0.0000000092
3   6   3   5   0.0015316016
3   7   1   4   -0.0007691266
3   7   1   5   -0.0000000046
3   7   2   6   0.0023366936
3   7   3   6   -0.0000000209
3   8   1   4   0.0000000046
3   8   1   5   -0.0007691258
3   8   2   6   -0.0000000209
3   8   3   6   -0.0023366735
3   9   4   6   0.0000461470
3   9   5   6   -0.0000000001
3   10   4   6   -0.0000000001
3   10   5   6   -0.0000461445
4   6   4   4   -0.0000000007
4   6   4   5   0.0226854470
4   6   5   4   -0.0226854573
4   6   5   5   -0.0000000007
4   7   4   6   -0.0000000025
4   7   5   6   -0.0008580106
4   8   4   6   -0.0008579884
4   8   5   6   0.0000000025
4   9   1   4   -0.0000000015
4   9   1   5   0.0501221403
4   9   2   6   -0.0000000000
4   9   3   6   -0.0000123476
4   10   1   4   -0.0501221528
4   10   1   5   -0.0000000015
4   10   2   6   -0.0000123486
4   10   3   6   0.0000000000
5   6   4   4   -0.0226854571
5   6   4   5   -0.0000000007
5   6   5   4   0.0000000007
5   6   5   5   -0.0226854528
5   7   4   6   -0.0008580107
5   7   5   6   0.0000000025
5   8   4   6   0.0000000025
5   8   5   6   0.0008580325
5   9   1   4   -0.0501221386
5   9   1   5   -0.0000000015
5   9   2   6   -0.0000123492
5   9   3   6   0.0000000000
5   10   1   4   0.0000000015
5   10   1   5   -0.0501221324
5   10   2   6   0.0000000000
5   10   3   6   0.0000123501

End IJKA Block
Begin IABC Block
1   4   1   4   0.0000000036
1   4   1   5   -0.0172433015
1   4   2   4   -0.0172433016
1   4   2   5   -0.0000000036
1   5   1   4   -0.0172433008
1   5   1   5   -0.0000000036
1   5   2   4   -0.0000000036
1   5   2   5   0.0172432984
1   5   3   6   0.0000000018
1   6   2   6   0.0000000117
1   6   3   5   0.0000000018
2   4   1   6   -0.0000000033
2   4   2   6   0.0010699862
2   4   3   4   -0.0000000025
2   4   3   5   0.0007972884
2   5   1   6   0.0010699878
2   5   2   6   0.0000000033
2   5   3   4   0.0007972886
2   5   3   5   0.0000000025
2   6   1   4   -0.0000000031
2   6   1   5   0.0009928763
2   6   2   4   0.0009928749
2   6   2   5   0.0000000031
3   4   1   6   -0.0010699848
3   4   2   6   -0.0000000033
3   4   3   4   -0.0007972679
3   4   3   5   -0.0000000025
3   5   1   6   -0.0000000033
3   5   2   6   0.0010699879
3   5   3   4   -0.0000000025
3   5   3   5   0.0007973070
3   6   1   4   -0.0009928735
3   6   1   5   -0.0000000031
3   6   2   4   -0.0000000031
3   6   2   5   0.0009928764
3   6   3   6   -0.0000000016

End IABC Block
