Begin IJ Block
1   1   -2.4423738940
2   2   -2.4423738087
3   3   -2.3176859172
4   4   -2.3176857592

End IJ Block
Begin IA Block
2   3   -0.0000001414

End IA Block
Begin AB Block
1   1   -1.9109734475
2   2   -1.9109733154
3   3   -1.3322679090

End AB Block
Begin IJKL Block
1   5   1   5   0.2906091778
1   5   2   6   0.0093688326
1   5   3   7   0.0039231698
1   5   3   8   -0.0000000052
1   5   4   7   -0.0000000052
1   5   4   8   0.0023267841
1   6   1   6   0.2698760570
1   6   2   5   0.0113642613
1   6   3   7   -0.0000000052
1   6   3   8   -0.0007603522
1   6   4   7   -0.0008360334
1   6   4   8   0.0000000052
1   7   1   7   0.2719676947
1   7   1   8   0.0000000067
1   7   2   7   0.0000000067
1   7   2   8   0.0014245583
1   7   3   5   0.0053617024
1   7   3   6   -0.0000000034
1   7   4   5   -0.0000000034
1   7   4   6   -0.0004976348
1   8   1   7   0.0000000067
1   8   1   8   0.2740057190
1   8   2   7   0.0006134683
1   8   2   8   -0.0000000067
1   8   3   5   -0.0000000034
1   8   3   6   -0.0005346461
1   8   4   5   0.0043294216
1   8   4   6   0.0000000034
2   5   1   6   0.0113642613
2   5   2   5   0.2698760570
2   5   3   7   -0.0000000052
2   5   3   8   -0.0008360334
2   5   4   7   -0.0007603522
2   5   4   8   0.0000000052
2   6   1   5   0.0093688326
2   6   2   6   0.2906091602
2   6   3   7   0.0023267832
2   6   3   8   0.0000000052
2   6   4   7   0.0000000052
2   6   4   8   0.0039231687
2   7   1   7   0.0000000067
2   7   1   8   0.0006134683
2   7   2   7   0.2740057106
2   7   2   8   -0.0000000067
2   7   3   5   -0.0000000034
2   7   3   6   0.0043294210
2   7   4   5   -0.0005346461
2   7   4   6   0.0000000034
2   8   1   7   0.0014245583
2   8   1   8   -0.0000000067
2   8   2   7   -0.0000000067
2   8   2   8   0.2719676672
2   8   3   5   -0.0004976348
2   8   3   6   0.0000000034
2   8   4   5   0.0000000034
2   8   4   6   0.0053617010
3   5   1   7   0.0053617024
3   5   1   8   -0.0000000034
3   5   2   7   -0.0000000034
3   5   2   8   -0.0004976348
3   5   3   5   0.2719676947
3   5   3   6   0.0000000067
3   5   4   5   0.0000000067
3   5   4   6   0.0014245583
3   6   1   7   -0.0000000034
3   6   1   8   -0.0005346461
3   6   2   7   0.0043294210
3   6   2   8   0.0000000034
3   6   3   5   0.0000000067
3   6   3   6   0.2740057106
3   6   4   5   0.0006134683
3   6   4   6   -0.0000000067
3   7   1   5   0.0039231698
3   7   1   6   -0.0000000052
3   7   2   5   -0.0000000052
3   7   2   6   0.0023267832
3   7   3   7   0.3150440918
3   7   4   8   0.0191427688
3   8   1   5   -0.0000000052
3   8   1   6   -0.0007603522
3   8   2   5   -0.0008360334
3   8   2   6   0.0000000052
3   8   3   8   0.2732062095
3   8   4   7   0.0226951342
4   5   1   7   -0.0000000034
4   5   1   8   0.0043294216
4   5   2   7   -0.0005346461
4   5   2   8   0.0000000034
4   5   3   5   0.0000000067
4   5   3   6   0.0006134683
4   5   4   5   0.2740057190
4   5   4   6   -0.0000000067
4   6   1   7   -0.0004976348
4   6   1   8   0.0000000034
4   6   2   7   0.0000000034
4   6   2   8   0.0053617010
4   6   3   5   0.0014245583
4   6   3   6   -0.0000000067
4   6   4   5   -0.0000000067
4   6   4   6   0.2719676672
4   7   1   5   -0.0000000052
4   7   1   6   -0.0008360334
4   7   2   5   -0.0007603522
4   7   2   6   0.0000000052
4   7   3   8   0.0226951342
4   7   4   7   0.2732062095
4   8   1   5   0.0023267841
4   8   1   6   0.0000000052
4   8   2   5   0.0000000052
4   8   2   6   0.0039231687
4   8   3   7   0.0191427688
4   8   4   8   0.3150440897

End IJKL Block
Begin IJAB Block
1   5   1   4   0.0049152606
1   5   1   5   -0.0000000036
1   5   2   4   -0.0000000036
1   5   2   5   0.0037936241
1   5   3   6   0.0072994329
1   6   1   4   -0.0000000036
1   6   1   5   -0.0001692321
1   6   2   4   -0.0009524029
1   6   2   5   0.0000000036
2   5   1   4   -0.0000000036
2   5   1   5   -0.0009524029
2   5   2   4   -0.0001692321
2   5   2   5   0.0000000036
2   6   1   4   0.0037936231
2   6   1   5   0.0000000036
2   6   2   4   0.0000000036
2   6   2   5   0.0049152607
2   6   3   6   0.0072994366
3   7   1   4   0.0330254163
3   7   1   5   -0.0000000020
3   7   2   4   -0.0000000020
3   7   2   5   0.0593348944
3   7   3   6   0.0019728916
3   8   1   4   0.0000000020
3   8   1   5   -0.0355338690
3   8   2   4   0.0092243737
3   8   2   5   -0.0000000020
4   7   1   4   0.0000000020
4   7   1   5   0.0092243737
4   7   2   4   -0.0355338690
4   7   2   5   -0.0000000020
4   8   1   4   0.0593349134
4   8   1   5   0.0000000020
4   8   2   4   0.0000000020
4   8   2   5   0.0330254100
4   8   3   6   0.0019728884

End IJAB Block
Begin ABCD Block
1   4   1   4   0.2809561551
1   4   2   5   0.0102091299
1   4   3   6   0.0013931543
1   5   1   5   0.2572908781
1   5   2   4   0.0134561369
1   6   1   6   0.1862222022
1   6   3   4   0.0018411845
2   4   1   5   0.0134561369
2   4   2   4   0.2572908781
2   5   1   4   0.0102091299
2   5   2   5   0.2809561311
2   5   3   6   0.0013931574
2   6   2   6   0.1862222140
2   6   3   5   0.0018411876
3   4   1   6   0.0018411845
3   4   3   4   0.1862222022
3   5   2   6   0.0018411876
3   5   3   5   0.1862222140
3   6   1   4   0.0013931543
3   6   2   5   0.0013931574
3   6   3   6   0.1714609274

End ABCD Block
Begin AIJB Block
1   5   1   4   0.0062961858
1   5   1   5   -0.0000000061
1   5   2   4   -0.0000000061
1   5   2   5   -0.0013587482
1   6   1   4   -0.0000000061
1   6   1   5   -0.0005424657
1   6   2   4   0.0043949688
1   6   2   5   0.0000000061
1   7   3   4   0.0390113671
1   7   3   5   -0.0000000013
1   7   4   4   0.0000000013
1   7   4   5   0.0128248663
1   8   3   4   0.0000000013
1   8   3   5   -0.0299521773
1   8   4   4   0.0561386798
1   8   4   5   0.0000000013
2   5   1   4   -0.0000000061
2   5   1   5   0.0043949697
2   5   2   4   -0.0005424657
2   5   2   5   0.0000000061
2   6   1   4   -0.0013587482
2   6   1   5   0.0000000061
2   6   2   4   0.0000000061
2   6   2   5   0.0062961865
2   7   3   4   -0.0000000013
2   7   3   5   0.0561386604
2   7   4   4   -0.0299521773
2   7   4   5   -0.0000000013
2   8   3   4   0.0128248663
2   8   3   5   -0.0000000013
2   8   4   4   0.0000000013
2   8   4   5   0.0390113599
3   5   1   6   0.0061575014
3   6   2   6   0.0061575048
3   7   3   6   0.0020722657
3   8   4   6   0.0020722628

1   5   5   1   -0.2670612474
1   5   5   2   0.0000000191
1   5   6   1   0.0000000191
1   5   6   2   0.0025321582
1   6   5   1   0.0000000191
1   6   5   2   0.0034053988
1   6   6   1   -0.2611236668
1   6   6   2   -0.0000000191
1   7   7   1   -0.2699389850
1   7   7   2   0.0000000021
1   7   8   1   -0.0000000021
1   7   8   2   0.0145444539
1   8   7   1   -0.0000000021
1   8   7   2   0.0124121990
1   8   8   1   -0.2968956278
1   8   8   2   -0.0000000021
2   5   5   1   0.0000000191
2   5   5   2   -0.2611236739
2   5   6   1   0.0034053988
2   5   6   2   -0.0000000191
2   6   5   1   0.0025321582
2   6   5   2   -0.0000000191
2   6   6   1   -0.0000000191
2   6   6   2   -0.2670612274
2   7   7   1   0.0000000021
2   7   7   2   -0.2968956108
2   7   8   1   0.0124121990
2   7   8   2   0.0000000021
2   8   7   1   0.0145444539
2   8   7   2   0.0000000021
2   8   8   1   -0.0000000021
2   8   8   2   -0.2699389687
3   5   5   3   -0.1957290525
3   6   6   3   -0.1957290678
3   7   7   3   -0.1899426419
3   8   8   3   -0.1899426206

End AIJB Block
Begin IJKA Block
1   5   1   6   0.0000000227
1   5   2   6   0.0023325081
1   6   1   6   0.0023325283
1   6   2   6   -0.0000000227
1   7   3   6   0.0000000003
1   7   4   6   -0.0001066188
1   8   3   6   -0.0001066193
1   8   4   6   -0.0000000003
2   5   1   6   0.0023325084
2   5   2   6   -0.0000000227
2   6   1   6   -0.0000000227
2   6   2   6   -0.0023324882
2   7   3   6   0.0001066204
2   7   4   6   0.0000000003
2   8   3   6   0.0000000003
2   8   4   6   -0.0001066178
3   5   3   6   -0.0000000026
3   5   4   6   0.0008272959
3   6   3   6   -0.0008272737
3   6   4   6   -0.0000000026
3   7   1   6   -0.0000000000
3   7   2   6   -0.0000124209
3   8   1   6   0.0000124219
3   8   2   6   -0.0000000000
4   5   3   6   0.0008272960
4   5   4   6   0.0000000026
4   6   3   6   -0.0000000026
4   6   4   6   0.0008273178
4   7   1   6   0.0000124224
4   7   2   6   -0.0000000000
4   8   1   6   0.0000000000
4   8   2   6   0.0000124234

End IJKA Block
Begin IABC Block
1   4   1   6   -0.0000000036
1   4   2   6   0.0010890611
1   4   3   4   -0.0000000028
1   4   3   5   0.0008354700
1   5   1   6   0.0010890626
1   5   2   6   0.0000000036
1   5   3   4   0.0008354702
1   5   3   5   0.0000000028
1   6   1   4   -0.0000000033
1   6   1   5   0.0009921198
1   6   2   4   0.0009921184
1   6   2   5   0.0000000033
2   4   1   6   -0.0010890597
2   4   2   6   -0.0000000036
2   4   3   4   -0.0008354495
2   4   3   5   -0.0000000028
2   5   1   6   -0.0000000036
2   5   2   6   0.0010890627
2   5   3   4   -0.0000000028
2   5   3   5   0.0008354887
2   6   1   4   -0.0009921170
2   6   1   5   -0.0000000033
2   6   2   4   -0.0000000033
2   6   2   5   0.0009921199
2   6   3   6   -0.0000000016

End IABC Block
