Begin IJ Block
1   1   -3.5733431027
2   2   -3.5160329296
3   3   -3.4984593402
3   4   -0.0000000204
4   4   -3.4894797543
5   5   -3.3387263094
5   6   -0.0000000035
6   6   -3.3991037096

End IJ Block
Begin IA Block
2   1   -0.0000000029
2   2   0.0326038954
3   3   -0.0000000095
4   3   0.0039549819

End IA Block
Begin AB Block
1   1   -2.9896028362
1   2   0.0000000016
2   2   -2.9481390944
3   3   -2.0946731610

End AB Block
Begin IJKL Block
1   7   1   7   0.3039674784
1   7   2   8   0.0039018023
1   7   3   9   0.0581137200
1   7   3   10   0.0000000427
1   7   4   9   0.0000000427
1   7   4   10   0.0393654509
1   7   5   11   0.0010541525
1   7   5   12   0.0000000003
1   7   6   11   0.0000000003
1   7   6   12   0.0057133454
1   8   1   8   0.2759820321
1   8   2   7   0.0053926239
1   8   3   11   -0.0459988111
1   8   3   12   -0.0000001078
1   8   4   11   -0.0000001078
1   8   4   12   0.0459986079
1   8   5   9   -0.0025353777
1   8   5   10   -0.0000000059
1   8   6   9   -0.0000000059
1   8   6   10   0.0025353993
1   9   1   9   0.2847364190
1   9   1   10   0.0000000312
1   9   2   11   -0.0021143116
1   9   2   12   -0.0000000050
1   9   3   7   0.0590782231
1   9   4   7   0.0000000421
1   9   5   8   -0.0016438509
1   9   6   8   -0.0000000039
1   10   1   9   0.0000000312
1   10   1   10   0.2710070894
1   10   2   11   -0.0000000050
1   10   2   12   0.0021207435
1   10   3   7   0.0000000421
1   10   4   7   0.0405996226
1   10   5   8   -0.0000000039
1   10   6   8   0.0016503272
1   11   1   11   0.2561224891
1   11   1   12   0.0000000019
1   11   2   9   -0.0031111991
1   11   2   10   -0.0000000073
1   11   3   8   -0.0461280135
1   11   4   8   -0.0000001081
1   11   5   7   0.0023186025
1   11   6   7   0.0000000003
1   12   1   11   0.0000000019
1   12   1   12   0.2889588362
1   12   2   9   -0.0000000073
1   12   2   10   0.0031112035
1   12   3   8   -0.0000001081
1   12   4   8   0.0461277970
1   12   5   7   0.0000000003
1   12   6   7   0.0076134230
2   7   1   8   0.0053926239
2   7   2   7   0.2759820321
2   7   3   11   -0.0025353777
2   7   3   12   -0.0000000059
2   7   4   11   -0.0000000059
2   7   4   12   0.0025353993
2   7   5   9   -0.0459988111
2   7   5   10   -0.0000001078
2   7   6   9   -0.0000001078
2   7   6   10   0.0459986079
2   8   1   7   0.0039018023
2   8   2   8   0.3046799245
2   8   3   9   0.0030667741
2   8   4   10   0.0030667729
2   8   5   11   0.0823706764
2   8   6   12   0.0823706336
2   9   1   11   -0.0031111991
2   9   1   12   -0.0000000073
2   9   2   9   0.2751057493
2   9   3   8   0.0046129246
2   9   5   7   -0.0461280135
2   9   6   7   -0.0000001081
2   10   1   11   -0.0000000073
2   10   1   12   0.0031112035
2   10   2   10   0.2751057322
2   10   4   8   0.0046129235
2   10   5   7   -0.0000001081
2   10   6   7   0.0461277970
2   11   1   9   -0.0021143116
2   11   1   10   -0.0000000050
2   11   2   11   0.2968637581
2   11   3   7   -0.0016438509
2   11   4   7   -0.0000000039
2   11   5   8   0.0824540526
2   12   1   9   -0.0000000050
2   12   1   10   0.0021207435
2   12   2   12   0.2968637460
2   12   3   7   -0.0000000039
2   12   4   7   0.0016503272
2   12   6   8   0.0824540107
3   7   1   9   0.0590782231
3   7   1   10   0.0000000421
3   7   2   11   -0.0016438509
3   7   2   12   -0.0000000039
3   7   3   7   0.2847364190
3   7   4   7   0.0000000312
3   7   5   8   -0.0021143116
3   7   6   8   -0.0000000050
3   8   1   11   -0.0461280135
3   8   1   12   -0.0000001081
3   8   2   9   0.0046129246
3   8   3   8   0.2751057493
3   8   5   7   -0.0031111991
3   8   6   7   -0.0000000073
3   9   1   7   0.0581137200
3   9   2   8   0.0030667741
3   9   3   9   0.2906081859
3   9   4   10   0.0093685212
3   9   5   11   0.0039230887
3   9   5   12   -0.0000000037
3   9   6   11   -0.0000000037
3   9   6   12   0.0023268579
3   10   1   7   0.0000000427
3   10   3   10   0.2698753845
3   10   4   9   0.0113642534
3   10   5   11   0.0000000037
3   10   5   12   0.0007602314
3   10   6   11   0.0008359675
3   10   6   12   -0.0000000037
3   11   1   8   -0.0459988111
3   11   2   7   -0.0025353777
3   11   3   11   0.2719668702
3   11   3   12   0.0000000048
3   11   4   11   -0.0000000048
3   11   4   12   -0.0014248010
3   11   5   9   0.0053615865
3   11   5   10   0.0000000024
3   11   6   9   -0.0000000024
3   11   6   10   0.0004975240
3   12   1   8   -0.0000001078
3   12   2   7   -0.0000000059
3   12   3   11   0.0000000048
3   12   3   12   0.2740057639
3   12   4   11   -0.0006141807
3   12   4   12   0.0000000048
3   12   5   9   -0.0000000024
3   12   5   10   0.0005345129
3   12   6   9   0.0043298751
3   12   6   10   -0.0000000024
4   7   1   9   0.0000000421
4   7   1   10   0.0405996226
4   7   2   11   -0.0000000039
4   7   2   12   0.0016503272
4   7   3   7   0.0000000312
4   7   4   7   0.2710070894
4   7   5   8   -0.0000000050
4   7   6   8   0.0021207435
4   8   1   11   -0.0000001081
4   8   1   12   0.0461277970
4   8   2   10   0.0046129235
4   8   4   8   0.2751057322
4   8   5   7   -0.0000000073
4   8   6   7   0.0031112035
4   9   1   7   0.0000000427
4   9   3   10   0.0113642534
4   9   4   9   0.2698753845
4   9   5   11   0.0000000037
4   9   5   12   0.0008359675
4   9   6   11   0.0007602314
4   9   6   12   -0.0000000037
4   10   1   7   0.0393654509
4   10   2   8   0.0030667729
4   10   3   9   0.0093685212
4   10   4   10   0.2906081684
4   10   5   11   0.0023268373
4   10   5   12   0.0000000037
4   10   6   11   0.0000000037
4   10   6   12   0.0039230680
4   11   1   8   -0.0000001078
4   11   2   7   -0.0000000059
4   11   3   11   -0.0000000048
4   11   3   12   -0.0006141807
4   11   4   11   0.2740056627
4   11   4   12   -0.0000000048
4   11   5   9   0.0000000024
4   11   5   10   0.0043298374
4   11   6   9   0.0005345129
4   11   6   10   0.0000000024
4   12   1   8   0.0459986079
4   12   2   7   0.0025353993
4   12   3   11   -0.0014248010
4   12   3   12   0.0000000048
4   12   4   11   -0.0000000048
4   12   4   12   0.2719667500
4   12   5   9   0.0004975240
4   12   5   10   0.0000000024
4   12   6   9   -0.0000000024
4   12   6   10   0.0053615481
5   7   1   11   0.0023186025
5   7   1   12   0.0000000003
5   7   2   9   -0.0461280135
5   7   2   10   -0.0000001081
5   7   3   8   -0.0031111991
5   7   4   8   -0.0000000073
5   7   5   7   0.2561224891
5   7   6   7   0.0000000019
5   8   1   9   -0.0016438509
5   8   1   10   -0.0000000039
5   8   2   11   0.0824540526
5   8   3   7   -0.0021143116
5   8   4   7   -0.0000000050
5   8   5   8   0.2968637581
5   9   1   8   -0.0025353777
5   9   2   7   -0.0459988111
5   9   3   11   0.0053615865
5   9   3   12   -0.0000000024
5   9   4   11   0.0000000024
5   9   4   12   0.0004975240
5   9   5   9   0.2719668702
5   9   5   10   -0.0000000048
5   9   6   9   0.0000000048
5   9   6   10   -0.0014248010
5   10   1   8   -0.0000000059
5   10   2   7   -0.0000001078
5   10   3   11   0.0000000024
5   10   3   12   0.0005345129
5   10   4   11   0.0043298374
5   10   4   12   0.0000000024
5   10   5   9   -0.0000000048
5   10   5   10   0.2740056627
5   10   6   9   -0.0006141807
5   10   6   10   -0.0000000048
5   11   1   7   0.0010541525
5   11   2   8   0.0823706764
5   11   3   9   0.0039230887
5   11   3   10   0.0000000037
5   11   4   9   0.0000000037
5   11   4   10   0.0023268373
5   11   5   11   0.3150441171
5   11   6   12   0.0191427494
5   12   1   7   0.0000000003
5   12   3   9   -0.0000000037
5   12   3   10   0.0007602314
5   12   4   9   0.0008359675
5   12   4   10   0.0000000037
5   12   5   12   0.2732056705
5   12   6   11   0.0226952901
6   7   1   11   0.0000000003
6   7   1   12   0.0076134230
6   7   2   9   -0.0000001081
6   7   2   10   0.0461277970
6   7   3   8   -0.0000000073
6   7   4   8   0.0031112035
6   7   5   7   0.0000000019
6   7   6   7   0.2889588362
6   8   1   9   -0.0000000039
6   8   1   10   0.0016503272
6   8   2   12   0.0824540107
6   8   3   7   -0.0000000050
6   8   4   7   0.0021207435
6   8   6   8   0.2968637460
6   9   1   8   -0.0000000059
6   9   2   7   -0.0000001078
6   9   3   11   -0.0000000024
6   9   3   12   0.0043298751
6   9   4   11   0.0005345129
6   9   4   12   -0.0000000024
6   9   5   9   0.0000000048
6   9   5   10   -0.0006141807
6   9   6   9   0.2740057639
6   9   6   10   0.0000000048
6   10   1   8   0.0025353993
6   10   2   7   0.0459986079
6   10   3   11   0.0004975240
6   10   3   12   -0.0000000024
6   10   4   11   0.0000000024
6   10   4   12   0.0053615481
6   10   5   9   -0.0014248010
6   10   5   10   -0.0000000048
6   10   6   9   0.0000000048
6   10   6   10   0.2719667500
6   11   1   7   0.0000000003
6   11   3   9   -0.0000000037
6   11   3   10   0.0008359675
6   11   4   9   0.0007602314
6   11   4   10   0.0000000037
6   11   5   12   0.0226952901
6   11   6   11   0.2732056705
6   12   1   7   0.0057133454
6   12   2   8   0.0823706336
6   12   3   9   0.0023268579
6   12   3   10   -0.0000000037
6   12   4   9   -0.0000000037
6   12   4   10   0.0039230680
6   12   5   11   0.0191427494
6   12   6   12   0.3150436343

End IJKL Block
Begin IJAB Block
1   7   1   4   0.0055252041
1   7   1   5   -0.0000000001
1   7   2   4   -0.0000000001
1   7   2   5   0.0029142500
1   7   3   6   0.0094564653
1   11   1   6   0.0009628161
1   11   2   6   0.0000000000
1   11   3   4   0.0009039401
1   11   3   5   0.0000000000
1   12   1   6   0.0000000000
1   12   2   6   -0.0010188258
1   12   3   4   0.0000000000
1   12   3   5   -0.0009566607
2   8   1   4   0.0365025924
2   8   2   5   0.0364924528
2   8   3   6   0.0027130510
2   9   1   6   0.0007395498
2   9   2   6   -0.0000000017
2   9   3   4   -0.0012674956
2   9   3   5   0.0000000029
2   10   1   6   0.0000000017
2   10   2   6   0.0007400657
2   10   3   4   -0.0000000029
2   10   3   5   -0.0012673543
3   8   1   6   -0.0012674956
3   8   2   6   0.0000000029
3   8   3   4   0.0007395498
3   8   3   5   -0.0000000017
3   9   1   4   0.0052512079
3   9   1   5   -0.0000000026
3   9   2   4   -0.0000000026
3   9   2   5   0.0039930946
3   9   3   6   0.0077028980
3   10   1   4   0.0000000028
3   10   1   5   0.0001722999
3   10   2   4   0.0009531419
3   10   2   5   -0.0000000025
3   10   3   6   0.0000000003
4   8   1   6   -0.0000000029
4   8   2   6   -0.0012673543
4   8   3   4   0.0000000017
4   8   3   5   0.0007400657
4   9   1   4   0.0000000028
4   9   1   5   0.0009531419
4   9   2   4   0.0001722999
4   9   2   5   -0.0000000025
4   9   3   6   0.0000000003
4   10   1   4   0.0040501147
4   10   1   5   0.0000000026
4   10   2   4   0.0000000026
4   10   2   5   0.0050859325
4   10   3   6   0.0075760881
5   7   1   6   0.0009039401
5   7   2   6   0.0000000000
5   7   3   4   0.0009628161
5   7   3   5   0.0000000000
5   11   1   4   0.0353458961
5   11   1   5   -0.0000000005
5   11   2   4   -0.0000000005
5   11   2   5   0.0616736848
5   11   3   6   0.0021371428
5   12   1   4   0.0000000005
5   12   1   5   -0.0355717610
5   12   2   4   0.0092389492
5   12   2   5   -0.0000000005
5   12   3   6   0.0000000000
6   7   1   6   0.0000000000
6   7   2   6   -0.0009566607
6   7   3   4   0.0000000000
6   7   3   5   -0.0010188258
6   11   1   4   0.0000000005
6   11   1   5   0.0092389492
6   11   2   4   -0.0355717610
6   11   2   5   -0.0000000005
6   11   3   6   0.0000000000
6   12   1   4   0.0616975687
6   12   1   5   0.0000000005
6   12   2   4   0.0000000005
6   12   2   5   0.0353510445
6   12   3   6   0.0021704751

End IJAB Block
Begin ABCD Block
1   4   1   4   0.2825072240
1   4   2   5   0.0117593631
1   4   3   6   0.0015553217
1   5   1   5   0.2572761444
1   5   2   4   0.0134535224
1   5   3   6   -0.0000000000
1   6   1   6   0.1862257006
1   6   3   4   0.0018400849
2   4   1   5   0.0134535224
2   4   2   4   0.2572761444
2   4   3   6   -0.0000000000
2   5   1   4   0.0117593631
2   5   2   5   0.2824800408
2   5   3   6   0.0015274136
2   6   2   6   0.1862261787
2   6   3   5   0.0018406126
3   4   1   6   0.0018400849
3   4   3   4   0.1862257006
3   5   2   6   0.0018406126
3   5   3   5   0.1862261787
3   6   1   4   0.0015553217
3   6   1   5   -0.0000000000
3   6   2   4   -0.0000000000
3   6   2   5   0.0015274136
3   6   3   6   0.1715545815

End ABCD Block
Begin AIJB Block
1   7   1   4   0.0061461844
1   7   1   5   -0.0000000001
1   7   5   6   0.0007885418
1   7   6   6   0.0000000000
1   8   2   4   0.0331533992
1   8   3   6   -0.0002800684
1   8   4   6   -0.0000000006
1   9   2   6   0.0012702099
1   9   3   4   0.0063010453
1   9   3   5   -0.0000000044
1   9   4   4   0.0000000044
1   9   4   5   0.0013588059
1   10   2   6   0.0000000029
1   10   3   4   0.0000000044
1   10   3   5   0.0005474370
1   10   4   4   0.0043947764
1   10   4   5   0.0000000044
1   11   1   6   0.0004226423
1   11   5   4   0.0390078332
1   11   5   5   -0.0000000004
1   11   6   4   0.0000000004
1   11   6   5   0.0128773320
1   12   1   6   0.0000000000
1   12   5   4   0.0000000004
1   12   5   5   -0.0300011389
1   12   6   4   0.0561316821
1   12   6   5   0.0000000004
2   7   1   4   -0.0000000001
2   7   1   5   0.0031722564
2   7   5   6   0.0000000000
2   7   6   6   -0.0007881484
2   8   2   5   0.0331533922
2   8   3   6   0.0000000006
2   8   4   6   -0.0002804960
2   9   2   6   -0.0000000029
2   9   3   4   -0.0000000044
2   9   3   5   0.0043946935
2   9   4   4   0.0005474370
2   9   4   5   -0.0000000044
2   10   2   6   0.0012701268
2   10   3   4   0.0013588059
2   10   3   5   -0.0000000044
2   10   4   4   0.0000000044
2   10   4   5   0.0063011840
2   11   1   6   0.0000000000
2   11   5   4   -0.0000000004
2   11   5   5   0.0561315659
2   11   6   4   -0.0300011389
2   11   6   5   -0.0000000004
2   12   1   6   -0.0004223846
2   12   5   4   0.0128773320
2   12   5   5   -0.0000000004
2   12   6   4   0.0000000004
2   12   6   5   0.0390079909
3   7   1   6   0.0074508670
3   7   5   4   0.0004226423
3   7   5   5   0.0000000000
3   7   6   4   0.0000000000
3   7   6   5   -0.0004223846
3   8   2   6   0.0023212506
3   8   3   4   0.0012702099
3   8   3   5   -0.0000000029
3   8   4   4   0.0000000029
3   8   4   5   0.0012701268
3   9   2   4   -0.0002800684
3   9   2   5   0.0000000006
3   9   3   6   0.0061615815
3   10   2   4   -0.0000000006
3   10   2   5   -0.0002804960
3   10   4   6   0.0061618228
3   11   1   4   0.0007885418
3   11   1   5   0.0000000000
3   11   5   6   0.0020719899
3   12   1   4   0.0000000000
3   12   1   5   -0.0007881484
3   12   6   6   0.0020711959

1   7   7   1   -0.2731197332
1   7   7   2   0.0000000008
1   7   11   3   -0.0002332108
1   7   12   3   -0.0000000000
1   8   8   1   -0.2852316641
1   8   9   3   -0.0002891938
1   8   10   3   -0.0000000007
1   9   8   3   -0.0000577076
1   9   9   1   -0.2671031325
1   9   9   2   0.0000000137
1   9   10   1   -0.0000000137
1   9   10   2   -0.0025320554
1   10   8   3   -0.0000000001
1   10   9   1   -0.0000000137
1   10   9   2   -0.0034039182
1   10   10   1   -0.2611665343
1   10   10   2   -0.0000000137
1   11   7   3   -0.0001709294
1   11   11   1   -0.2699195743
1   11   11   2   0.0000000006
1   11   12   1   -0.0000000006
1   11   12   2   0.0144469098
1   12   7   3   -0.0000000000
1   12   11   1   -0.0000000006
1   12   11   2   0.0123656913
1   12   12   1   -0.2967342732
1   12   12   2   -0.0000000006
2   7   7   1   0.0000000008
2   7   7   2   -0.2509111087
2   7   11   3   -0.0000000000
2   7   12   3   0.0002320420
2   8   8   2   -0.2852319053
2   8   9   3   0.0000000007
2   8   10   3   -0.0002893115
2   9   8   3   0.0000000001
2   9   9   1   0.0000000137
2   9   9   2   -0.2611658540
2   9   10   1   -0.0034039182
2   9   10   2   0.0000000137
2   10   8   3   -0.0000575394
2   10   9   1   -0.0025320554
2   10   9   2   0.0000000137
2   10   10   1   -0.0000000137
2   10   10   2   -0.2671028894
2   11   7   3   -0.0000000000
2   11   11   1   0.0000000006
2   11   11   2   -0.2967356142
2   11   12   1   0.0123656913
2   11   12   2   0.0000000006
2   12   7   3   0.0001729536
2   12   11   1   0.0144469098
2   12   11   2   0.0000000006
2   12   12   1   -0.0000000006
2   12   12   2   -0.2699193531
3   7   7   3   -0.1957130193
3   7   11   1   -0.0001709294
3   7   11   2   -0.0000000000
3   7   12   1   -0.0000000000
3   7   12   2   0.0001729536
3   8   8   3   -0.1903476666
3   8   9   1   -0.0000577076
3   8   9   2   0.0000000001
3   8   10   1   -0.0000000001
3   8   10   2   -0.0000575394
3   9   8   1   -0.0002891938
3   9   8   2   0.0000000007
3   9   9   3   -0.1957215699
3   9   10   3   0.0000000000
3   10   8   1   -0.0000000007
3   10   8   2   -0.0002893115
3   10   9   3   0.0000000000
3   10   10   3   -0.1957228976
3   11   7   1   -0.0002332108
3   11   7   2   -0.0000000000
3   11   11   3   -0.1899393550
3   12   7   1   -0.0000000000
3   12   7   2   0.0002320420
3   12   12   3   -0.1899394645

End AIJB Block
Begin IJKA Block
1   7   2   4   0.0000000003
1   7   2   5   -0.0030608764
1   7   3   6   0.0000000016
1   7   4   6   -0.0006466925
1   8   1   4   0.0000000016
1   8   1   5   -0.0178099215
1   8   5   6   0.0000000001
1   8   6   6   0.0011304017
1   9   1   6   0.0000000054
1   9   5   4   -0.0000000019
1   9   5   5   0.0004308482
1   9   6   4   -0.0042462780
1   9   6   5   0.0000000072
1   10   1   6   -0.0022432715
1   10   5   4   0.0007238256
1   10   5   5   0.0000000008
1   10   6   4   -0.0000000098
1   10   6   5   -0.0031185432
1   11   2   6   0.0000000000
1   11   3   4   -0.0000000642
1   11   3   5   -0.0166955850
1   11   4   4   0.0269363668
1   11   4   5   -0.0000000407
1   12   2   6   0.0005208097
1   12   3   4   -0.0390992119
1   12   3   5   0.0000000681
1   12   4   4   -0.0000000916
1   12   4   5   -0.0288688492
2   7   1   4   0.0000000003
2   7   1   5   -0.0030218867
2   7   5   6   0.0000000001
2   7   6   6   0.0025717138
2   8   2   5   -0.0000000461
2   8   4   6   -0.0000000609
2   9   2   6   -0.0000000000
2   9   3   4   -0.0000000038
2   9   3   5   0.0008139251
2   9   4   4   0.0008138881
2   9   4   5   0.0000000038
2   10   2   6   0.0000008553
2   10   3   4   0.0008139027
2   10   3   5   0.0000000038
2   10   4   4   0.0000000038
2   10   4   5   -0.0008138381
2   11   1   6   0.0000000000
2   11   5   4   0.0000000014
2   11   5   5   0.0490548301
2   11   6   4   0.0490563247
2   11   6   5   -0.0000000014
2   12   1   6   0.0004367733
2   12   5   4   0.0490547258
2   12   5   5   -0.0000000014
2   12   6   4   -0.0000000014
2   12   6   5   -0.0490563769
3   7   1   6   0.0000000013
3   7   5   4   -0.0000000016
3   7   5   5   0.0006713791
3   7   6   4   -0.0036429367
3   7   6   5   0.0000000055
3   8   3   4   0.0000000071
3   8   3   5   -0.0015315685
3   8   4   4   -0.0015314370
3   8   4   5   -0.0000000071
3   9   2   4   -0.0000000036
3   9   2   5   0.0007689527
3   9   3   6   0.0000000162
3   9   4   6   -0.0023370022
3   10   2   4   0.0007706709
3   10   2   5   0.0000000036
3   10   3   6   -0.0023353803
3   10   4   6   -0.0000000162
3   11   1   4   -0.0000000634
3   11   1   5   -0.0163270493
3   11   5   6   0.0000000002
3   11   6   6   -0.0000105024
3   12   1   4   -0.0386823938
3   12   1   5   0.0000000671
3   12   5   6   -0.0000632026
3   12   6   6   -0.0000000000
4   7   1   6   -0.0005254662
4   7   5   4   0.0006263822
4   7   5   5   0.0000000014
4   7   6   4   -0.0000000084
4   7   6   5   -0.0023662148
4   8   2   6   -0.0000004079
4   8   3   4   -0.0015315790
4   8   3   5   -0.0000000071
4   8   4   4   -0.0000000071
4   8   4   5   0.0015315470
4   9   2   4   0.0007704816
4   9   2   5   0.0000000036
4   9   3   6   -0.0023369997
4   9   4   6   -0.0000000163
4   10   2   4   0.0000000036
4   10   2   5   -0.0007690354
4   10   3   6   -0.0000000162
4   10   4   6   0.0023382888
4   11   1   4   0.0265961887
4   11   1   5   -0.0000000398
4   11   5   6   -0.0000722913
4   11   6   6   -0.0000000000
4   12   1   4   -0.0000000906
4   12   1   5   -0.0284136470
4   12   5   6   -0.0000000001
4   12   6   6   0.0000192531
5   7   2   6   0.0000000001
5   7   3   4   -0.0000000019
5   7   3   5   0.0004229653
5   7   4   4   0.0007485928
5   7   4   5   0.0000000008
5   8   1   6   0.0000000001
5   8   5   4   0.0000000006
5   8   5   5   0.0226858365
5   8   6   4   0.0226850705
5   8   6   5   -0.0000000006
5   9   1   4   -0.0000000021
5   9   1   5   0.0003311195
5   9   5   6   -0.0000000019
5   9   6   6   0.0008911693
5   10   1   4   0.0008224482
5   10   1   5   0.0000000005
5   10   5   6   0.0008364637
5   10   6   6   0.0000000020
5   11   2   4   0.0000000014
5   11   2   5   0.0501222775
5   11   3   6   -0.0000000000
5   11   4   6   0.0000118925
5   12   2   4   0.0501213726
5   12   2   5   -0.0000000014
5   12   3   6   0.0000155487
5   12   4   6   0.0000000000
6   7   2   6   0.0025486645
6   7   3   4   -0.0035237871
6   7   3   5   0.0000000055
6   7   4   4   -0.0000000082
6   7   4   5   -0.0023578328
6   8   1   6   0.0010877381
6   8   5   4   0.0226854345
6   8   5   5   -0.0000000006
6   8   6   4   -0.0000000006
6   8   6   5   -0.0226849062
6   9   1   4   -0.0041570514
6   9   1   5   0.0000000070
6   9   5   6   0.0008436452
6   9   6   6   0.0000000020
6   10   1   4   -0.0000000096
6   10   1   5   -0.0030048083
6   10   5   6   0.0000000019
6   10   6   6   -0.0008816379
6   11   2   4   0.0501235893
6   11   2   5   -0.0000000014
6   11   3   6   0.0000126039
6   11   4   6   0.0000000000
6   12   2   4   -0.0000000014
6   12   2   5   -0.0501223526
6   12   3   6   0.0000000000
6   12   4   6   -0.0000153147

End IJKA Block
Begin IABC Block
2   4   1   4   0.0000000002
2   4   1   5   -0.0172429378
2   4   2   4   -0.0172435545
2   4   2   5   -0.0000000002
2   4   3   6   0.0000000000
2   5   1   4   -0.0172570451
2   5   1   5   -0.0000000002
2   5   2   4   -0.0000000002
2   5   2   5   0.0172372273
2   5   3   6   -0.0000231509
2   6   2   6   -0.0000031356
2   6   3   5   -0.0000030107
3   4   1   6   -0.0000000026
3   4   2   6   0.0011130820
3   4   3   4   -0.0000000019
3   4   3   5   0.0008349212
3   5   1   6   0.0010532746
3   5   2   6   0.0000000024
3   5   3   4   0.0007834628
3   5   3   5   0.0000000018
3   6   1   4   -0.0000000023
3   6   1   5   0.0009926426
3   6   2   4   0.0009928503
3   6   2   5   0.0000000023
3   6   3   6   0.0000000000
4   4   1   6   0.0010977225
4   4   2   6   0.0000000026
4   4   3   4   0.0008217523
4   4   3   5   0.0000000019
4   5   1   6   0.0000000024
4   5   2   6   -0.0010385157
4   5   3   4   0.0000000018
4   5   3   5   -0.0007690703
4   6   1   4   0.0009878234
4   6   1   5   0.0000000023
4   6   2   4   0.0000000023
4   6   2   5   -0.0009949537
4   6   3   6   -0.0000060713

End IABC Block
