Begin IJ Block
1   1   -2.3865433855
2   2   -2.3523705394
2   3   0.0000000000
3   3   -2.3523705394

End IJ Block
Begin IA Block
1   3   0.0000000000
2   1   -0.0000000000
2   2   -0.0000000001
3   1   -0.0000000001
3   2   0.0000000000

End IA Block
Begin AB Block
1   1   -2.2626131027
2   2   -2.2626131027
3   3   -2.2849527192

End AB Block
Begin IJKL Block
1   4   1   4   0.4387462505
1   4   2   5   0.0159597421
1   4   3   6   0.0159597421
1   5   1   5   0.4085066766
1   5   1   6   -0.0000000000
1   5   2   4   0.0130462336
1   6   1   5   -0.0000000000
1   6   1   6   0.4085066766
1   6   3   4   0.0130462336
2   4   1   5   0.0130462336
2   4   2   4   0.4085066766
2   4   3   4   -0.0000000000
2   5   1   4   0.0159597421
2   5   2   5   0.4371312158
2   5   2   6   -0.0000000000
2   5   3   6   0.0163800546
2   6   2   5   -0.0000000000
2   6   2   6   0.4088424764
2   6   3   5   0.0119086849
3   4   1   6   0.0130462336
3   4   2   4   -0.0000000000
3   4   3   4   0.4085066766
3   5   2   6   0.0119086849
3   5   3   5   0.4088424763
3   5   3   6   -0.0000000000
3   6   1   4   0.0159597421
3   6   2   5   0.0163800546
3   6   3   5   -0.0000000000
3   6   3   6   0.4371312158

End IJKL Block
Begin IJAB Block
1   4   1   4   0.0218275079
1   4   2   5   0.0218275079
1   4   3   6   0.2438075157
1   5   1   6   0.0057353539
1   5   2   6   0.0239998713
1   5   3   4   0.0475615988
1   5   3   5   0.1990238555
1   6   1   6   -0.0239998713
1   6   2   6   0.0057353539
1   6   3   4   -0.1990238555
1   6   3   5   0.0475615988
2   4   1   6   0.0475615988
2   4   2   6   0.1990238555
2   4   3   4   0.0057353539
2   4   3   5   0.0239998713
2   5   1   4   0.0360174703
2   5   1   5   0.0534203267
2   5   2   4   0.0534203267
2   5   2   5   0.2467913729
2   5   3   6   0.0225297481
2   6   1   4   -0.0534203267
2   6   1   5   -0.0131306793
2   6   2   4   -0.1976432233
2   6   2   5   0.0534203266
3   4   1   6   -0.1990238555
3   4   2   6   0.0475615988
3   4   3   4   -0.0239998713
3   4   3   5   0.0057353539
3   5   1   4   -0.0534203267
3   5   1   5   -0.1976432233
3   5   2   4   -0.0131306793
3   5   2   5   0.0534203266
3   6   1   4   0.2467913729
3   6   1   5   -0.0534203266
3   6   2   4   -0.0534203266
3   6   2   5   0.0360174703
3   6   3   6   0.0225297481

End IJAB Block
Begin ABCD Block
1   4   1   4   0.4183113100
1   4   2   5   0.0147230198
1   4   3   6   0.0147235617
1   5   1   5   0.3869873169
1   5   2   4   0.0166009733
1   6   1   6   0.3964489718
1   6   3   4   0.0170790346
2   4   1   5   0.0166009733
2   4   2   4   0.3869873169
2   5   1   4   0.0147230198
2   5   2   5   0.4183113100
2   5   3   6   0.0147235617
2   6   2   6   0.3964489718
2   6   3   5   0.0170790346
3   4   1   6   0.0170790346
3   4   3   4   0.3964489718
3   5   2   6   0.0170790346
3   5   3   5   0.3964489718
3   6   1   4   0.0147235617
3   6   2   5   0.0147235617
3   6   3   6   0.4377413136

End ABCD Block
Begin AIJB Block
1   4   1   4   0.0229823342
1   4   2   6   0.0462937371
1   4   3   6   -0.1937184255
1   5   1   6   0.0041776469
1   5   2   4   0.0366306606
1   5   2   5   0.0502182114
1   5   3   4   -0.0502182114
1   5   3   5   -0.1916521873
1   6   1   6   -0.0174815694
1   6   2   4   -0.0502182114
1   6   2   5   -0.0064875295
1   6   3   4   0.2347703774
1   6   3   5   -0.0502182114
2   4   1   5   0.0229823342
2   4   2   6   0.1937184255
2   4   3   6   0.0462937371
2   5   1   6   0.0174815694
2   5   2   4   0.0502182114
2   5   2   5   0.2347703774
2   5   3   4   -0.0064875295
2   5   3   5   0.0502182114
2   6   1   6   0.0041776469
2   6   2   4   -0.1916521873
2   6   2   5   0.0502182114
2   6   3   4   -0.0502182114
2   6   3   5   0.0366306606
3   4   1   6   0.2350076766
3   4   2   4   0.0041776469
3   4   2   5   0.0174815694
3   4   3   4   -0.0174815694
3   4   3   5   0.0041776469
3   5   1   4   0.0462937371
3   5   1   5   0.1937184255
3   5   2   6   0.0245359782
3   6   1   4   -0.1937184255
3   6   1   5   0.0462937371
3   6   3   6   0.0245359782

1   4   4   1   -0.4039506762
1   4   5   3   -0.0027407885
1   4   6   3   0.0114689647
1   5   4   3   -0.0044674824
1   5   5   1   -0.4065743159
1   5   5   2   -0.0069810218
1   5   6   1   0.0069810218
1   5   6   2   0.0098802449
1   6   4   3   0.0186944004
1   6   5   1   0.0069810218
1   6   5   2   0.0176638997
1   6   6   1   -0.4341184605
1   6   6   2   0.0069810218
2   4   4   2   -0.4039506762
2   4   5   3   -0.0114689647
2   4   6   3   -0.0027407885
2   5   4   3   -0.0186944004
2   5   5   1   -0.0069810218
2   5   5   2   -0.4341184605
2   5   6   1   0.0176638997
2   5   6   2   -0.0069810218
2   6   4   3   -0.0044674824
2   6   5   1   0.0098802449
2   6   5   2   -0.0069810218
2   6   6   1   0.0069810218
2   6   6   2   -0.4065743159
3   4   4   3   -0.4455629870
3   4   5   1   -0.0044674824
3   4   5   2   -0.0186944004
3   4   6   1   0.0186944004
3   4   6   2   -0.0044674824
3   5   4   1   -0.0027407885
3   5   4   2   -0.0114689647
3   5   5   3   -0.4158002359
3   5   6   3   0.0000000000
3   6   4   1   0.0114689647
3   6   4   2   -0.0027407885
3   6   5   3   0.0000000000
3   6   6   3   -0.4158002359

End AIJB Block
Begin IJKA Block
1   4   1   6   0.0000000000
1   4   3   4   -0.0000000000
1   4   3   6   0.0000000000
1   5   1   4   -0.0000000000
1   5   2   6   -0.0000000000
1   5   3   6   0.0000000000
1   6   1   4   -0.0000000000
1   6   1   5   0.0000000000
1   6   2   6   0.0000000000
1   6   3   4   -0.0000000000
1   6   3   6   0.0000000000
2   4   1   4   -0.0000000000
2   4   1   5   -0.0000000000
2   4   2   6   -0.0000000001
2   4   3   6   0.0000000000
2   5   1   6   -0.0000000000
2   5   2   4   -0.0000000000
2   5   2   5   -0.0000000001
2   5   3   4   0.0000000000
2   5   3   5   0.0000000000
2   6   1   6   0.0000000000
2   6   2   4   0.0000000001
2   6   2   5   -0.0000000000
2   6   3   4   -0.0000000000
2   6   3   5   0.0000000000
3   4   1   4   -0.0000000000
3   4   1   5   0.0000000000
3   4   1   6   0.0000000000
3   4   2   6   0.0000000000
3   4   3   6   0.0000000001
3   5   1   6   0.0000000000
3   5   2   4   0.0000000000
3   5   2   5   0.0000000000
3   5   3   4   0.0000000000
3   5   3   5   0.0000000001
3   6   1   4   -0.0000000000
3   6   1   6   0.0000000000
3   6   2   4   -0.0000000000
3   6   2   5   0.0000000000
3   6   3   4   -0.0000000001
3   6   3   5   0.0000000000

End IJKA Block
Begin IABC Block
1   4   1   6   -0.0000000000
1   4   2   6   0.0000000000
1   4   3   4   -0.0000000000
1   4   3   5   0.0000000001
1   5   1   6   0.0000000000
1   5   2   6   0.0000000000
1   5   3   4   0.0000000001
1   5   3   5   0.0000000000
1   6   1   4   -0.0000000000
1   6   1   5   0.0000000000
1   6   2   4   0.0000000000
1   6   2   5   0.0000000000
1   6   3   6   -0.0000000000
2   4   1   4   -0.0000000000
2   4   1   5   0.0000000000
2   4   2   4   -0.0000000000
2   4   2   5   0.0000000001
2   4   3   6   0.0000000000
2   5   1   4   0.0000000000
2   5   1   5   0.0000000000
2   5   2   4   0.0000000001
2   5   2   5   0.0000000001
2   5   3   6   0.0000000000
2   6   1   6   0.0000000000
2   6   3   4   0.0000000000
2   6   3   5   0.0000000000
3   4   1   4   0.0000000001
3   4   1   5   -0.0000000001
3   4   2   4   -0.0000000000
3   4   2   5   0.0000000000
3   4   3   6   0.0000000000
3   5   1   4   -0.0000000001
3   5   1   5   -0.0000000000
3   5   2   4   0.0000000000
3   5   2   5   0.0000000000
3   5   3   6   -0.0000000000
3   6   1   6   0.0000000000
3   6   2   6   -0.0000000000
3   6   3   4   0.0000000000
3   6   3   5   -0.0000000000

End IABC Block
