Begin IJ Block
1   1   -4.7019373174
1   2   0.0000000213
1   3   0.1878938318
2   2   -4.5970399270
2   3   0.0000000148
3   3   -4.1826139387
4   4   -4.0205267055
5   5   -4.0205267055

End IJ Block
Begin IA Block
1   3   0.0000000159
2   3   -0.2915048312
3   3   -0.0000000218
4   1   -0.0000000201
4   2   0.0000000071
5   1   0.0000000071
5   2   0.0000000201

End IA Block
Begin AB Block
1   1   -4.0126631419
2   2   -4.0126631419
3   3   -4.1018136252

End AB Block
Begin IJKL Block
1   6   1   6   0.4719559892
1   6   1   7   -0.0000000209
1   6   1   8   -0.0287815392
1   6   2   6   -0.0000000209
1   6   2   7   0.2218893994
1   6   2   8   -0.0000000044
1   6   3   6   -0.0287815392
1   6   3   7   -0.0000000044
1   6   3   8   0.0778637670
1   6   4   9   0.0671172292
1   6   5   10   0.0671172292
1   7   1   6   -0.0000000209
1   7   1   7   0.4637436983
1   7   1   8   -0.0000000081
1   7   2   6   0.2218893994
1   7   2   7   0.0000000202
1   7   2   8   0.0736932701
1   7   3   6   -0.0000000044
1   7   3   7   0.0047295436
1   7   3   8   -0.0000000007
1   7   4   9   -0.0000000011
1   7   5   10   -0.0000000011
1   8   1   6   -0.0287815392
1   8   1   7   -0.0000000081
1   8   1   8   0.4538505539
1   8   2   6   -0.0000000044
1   8   2   7   0.0736932701
1   8   2   8   -0.0000000025
1   8   3   6   0.0778637670
1   8   3   7   -0.0000000007
1   8   3   8   -0.0182843557
1   8   4   9   0.0001192609
1   8   5   10   0.0001192609
1   9   1   9   0.4365079530
1   9   2   9   -0.0000000046
1   9   3   9   -0.0190888081
1   9   4   6   0.0671172292
1   9   4   7   -0.0000000011
1   9   4   8   0.0001192609
1   10   1   10   0.4365079530
1   10   2   10   -0.0000000046
1   10   3   10   -0.0190888081
1   10   5   6   0.0671172292
1   10   5   7   -0.0000000011
1   10   5   8   0.0001192609
2   6   1   6   -0.0000000209
2   6   1   7   0.2218893994
2   6   1   8   -0.0000000044
2   6   2   6   0.4637436983
2   6   2   7   0.0000000202
2   6   2   8   0.0047295436
2   6   3   6   -0.0000000081
2   6   3   7   0.0736932701
2   6   3   8   -0.0000000007
2   6   4   9   -0.0000000011
2   6   5   10   -0.0000000011
2   7   1   6   0.2218893994
2   7   1   7   0.0000000202
2   7   1   8   0.0736932701
2   7   2   6   0.0000000202
2   7   2   7   0.4702743127
2   7   2   8   0.0000000069
2   7   3   6   0.0736932701
2   7   3   7   0.0000000069
2   7   3   8   0.0777272224
2   7   4   9   0.0595056697
2   7   5   10   0.0595056697
2   8   1   6   -0.0000000044
2   8   1   7   0.0736932701
2   8   1   8   -0.0000000025
2   8   2   6   0.0047295436
2   8   2   7   0.0000000069
2   8   2   8   0.4486375335
2   8   3   6   -0.0000000007
2   8   3   7   0.0777272224
2   8   3   8   -0.0000000014
2   8   4   9   -0.0000000000
2   8   5   10   -0.0000000000
2   9   1   9   -0.0000000046
2   9   2   9   0.4320713424
2   9   3   9   -0.0000000021
2   9   4   6   -0.0000000011
2   9   4   7   0.0595056697
2   9   4   8   -0.0000000000
2   10   1   10   -0.0000000046
2   10   2   10   0.4320713424
2   10   3   10   -0.0000000021
2   10   5   6   -0.0000000011
2   10   5   7   0.0595056697
2   10   5   8   -0.0000000000
3   6   1   6   -0.0287815392
3   6   1   7   -0.0000000044
3   6   1   8   0.0778637670
3   6   2   6   -0.0000000081
3   6   2   7   0.0736932701
3   6   2   8   -0.0000000007
3   6   3   6   0.4538505539
3   6   3   7   -0.0000000025
3   6   3   8   -0.0182843557
3   6   4   9   0.0001192609
3   6   5   10   0.0001192609
3   7   1   6   -0.0000000044
3   7   1   7   0.0047295436
3   7   1   8   -0.0000000007
3   7   2   6   0.0736932701
3   7   2   7   0.0000000069
3   7   2   8   0.0777272224
3   7   3   6   -0.0000000025
3   7   3   7   0.4486375335
3   7   3   8   -0.0000000014
3   7   4   9   -0.0000000000
3   7   5   10   -0.0000000000
3   8   1   6   0.0778637670
3   8   1   7   -0.0000000007
3   8   1   8   -0.0182843557
3   8   2   6   -0.0000000007
3   8   2   7   0.0777272224
3   8   2   8   -0.0000000014
3   8   3   6   -0.0182843557
3   8   3   7   -0.0000000014
3   8   3   8   0.4624396075
3   8   4   9   0.0180285652
3   8   5   10   0.0180285652
3   9   1   9   -0.0190888081
3   9   2   9   -0.0000000021
3   9   3   9   0.4119852883
3   9   4   6   0.0001192609
3   9   4   7   -0.0000000000
3   9   4   8   0.0180285652
3   10   1   10   -0.0190888081
3   10   2   10   -0.0000000021
3   10   3   10   0.4119852883
3   10   5   6   0.0001192609
3   10   5   7   -0.0000000000
3   10   5   8   0.0180285652
4   6   1   9   0.0671172292
4   6   2   9   -0.0000000011
4   6   3   9   0.0001192609
4   6   4   6   0.4365079530
4   6   4   7   -0.0000000046
4   6   4   8   -0.0190888081
4   7   1   9   -0.0000000011
4   7   2   9   0.0595056697
4   7   3   9   -0.0000000000
4   7   4   6   -0.0000000046
4   7   4   7   0.4320713424
4   7   4   8   -0.0000000021
4   8   1   9   0.0001192609
4   8   2   9   -0.0000000000
4   8   3   9   0.0180285652
4   8   4   6   -0.0190888081
4   8   4   7   -0.0000000021
4   8   4   8   0.4119852883
4   9   1   6   0.0671172292
4   9   1   7   -0.0000000011
4   9   1   8   0.0001192609
4   9   2   6   -0.0000000011
4   9   2   7   0.0595056697
4   9   2   8   -0.0000000000
4   9   3   6   0.0001192609
4   9   3   7   -0.0000000000
4   9   3   8   0.0180285652
4   9   4   9   0.4298754051
4   9   5   10   0.0157153320
4   10   4   10   0.3984447410
4   10   5   9   0.0157153320
5   6   1   10   0.0671172292
5   6   2   10   -0.0000000011
5   6   3   10   0.0001192609
5   6   5   6   0.4365079530
5   6   5   7   -0.0000000046
5   6   5   8   -0.0190888081
5   7   1   10   -0.0000000011
5   7   2   10   0.0595056697
5   7   3   10   -0.0000000000
5   7   5   6   -0.0000000046
5   7   5   7   0.4320713424
5   7   5   8   -0.0000000021
5   8   1   10   0.0001192609
5   8   2   10   -0.0000000000
5   8   3   10   0.0180285652
5   8   5   6   -0.0190888081
5   8   5   7   -0.0000000021
5   8   5   8   0.4119852883
5   9   4   10   0.0157153320
5   9   5   9   0.3984447410
5   10   1   6   0.0671172292
5   10   1   7   -0.0000000011
5   10   1   8   0.0001192609
5   10   2   6   -0.0000000011
5   10   2   7   0.0595056697
5   10   2   8   -0.0000000000
5   10   3   6   0.0001192609
5   10   3   7   -0.0000000000
5   10   3   8   0.0180285652
5   10   4   9   0.0157153320
5   10   5   10   0.4298754051

End IJKL Block
Begin IJAB Block
1   6   1   4   0.0599211506
1   6   2   5   0.0599211506
1   6   3   6   0.0653499426
1   7   1   4   0.0000000007
1   7   2   5   0.0000000007
1   7   3   6   0.0000000006
1   8   1   4   0.0101376331
1   8   2   5   0.0101376331
1   8   3   6   -0.0264446819
1   9   1   6   -0.0113385634
1   9   2   6   0.0040401660
1   9   3   4   -0.0280321549
1   9   3   5   0.0099884399
1   10   1   6   0.0040401660
1   10   2   6   0.0113385634
1   10   3   4   0.0099884399
1   10   3   5   0.0280321549
2   6   1   4   0.0000000007
2   6   2   5   0.0000000007
2   6   3   6   0.0000000006
2   7   1   4   0.0712330303
2   7   2   5   0.0712330303
2   7   3   6   0.0695280656
2   8   1   4   0.0000000008
2   8   2   5   0.0000000008
2   8   3   6   -0.0000000010
2   9   1   6   -0.0000000005
2   9   2   6   0.0000000002
2   9   3   4   -0.0000000014
2   9   3   5   0.0000000005
2   10   1   6   0.0000000002
2   10   2   6   0.0000000005
2   10   3   4   0.0000000005
2   10   3   5   0.0000000014
3   6   1   4   0.0101376331
3   6   2   5   0.0101376331
3   6   3   6   -0.0264446819
3   7   1   4   0.0000000008
3   7   2   5   0.0000000008
3   7   3   6   -0.0000000010
3   8   1   4   0.0165431700
3   8   2   5   0.0165431700
3   8   3   6   0.1902051368
3   9   1   6   0.0124159927
3   9   2   6   -0.0044240765
3   9   3   4   0.1582926685
3   9   3   5   -0.0564029704
3   10   1   6   -0.0044240765
3   10   2   6   -0.0124159927
3   10   3   4   -0.0564029704
3   10   3   5   -0.1582926685
4   6   1   6   -0.0280321549
4   6   2   6   0.0099884399
4   6   3   4   -0.0113385634
4   6   3   5   0.0040401660
4   7   1   6   -0.0000000014
4   7   2   6   0.0000000005
4   7   3   4   -0.0000000005
4   7   3   5   0.0000000002
4   8   1   6   0.1582926685
4   8   2   6   -0.0564029704
4   8   3   4   0.0124159927
4   8   3   5   -0.0044240765
4   9   1   4   0.1857621838
4   9   1   5   -0.0606776471
4   9   2   4   -0.0606776471
4   9   2   5   0.0370935149
4   9   3   6   0.0180816581
4   10   1   4   -0.0606776471
4   10   1   5   -0.1548165696
4   10   2   4   0.0061479007
4   10   2   5   0.0606776471
5   6   1   6   0.0099884399
5   6   2   6   0.0280321549
5   6   3   4   0.0040401660
5   6   3   5   0.0113385634
5   7   1   6   0.0000000005
5   7   2   6   0.0000000014
5   7   3   4   0.0000000002
5   7   3   5   0.0000000005
5   8   1   6   -0.0564029704
5   8   2   6   -0.1582926685
5   8   3   4   -0.0044240765
5   8   3   5   -0.0124159927
5   9   1   4   -0.0606776471
5   9   1   5   0.0061479007
5   9   2   4   -0.1548165696
5   9   2   5   0.0606776471
5   10   1   4   0.0370935149
5   10   1   5   0.0606776471
5   10   2   4   0.0606776471
5   10   2   5   0.1857621838
5   10   3   6   0.0180816581

End IJAB Block
Begin ABCD Block
1   4   1   4   0.4426413965
1   4   2   5   0.0171345292
1   4   3   6   0.0191756193
1   5   1   5   0.4083723382
1   5   2   4   0.0171345292
1   6   1   6   0.4236128977
1   6   3   4   0.0191756193
2   4   1   5   0.0171345292
2   4   2   4   0.4083723382
2   5   1   4   0.0171345292
2   5   2   5   0.4426413965
2   5   3   6   0.0191756193
2   6   2   6   0.4236128977
2   6   3   5   0.0191756193
3   4   1   6   0.0191756193
3   4   3   4   0.4236128977
3   5   2   6   0.0191756193
3   5   3   5   0.4236128977
3   6   1   4   0.0191756193
3   6   2   5   0.0191756193
3   6   3   6   0.4784527283

End ABCD Block
Begin AIJB Block
1   6   1   4   0.0599211506
1   6   2   4   0.0000000007
1   6   3   4   0.0101376331
1   6   4   6   -0.0280321549
1   6   5   6   0.0099884399
1   7   1   4   0.0000000007
1   7   2   4   0.0712330303
1   7   3   4   0.0000000008
1   7   4   6   -0.0000000014
1   7   5   6   0.0000000005
1   8   1   4   0.0101376331
1   8   2   4   0.0000000008
1   8   3   4   0.0165431700
1   8   4   6   0.1582926685
1   8   5   6   -0.0564029704
1   9   1   6   -0.0113385634
1   9   2   6   -0.0000000005
1   9   3   6   0.0124159927
1   9   4   4   0.1857621838
1   9   4   5   -0.0606776471
1   9   5   4   -0.0606776471
1   9   5   5   0.0061479007
1   10   1   6   0.0040401660
1   10   2   6   0.0000000002
1   10   3   6   -0.0044240765
1   10   4   4   -0.0606776471
1   10   4   5   -0.1548165696
1   10   5   4   0.0370935149
1   10   5   5   0.0606776471
2   6   1   5   0.0599211506
2   6   2   5   0.0000000007
2   6   3   5   0.0101376331
2   6   4   6   0.0099884399
2   6   5   6   0.0280321549
2   7   1   5   0.0000000007
2   7   2   5   0.0712330303
2   7   3   5   0.0000000008
2   7   4   6   0.0000000005
2   7   5   6   0.0000000014
2   8   1   5   0.0101376331
2   8   2   5   0.0000000008
2   8   3   5   0.0165431700
2   8   4   6   -0.0564029704
2   8   5   6   -0.1582926685
2   9   1   6   0.0040401660
2   9   2   6   0.0000000002
2   9   3   6   -0.0044240765
2   9   4   4   -0.0606776471
2   9   4   5   0.0370935149
2   9   5   4   -0.1548165696
2   9   5   5   0.0606776471
2   10   1   6   0.0113385634
2   10   2   6   0.0000000005
2   10   3   6   -0.0124159927
2   10   4   4   0.0061479007
2   10   4   5   0.0606776471
2   10   5   4   0.0606776471
2   10   5   5   0.1857621838
3   6   1   6   0.0653499426
3   6   2   6   0.0000000006
3   6   3   6   -0.0264446819
3   6   4   4   -0.0113385634
3   6   4   5   0.0040401660
3   6   5   4   0.0040401660
3   6   5   5   0.0113385634
3   7   1   6   0.0000000006
3   7   2   6   0.0695280656
3   7   3   6   -0.0000000010
3   7   4   4   -0.0000000005
3   7   4   5   0.0000000002
3   7   5   4   0.0000000002
3   7   5   5   0.0000000005
3   8   1   6   -0.0264446819
3   8   2   6   -0.0000000010
3   8   3   6   0.1902051368
3   8   4   4   0.0124159927
3   8   4   5   -0.0044240765
3   8   5   4   -0.0044240765
3   8   5   5   -0.0124159927
3   9   1   4   -0.0280321549
3   9   1   5   0.0099884399
3   9   2   4   -0.0000000014
3   9   2   5   0.0000000005
3   9   3   4   0.1582926685
3   9   3   5   -0.0564029704
3   9   4   6   0.0180816581
3   10   1   4   0.0099884399
3   10   1   5   0.0280321549
3   10   2   4   0.0000000005
3   10   2   5   0.0000000014
3   10   3   4   -0.0564029704
3   10   3   5   -0.1582926685
3   10   5   6   0.0180816581

1   6   6   1   -0.4405334176
1   6   7   1   -0.0000000040
1   6   8   1   0.0080973226
1   6   9   3   0.0133084662
1   6   10   3   -0.0047420833
1   7   6   1   -0.0000000040
1   7   7   1   -0.4413358213
1   7   8   1   -0.0000000011
1   7   9   3   0.0000000006
1   7   10   3   -0.0000000002
1   8   6   1   0.0080973226
1   8   7   1   -0.0000000011
1   8   8   1   -0.4151978915
1   8   9   3   -0.0148846913
1   8   10   3   0.0053037251
1   9   6   3   0.0133084662
1   9   7   3   0.0000000006
1   9   8   3   -0.0148846913
1   9   9   1   -0.4309286617
1   9   9   2   0.0102357273
1   9   10   1   0.0102357273
1   9   10   2   0.0125394773
1   10   6   3   -0.0047420833
1   10   7   3   -0.0000000002
1   10   8   3   0.0053037251
1   10   9   1   0.0102357273
1   10   9   2   0.0125394773
1   10   10   1   -0.4058497071
1   10   10   2   -0.0102357273
2   6   6   2   -0.4405334176
2   6   7   2   -0.0000000040
2   6   8   2   0.0080973226
2   6   9   3   -0.0047420833
2   6   10   3   -0.0133084662
2   7   6   2   -0.0000000040
2   7   7   2   -0.4413358213
2   7   8   2   -0.0000000011
2   7   9   3   -0.0000000002
2   7   10   3   -0.0000000006
2   8   6   2   0.0080973226
2   8   7   2   -0.0000000011
2   8   8   2   -0.4151978915
2   8   9   3   0.0053037251
2   8   10   3   0.0148846913
2   9   6   3   -0.0047420833
2   9   7   3   -0.0000000002
2   9   8   3   0.0053037251
2   9   9   1   0.0102357273
2   9   9   2   -0.4058497071
2   9   10   1   0.0125394773
2   9   10   2   -0.0102357273
2   10   6   3   -0.0133084662
2   10   7   3   -0.0000000006
2   10   8   3   0.0148846913
2   10   9   1   0.0125394773
2   10   9   2   -0.0102357273
2   10   10   1   -0.0102357273
2   10   10   2   -0.4309286617
3   6   6   3   -0.4631541364
3   6   7   3   -0.0000000027
3   6   8   3   0.0307820907
3   6   9   1   0.0133084662
3   6   9   2   -0.0047420833
3   6   10   1   -0.0047420833
3   6   10   2   -0.0133084662
3   7   6   3   -0.0000000027
3   7   7   3   -0.4543138384
3   7   8   3   0.0000000005
3   7   9   1   0.0000000006
3   7   9   2   -0.0000000002
3   7   10   1   -0.0000000002
3   7   10   2   -0.0000000006
3   8   6   3   0.0307820907
3   8   7   3   0.0000000005
3   8   8   3   -0.4627416092
3   8   9   1   -0.0148846913
3   8   9   2   0.0053037251
3   8   10   1   0.0053037251
3   8   10   2   0.0148846913
3   9   6   1   0.0133084662
3   9   6   2   -0.0047420833
3   9   7   1   0.0000000006
3   9   7   2   -0.0000000002
3   9   8   1   -0.0148846913
3   9   8   2   0.0053037251
3   9   9   3   -0.4196104872
3   10   6   1   -0.0047420833
3   10   6   2   -0.0133084662
3   10   7   1   -0.0000000002
3   10   7   2   -0.0000000006
3   10   8   1   0.0053037251
3   10   8   2   0.0148846913
3   10   10   3   -0.4196104872

End AIJB Block
Begin IJKA Block
1   6   1   6   -0.0000000047
1   6   2   6   0.0288428946
1   6   3   6   0.0000000056
1   6   4   4   0.0000000057
1   6   4   5   -0.0000000020
1   6   5   4   -0.0000000020
1   6   5   5   -0.0000000057
1   7   1   6   0.0418951442
1   7   2   6   0.0000000028
1   7   3   6   -0.0696055647
1   7   4   4   -0.0640470214
1   7   4   5   0.0228212859
1   7   5   4   0.0228212859
1   7   5   5   0.0640470214
1   8   1   6   0.0000000189
1   8   2   6   -0.1931945873
1   8   3   6   0.0000000021
1   8   4   4   0.0000000004
1   8   4   5   -0.0000000001
1   8   5   4   -0.0000000001
1   8   5   5   -0.0000000004
1   9   1   4   0.0000000186
1   9   1   5   -0.0000000066
1   9   2   4   -0.1906170114
1   9   2   5   0.0679208062
1   9   3   4   0.0000000022
1   9   3   5   -0.0000000008
1   9   4   6   -0.0000000008
1   10   1   4   -0.0000000066
1   10   1   5   -0.0000000186
1   10   2   4   0.0679208062
1   10   2   5   0.1906170114
1   10   3   4   -0.0000000008
1   10   3   5   -0.0000000022
1   10   5   6   -0.0000000008
2   6   1   6   0.0288428946
2   6   2   6   0.0000000022
2   6   3   6   -0.0475410599
2   6   4   4   -0.0561634992
2   6   4   5   0.0200122230
2   6   5   4   0.0200122230
2   6   5   5   0.0561634992
2   7   1   6   0.0000000028
2   7   2   6   0.0132804904
2   7   3   6   -0.0000000054
2   7   4   4   -0.0000000054
2   7   4   5   0.0000000019
2   7   5   4   0.0000000019
2   7   5   5   0.0000000054
2   8   1   6   -0.1931945873
2   8   2   6   -0.0000000176
2   8   3   6   -0.0645853408
2   8   4   4   -0.0110039230
2   8   4   5   0.0039209267
2   8   5   4   0.0039209267
2   8   5   5   0.0110039230
2   9   1   4   -0.1906170114
2   9   1   5   0.0679208062
2   9   2   4   -0.0000000173
2   9   2   5   0.0000000062
2   9   3   4   -0.0594642526
2   9   3   5   0.0211883501
2   9   4   6   0.0103427224
2   10   1   4   0.0679208062
2   10   1   5   0.1906170114
2   10   2   4   0.0000000062
2   10   2   5   0.0000000173
2   10   3   4   0.0211883501
2   10   3   5   0.0594642526
2   10   5   6   0.0103427224
3   6   1   6   0.0000000056
3   6   2   6   -0.0475410599
3   6   3   6   -0.0000000016
3   6   4   4   0.0000000002
3   6   4   5   -0.0000000001
3   6   5   4   -0.0000000001
3   6   5   5   -0.0000000002
3   7   1   6   -0.0696055647
3   7   2   6   -0.0000000054
3   7   3   6   0.0206493399
3   7   4   4   -0.0059484762
3   7   4   5   0.0021195658
3   7   5   4   0.0021195658
3   7   5   5   0.0059484762
3   8   1   6   0.0000000021
3   8   2   6   -0.0645853408
3   8   3   6   0.0000000030
3   8   4   4   0.0000000002
3   8   4   5   -0.0000000001
3   8   5   4   -0.0000000001
3   8   5   5   -0.0000000002
3   9   1   4   0.0000000022
3   9   1   5   -0.0000000008
3   9   2   4   -0.0594642526
3   9   2   5   0.0211883501
3   9   3   4   0.0000000025
3   9   3   5   -0.0000000009
3   9   4   6   0.0000000004
3   10   1   4   -0.0000000008
3   10   1   5   -0.0000000022
3   10   2   4   0.0211883501
3   10   2   5   0.0594642526
3   10   3   4   -0.0000000009
3   10   3   5   -0.0000000025
3   10   5   6   0.0000000004
4   6   1   4   0.0000000057
4   6   1   5   -0.0000000020
4   6   2   4   -0.0561634992
4   6   2   5   0.0200122230
4   6   3   4   0.0000000002
4   6   3   5   -0.0000000001
4   6   4   6   -0.0000000023
4   7   1   4   -0.0640470214
4   7   1   5   0.0228212859
4   7   2   4   -0.0000000054
4   7   2   5   0.0000000019
4   7   3   4   -0.0059484762
4   7   3   5   0.0021195658
4   7   4   6   0.0345195928
4   8   1   4   0.0000000004
4   8   1   5   -0.0000000001
4   8   2   4   -0.0110039230
4   8   2   5   0.0039209267
4   8   3   4   0.0000000002
4   8   3   5   -0.0000000001
4   8   4   6   0.0000000043
4   9   1   6   -0.0000000008
4   9   2   6   0.0103427224
4   9   3   6   0.0000000004
4   9   4   4   0.0000000049
4   9   4   5   -0.0000000017
4   9   5   4   -0.0000000001
4   9   5   5   -0.0000000004
4   10   4   4   -0.0000000015
4   10   4   5   -0.0000000042
4   10   5   4   0.0000000004
4   10   5   5   -0.0000000001
5   6   1   4   -0.0000000020
5   6   1   5   -0.0000000057
5   6   2   4   0.0200122230
5   6   2   5   0.0561634992
5   6   3   4   -0.0000000001
5   6   3   5   -0.0000000002
5   6   5   6   -0.0000000023
5   7   1   4   0.0228212859
5   7   1   5   0.0640470214
5   7   2   4   0.0000000019
5   7   2   5   0.0000000054
5   7   3   4   0.0021195658
5   7   3   5   0.0059484762
5   7   5   6   0.0345195928
5   8   1   4   -0.0000000001
5   8   1   5   -0.0000000004
5   8   2   4   0.0039209267
5   8   2   5   0.0110039230
5   8   3   4   -0.0000000001
5   8   3   5   -0.0000000002
5   8   5   6   0.0000000043
5   9   4   4   -0.0000000001
5   9   4   5   -0.0000000004
5   9   5   4   0.0000000042
5   9   5   5   -0.0000000015
5   10   1   6   -0.0000000008
5   10   2   6   0.0103427224
5   10   3   6   0.0000000004
5   10   4   4   0.0000000004
5   10   4   5   -0.0000000001
5   10   5   4   -0.0000000017
5   10   5   5   -0.0000000049

End IJKA Block
Begin IABC Block
1   4   1   6   -0.0000000003
1   4   3   4   -0.0000000007
1   5   2   6   -0.0000000003
1   5   3   5   -0.0000000007
1   6   1   4   -0.0000000003
1   6   2   5   -0.0000000003
1   6   3   6   -0.0000000014
2   4   1   6   0.0095643964
2   4   3   4   0.0267432980
2   5   2   6   0.0095643964
2   5   3   5   0.0267432980
2   6   1   4   0.0095643964
2   6   2   5   0.0095643964
2   6   3   6   0.0387929964
3   4   1   6   -0.0000000002
3   4   3   4   -0.0000000031
3   5   2   6   -0.0000000002
3   5   3   5   -0.0000000031
3   6   1   4   -0.0000000002
3   6   2   5   -0.0000000002
3   6   3   6   -0.0000000019
4   4   1   4   -0.0000000036
4   4   1   5   0.0000000001
4   4   2   4   0.0000000011
4   4   2   5   -0.0000000003
4   4   3   6   -0.0000000001
4   5   1   4   0.0000000001
4   5   1   5   -0.0000000030
4   5   2   4   -0.0000000003
4   5   2   5   0.0000000013
4   5   3   6   0.0000000001
4   6   1   6   -0.0000000016
4   6   2   6   0.0000000006
4   6   3   4   -0.0000000001
4   6   3   5   0.0000000001
5   4   1   4   0.0000000013
5   4   1   5   0.0000000003
5   4   2   4   0.0000000030
5   4   2   5   0.0000000001
5   4   3   6   0.0000000001
5   5   1   4   0.0000000003
5   5   1   5   0.0000000011
5   5   2   4   0.0000000001
5   5   2   5   0.0000000036
5   5   3   6   0.0000000001
5   6   1   6   0.0000000006
5   6   2   6   0.0000000016
5   6   3   4   0.0000000001
5   6   3   5   0.0000000001

End IABC Block
