Begin IJ Block
1   1   -2.5332287535
2   2   -2.4099910141
3   3   -2.4099910141

End IJ Block
Begin IA Block
1   3   -0.0000000223
2   1   -0.0000000079
2   2   0.0000000202
3   1   0.0000000202
3   2   0.0000000079

End IA Block
Begin AB Block
1   1   -2.3800788448
2   2   -2.3800788448
3   3   -2.4017556829

End AB Block
Begin IJKL Block
1   4   1   4   0.4624396075
1   4   2   5   0.0180285652
1   4   3   6   0.0180285652
1   5   1   5   0.4119852883
1   5   2   4   0.0180285652
1   6   1   6   0.4119852883
1   6   3   4   0.0180285652
2   4   1   5   0.0180285652
2   4   2   4   0.4119852883
2   5   1   4   0.0180285652
2   5   2   5   0.4298754052
2   5   3   6   0.0157153320
2   6   2   6   0.3984447411
2   6   3   5   0.0157153320
3   4   1   6   0.0180285652
3   4   3   4   0.4119852883
3   5   2   6   0.0157153320
3   5   3   5   0.3984447411
3   6   1   4   0.0180285652
3   6   2   5   0.0157153320
3   6   3   6   0.4298754052

End IJKL Block
Begin IJAB Block
1   4   1   4   0.0165431700
1   4   2   5   0.0165431700
1   4   3   6   0.1902051368
1   5   1   6   0.0047919547
1   5   2   6   -0.0122787010
1   5   3   4   0.0610930852
1   5   3   5   -0.1565423231
1   6   1   6   -0.0122787010
1   6   2   6   -0.0047919547
1   6   3   4   -0.1565423231
1   6   3   5   -0.0610930852
2   4   1   6   0.0610930852
2   4   2   6   -0.1565423231
2   4   3   4   0.0047919547
2   4   3   5   -0.0122787010
2   5   1   4   0.0408386950
2   5   1   5   -0.0649964724
2   5   2   4   -0.0649964724
2   5   2   5   0.1820170037
2   5   3   6   0.0180816581
2   6   1   4   -0.0649964724
2   6   1   5   -0.0098930808
2   6   2   4   0.1510713895
2   6   2   5   0.0649964724
3   4   1   6   -0.1565423231
3   4   2   6   -0.0610930852
3   4   3   4   -0.0122787010
3   4   3   5   -0.0047919547
3   5   1   4   -0.0649964724
3   5   1   5   0.1510713895
3   5   2   4   -0.0098930808
3   5   2   5   0.0649964724
3   6   1   4   0.1820170037
3   6   1   5   0.0649964724
3   6   2   4   0.0649964724
3   6   2   5   0.0408386950
3   6   3   6   0.0180816581

End IJAB Block
Begin ABCD Block
1   4   1   4   0.4426413966
1   4   2   5   0.0171345292
1   4   3   6   0.0191756194
1   5   1   5   0.4083723382
1   5   2   4   0.0171345292
1   6   1   6   0.4236128976
1   6   3   4   0.0191756194
2   4   1   5   0.0171345292
2   4   2   4   0.4083723382
2   5   1   4   0.0171345292
2   5   2   5   0.4426413966
2   5   3   6   0.0191756194
2   6   2   6   0.4236128976
2   6   3   5   0.0191756194
3   4   1   6   0.0191756194
3   4   3   4   0.4236128976
3   5   2   6   0.0191756194
3   5   3   5   0.4236128976
3   6   1   4   0.0191756194
3   6   2   5   0.0191756194
3   6   3   6   0.4784527282

End ABCD Block
Begin AIJB Block
1   4   1   4   0.0165431700
1   4   2   6   0.0610930852
1   4   3   6   -0.1565423231
1   5   1   6   0.0047919547
1   5   2   4   0.0408386950
1   5   2   5   -0.0649964724
1   5   3   4   -0.0649964724
1   5   3   5   0.1510713895
1   6   1   6   -0.0122787010
1   6   2   4   -0.0649964724
1   6   2   5   -0.0098930808
1   6   3   4   0.1820170037
1   6   3   5   0.0649964724
2   4   1   5   0.0165431700
2   4   2   6   -0.1565423231
2   4   3   6   -0.0610930852
2   5   1   6   -0.0122787010
2   5   2   4   -0.0649964724
2   5   2   5   0.1820170037
2   5   3   4   -0.0098930808
2   5   3   5   0.0649964724
2   6   1   6   -0.0047919547
2   6   2   4   0.1510713895
2   6   2   5   0.0649964724
2   6   3   4   0.0649964724
2   6   3   5   0.0408386950
3   4   1   6   0.1902051368
3   4   2   4   0.0047919547
3   4   2   5   -0.0122787010
3   4   3   4   -0.0122787010
3   4   3   5   -0.0047919547
3   5   1   4   0.0610930852
3   5   1   5   -0.1565423231
3   5   2   6   0.0180816581
3   6   1   4   -0.1565423231
3   6   1   5   -0.0610930852
3   6   3   6   0.0180816581

1   4   4   1   -0.4151978915
1   4   5   3   -0.0057447494
1   4   6   3   0.0147201015
1   5   4   3   -0.0057447494
1   5   5   1   -0.4064814825
1   5   5   2   0.0109642710
1   5   6   1   0.0109642710
1   5   6   2   -0.0119077019
1   6   4   3   0.0147201015
1   6   5   1   0.0109642710
1   6   5   2   -0.0119077019
1   6   6   1   -0.4302968864
1   6   6   2   -0.0109642710
2   4   4   2   -0.4151978915
2   4   5   3   0.0147201015
2   4   6   3   0.0057447494
2   5   4   3   0.0147201015
2   5   5   1   0.0109642710
2   5   5   2   -0.4302968864
2   5   6   1   -0.0119077019
2   5   6   2   -0.0109642710
2   6   4   3   0.0057447494
2   6   5   1   -0.0119077019
2   6   5   2   -0.0109642710
2   6   6   1   -0.0109642710
2   6   6   2   -0.4064814825
3   4   4   3   -0.4627416092
3   4   5   1   -0.0057447494
3   4   5   2   0.0147201015
3   4   6   1   0.0147201015
3   4   6   2   0.0057447494
3   5   4   1   -0.0057447494
3   5   4   2   0.0147201015
3   5   5   3   -0.4196104871
3   6   4   1   0.0147201015
3   6   4   2   0.0057447494
3   6   6   3   -0.4196104871

End AIJB Block
Begin IJKA Block
1   4   1   6   0.0000000034
1   4   2   4   0.0000000001
1   4   2   5   -0.0000000002
1   4   3   4   -0.0000000002
1   4   3   5   -0.0000000001
1   5   1   4   0.0000000011
1   5   1   5   -0.0000000029
1   5   2   6   0.0000000004
1   6   1   4   -0.0000000029
1   6   1   5   -0.0000000011
1   6   3   6   0.0000000004
2   4   1   4   0.0000000001
2   4   1   5   -0.0000000002
2   4   2   6   0.0000000049
2   5   1   6   0.0000000004
2   5   2   4   0.0000000022
2   5   2   5   -0.0000000056
2   5   3   4   -0.0000000004
2   5   3   5   -0.0000000002
2   6   2   4   -0.0000000048
2   6   2   5   -0.0000000019
2   6   3   4   0.0000000002
2   6   3   5   -0.0000000004
3   4   1   4   -0.0000000002
3   4   1   5   -0.0000000001
3   4   3   6   0.0000000049
3   5   2   4   -0.0000000004
3   5   2   5   -0.0000000002
3   5   3   4   0.0000000019
3   5   3   5   -0.0000000048
3   6   1   6   0.0000000004
3   6   2   4   0.0000000002
3   6   2   5   -0.0000000004
3   6   3   4   -0.0000000056
3   6   3   5   -0.0000000022

End IJKA Block
Begin IABC Block
1   4   1   6   -0.0000000003
1   4   3   4   -0.0000000035
1   5   2   6   -0.0000000003
1   5   3   5   -0.0000000035
1   6   1   4   -0.0000000003
1   6   2   5   -0.0000000003
1   6   3   6   -0.0000000021
2   4   1   4   -0.0000000016
2   4   1   5   0.0000000003
2   4   2   4   0.0000000035
2   4   2   5   -0.0000000001
2   4   3   6   -0.0000000001
2   5   1   4   0.0000000003
2   5   1   5   -0.0000000013
2   5   2   4   -0.0000000001
2   5   2   5   0.0000000041
2   5   3   6   0.0000000002
2   6   1   6   -0.0000000007
2   6   2   6   0.0000000018
2   6   3   4   -0.0000000001
2   6   3   5   0.0000000002
3   4   1   4   0.0000000041
3   4   1   5   0.0000000001
3   4   2   4   0.0000000013
3   4   2   5   0.0000000003
3   4   3   6   0.0000000002
3   5   1   4   0.0000000001
3   5   1   5   0.0000000035
3   5   2   4   0.0000000003
3   5   2   5   0.0000000016
3   5   3   6   0.0000000001
3   6   1   6   0.0000000018
3   6   2   6   0.0000000007
3   6   3   4   0.0000000002
3   6   3   5   0.0000000001

End IABC Block
