Begin IJ Block
1   1   -2.2732643799
2   2   -2.2590656571
2   3   0.0000000000
3   3   -2.2590656571

End IJ Block
Begin IA Block
1   1   -0.0000000000
1   2   -0.0000000001
1   3   0.0000000003
2   1   0.0000000004
2   2   -0.0000000009
2   3   0.0000000001
3   1   -0.0000000010
3   2   -0.0000000004

End IA Block
Begin AB Block
1   1   -2.1732067425
2   2   -2.1732067425
3   3   -2.1936703060

End AB Block
Begin IJKL Block
1   4   1   4   0.4244863535
1   4   2   5   0.0164070377
1   4   3   6   0.0164070377
1   5   1   5   0.3958760056
1   5   2   4   0.0115812152
1   6   1   6   0.3958760056
1   6   3   4   0.0115812152
2   4   1   5   0.0115812152
2   4   2   4   0.3958760056
2   5   1   4   0.0164070377
2   5   2   5   0.4231177258
2   5   3   6   0.0165901154
2   6   2   6   0.3962349240
2   6   3   5   0.0102926864
3   4   1   6   0.0115812152
3   4   3   4   0.3958760056
3   5   2   6   0.0102926864
3   5   3   5   0.3962349240
3   6   1   4   0.0164070377
3   6   2   5   0.0165901154
3   6   3   6   0.4231177258

End IJKL Block
Begin IJAB Block
1   4   1   4   0.0229190676
1   4   2   5   0.0229190676
1   4   3   6   0.2683594400
1   5   1   6   -0.0027468739
1   5   2   6   -0.0253859877
1   5   3   4   -0.0240241424
1   5   3   5   -0.2220256919
1   6   1   6   0.0253859877
1   6   2   6   -0.0027468739
1   6   3   4   0.2220256919
1   6   3   5   -0.0240241424
2   4   1   6   -0.0240241424
2   4   2   6   -0.2220256919
2   4   3   4   -0.0027468739
2   4   3   5   -0.0253859877
2   5   1   4   0.0265727204
2   5   1   5   0.0269241972
2   5   2   4   0.0269241972
2   5   2   5   0.2724867479
2   5   3   6   0.0232959341
2   6   1   4   -0.0269241972
2   6   1   5   -0.0235554052
2   6   2   4   -0.2223586223
2   6   2   5   0.0269241972
3   4   1   6   0.2220256919
3   4   2   6   -0.0240241424
3   4   3   4   0.0253859877
3   4   3   5   -0.0027468739
3   5   1   4   -0.0269241972
3   5   1   5   -0.2223586223
3   5   2   4   -0.0235554052
3   5   2   5   0.0269241972
3   6   1   4   0.2724867479
3   6   1   5   -0.0269241972
3   6   2   4   -0.0269241972
3   6   2   5   0.0265727204
3   6   3   6   0.0232959341

End IJAB Block
Begin ABCD Block
1   4   1   4   0.4016571257
1   4   2   5   0.0150459095
1   4   3   6   0.0150090858
1   5   1   5   0.3703751054
1   5   2   4   0.0162361107
1   6   1   6   0.3768976813
1   6   3   4   0.0166627355
2   4   1   5   0.0162361107
2   4   2   4   0.3703751054
2   5   1   4   0.0150459095
2   5   2   5   0.4016571257
2   5   3   6   0.0150090858
2   6   2   6   0.3768976813
2   6   3   5   0.0166627355
3   4   1   6   0.0166627355
3   4   3   4   0.3768976813
3   5   2   6   0.0166627355
3   5   3   5   0.3768976813
3   6   1   4   0.0150090858
3   6   2   5   0.0150090858
3   6   3   6   0.4149806001

End ABCD Block
Begin AIJB Block
1   4   1   4   0.0240900094
1   4   2   6   -0.0232882139
1   4   3   6   0.2152244069
1   5   1   6   -0.0019765750
1   5   2   4   0.0288167942
1   5   2   5   0.0252863398
1   5   3   4   -0.0252863398
1   5   3   5   -0.2151457859
1   6   1   6   0.0182670588
1   6   2   4   -0.0252863398
1   6   2   5   -0.0158087571
1   6   3   4   0.2597713372
1   6   3   5   -0.0252863398
2   4   1   5   0.0240900094
2   4   2   6   -0.2152244069
2   4   3   6   -0.0232882139
2   5   1   6   -0.0182670588
2   5   2   4   0.0252863398
2   5   2   5   0.2597713372
2   5   3   4   -0.0158087571
2   5   3   5   0.0252863398
2   6   1   6   -0.0019765750
2   6   2   4   -0.2151457859
2   6   2   5   0.0252863398
2   6   3   4   -0.0252863398
2   6   3   5   0.0288167942
3   4   1   6   0.2569290717
3   4   2   4   -0.0019765750
3   4   2   5   -0.0182670588
3   4   3   4   0.0182670588
3   4   3   5   -0.0019765750
3   5   1   4   -0.0232882139
3   5   1   5   -0.2152244069
3   5   2   6   0.0258275990
3   6   1   4   0.2152244069
3   6   1   5   -0.0232882139
3   6   3   6   0.0258275990

1   4   4   1   -0.3893414802
1   4   5   3   0.0012319224
1   4   6   3   -0.0113851478
1   5   4   3   0.0020786565
1   5   5   1   -0.3906520284
1   5   5   2   -0.0033302075
1   5   6   1   0.0033302075
1   5   6   2   0.0114321741
1   6   4   3   -0.0192104737
1   6   5   1   0.0033302075
1   6   5   2   0.0189845080
1   6   6   1   -0.4210687105
1   6   6   2   0.0033302075
2   4   4   2   -0.3893414802
2   4   5   3   0.0113851478
2   4   6   3   0.0012319224
2   5   4   3   0.0192104737
2   5   5   1   -0.0033302075
2   5   5   2   -0.4210687105
2   5   6   1   0.0189845080
2   5   6   2   -0.0033302075
2   6   4   3   0.0020786565
2   6   5   1   0.0114321741
2   6   5   2   -0.0033302075
2   6   6   1   0.0033302075
2   6   6   2   -0.3906520284
3   4   4   3   -0.4268875655
3   4   5   1   0.0020786565
3   4   5   2   0.0192104737
3   4   6   1   -0.0192104737
3   4   6   2   0.0020786565
3   5   4   1   0.0012319224
3   5   4   2   0.0113851478
3   5   5   3   -0.3975446701
3   6   4   1   -0.0113851478
3   6   4   2   0.0012319224
3   6   6   3   -0.3975446701

End AIJB Block
Begin IJKA Block
1   4   1   5   -0.0000000000
1   4   1   6   0.0000000004
1   4   2   4   0.0000000000
1   4   2   5   -0.0000000000
1   4   2   6   0.0000000001
1   4   3   4   0.0000000000
1   4   3   5   -0.0000000000
1   5   1   4   -0.0000000000
1   5   1   5   -0.0000000003
1   5   1   6   0.0000000000
1   5   2   4   -0.0000000000
1   5   2   5   -0.0000000001
1   5   2   6   0.0000000001
1   5   3   4   0.0000000000
1   5   3   6   0.0000000001
1   6   1   4   0.0000000002
1   6   1   5   -0.0000000001
1   6   2   4   0.0000000001
1   6   2   5   -0.0000000000
1   6   2   6   0.0000000001
1   6   3   5   -0.0000000000
1   6   3   6   -0.0000000001
2   4   1   4   0.0000000000
2   4   1   5   -0.0000000001
2   4   1   6   0.0000000001
2   4   2   4   -0.0000000000
2   4   2   5   -0.0000000000
2   4   2   6   0.0000000008
2   4   3   4   0.0000000000
2   4   3   6   0.0000000005
2   5   1   4   -0.0000000000
2   5   1   5   -0.0000000001
2   5   1   6   0.0000000001
2   5   2   4   -0.0000000000
2   5   2   5   -0.0000000011
2   5   2   6   0.0000000000
2   5   3   4   -0.0000000000
2   5   3   5   -0.0000000006
2   6   1   4   0.0000000001
2   6   1   5   -0.0000000000
2   6   1   6   0.0000000001
2   6   2   4   0.0000000007
2   6   2   5   -0.0000000002
2   6   3   4   0.0000000006
2   6   3   5   0.0000000000
2   6   3   6   0.0000000000
3   4   1   4   -0.0000000000
3   4   1   5   -0.0000000000
3   4   2   4   0.0000000000
3   4   2   5   -0.0000000000
3   4   2   6   0.0000000005
3   4   3   5   -0.0000000000
3   4   3   6   -0.0000000011
3   5   1   4   0.0000000000
3   5   1   5   -0.0000000000
3   5   1   6   0.0000000001
3   5   2   4   -0.0000000000
3   5   2   5   -0.0000000006
3   5   3   4   0.0000000003
3   5   3   5   0.0000000010
3   5   3   6   0.0000000000
3   6   1   5   -0.0000000000
3   6   1   6   -0.0000000001
3   6   2   4   0.0000000006
3   6   2   5   0.0000000000
3   6   2   6   0.0000000000
3   6   3   4   -0.0000000015
3   6   3   5   0.0000000001

End IJKA Block
Begin IABC Block
1   4   1   5   0.0000000000
1   4   1   6   0.0000000001
1   4   2   4   0.0000000000
1   4   2   6   0.0000000000
1   4   3   4   0.0000000012
1   4   3   5   0.0000000003
1   4   3   6   0.0000000000
1   5   1   4   0.0000000000
1   5   1   6   0.0000000000
1   5   2   5   0.0000000000
1   5   2   6   -0.0000000001
1   5   3   4   0.0000000003
1   5   3   5   -0.0000000009
1   5   3   6   0.0000000001
1   6   1   4   0.0000000001
1   6   1   5   0.0000000000
1   6   1   6   0.0000000000
1   6   2   4   0.0000000000
1   6   2   5   -0.0000000001
1   6   2   6   0.0000000000
1   6   3   4   0.0000000000
1   6   3   5   0.0000000001
1   6   3   6   -0.0000000003
2   4   1   4   -0.0000000002
2   4   1   5   -0.0000000001
2   4   1   6   -0.0000000000
2   4   2   4   -0.0000000011
2   4   2   5   -0.0000000004
2   4   2   6   -0.0000000000
2   4   3   4   -0.0000000000
2   4   3   5   -0.0000000000
2   4   3   6   -0.0000000000
2   5   1   4   -0.0000000001
2   5   1   5   0.0000000000
2   5   1   6   -0.0000000000
2   5   2   4   -0.0000000004
2   5   2   5   0.0000000011
2   5   2   6   -0.0000000001
2   5   3   4   -0.0000000000
2   5   3   5   -0.0000000000
2   5   3   6   0.0000000000
2   6   1   4   -0.0000000000
2   6   1   5   -0.0000000000
2   6   1   6   0.0000000000
2   6   2   4   -0.0000000000
2   6   2   5   -0.0000000001
2   6   2   6   0.0000000003
2   6   3   4   -0.0000000000
2   6   3   5   0.0000000001
2   6   3   6   -0.0000000000
3   4   1   4   0.0000000015
3   4   1   5   0.0000000003
3   4   1   6   0.0000000000
3   4   2   4   -0.0000000000
3   4   2   5   -0.0000000001
3   4   2   6   0.0000000000
3   4   3   4   0.0000000000
3   4   3   5   0.0000000000
3   4   3   6   0.0000000000
3   5   1   4   0.0000000003
3   5   1   5   -0.0000000008
3   5   1   6   0.0000000001
3   5   2   4   -0.0000000001
3   5   2   5   0.0000000002
3   5   2   6   -0.0000000000
3   5   3   4   0.0000000000
3   5   3   5   -0.0000000000
3   5   3   6   0.0000000000
3   6   1   4   0.0000000000
3   6   1   5   0.0000000001
3   6   1   6   -0.0000000002
3   6   2   4   0.0000000000
3   6   2   5   -0.0000000000
3   6   2   6   0.0000000000
3   6   3   4   0.0000000000
3   6   3   5   0.0000000000

End IABC Block
